trader_id,strategy_id,instrument_id,venue_order_id,position_id,account_id,last_trade_id,type,side,quantity,time_in_force,is_reduce_only,is_quote_quantity,filled_qty,liquidity_side,avg_px,slippage,commissions,emulation_trigger,status,contingency_type,order_list_id,linked_order_ids,parent_order_id,exec_algorithm_id,exec_algorithm_params,exec_spawn_id,tags,init_id,ts_init,ts_last,trigger_price,trigger_type,expire_time_ns,trigger_instrument_id,price,is_post_only,display_qty
BACKTESTER-001,MovingAverageCrossover-MA_CROSS,EUR/USD.IDEALPRO,IDEALPRO-1-001,EUR/USD.IDEALPRO-MovingAverageCrossover-MA_CROSS,IDEALPRO-001,IDEALPRO-1-842,MARKET,SELL,100000.00,GTC,False,False,100000.00,TAKER,1.03133500000025,0.0,['2.06 USD'],NO_TRIGGER,FILLED,OTO,OL-20250102-140000-001-MA_CROSS-1,"['O-20250102-140000-001-MA_CROSS-2', 'O-20250102-140000-001-MA_CROSS-3']",,,,,['MA_CROSS'],a7e8106c-b180-48ac-9680-5de241b7aebf,1735826400000000000,1735826400000000000,,,,,,,
BACKTESTER-001,MovingAverageCrossover-MA_CROSS,EUR/USD.IDEALPRO,IDEALPRO-1-002,EUR/USD.IDEALPRO-MovingAverageCrossover-MA_CROSS,IDEALPRO-001,,STOP_MARKET,BUY,99999.99,GTC,True,False,0.00,NO_LIQUIDITY_SIDE,,,,NO_TRIGGER,CANCELED,OUO,OL-20250102-140000-001-MA_CROSS-1,['O-20250102-140000-001-MA_CROSS-3'],O-20250102-140000-001-MA_CROSS-1,,,,['MA_CROSS_SL'],d9034120-6cbd-4d2c-9fe6-011fc1052c94,1735826400000000000,1735833780000000000,1.03284,DEFAULT,,,,,
BACKTESTER-001,MovingAverageCrossover-MA_CROSS,EUR/USD.IDEALPRO,IDEALPRO-1-003,EUR/USD.IDEALPRO-MovingAverageCrossover-MA_CROSS,IDEALPRO-001,IDEALPRO-1-967,LIMIT,BUY,100000.00,GTC,True,False,100000.00,MAKER,1.0263400000000003,2.220446049250313e-16,['2.05 USD'],NO_TRIGGER,FILLED,OUO,OL-20250102-140000-001-MA_CROSS-1,['O-20250102-140000-001-MA_CROSS-2'],O-20250102-140000-001-MA_CROSS-1,,,,['MA_CROSS_TP'],3bf679e2-2e91-4ebc-8396-7451a292c79b,1735826400000000000,1735833780000000000,,,,,1.02634,True,
BACKTESTER-001,MovingAverageCrossover-MA_CROSS,EUR/USD.IDEALPRO,IDEALPRO-1-004,EUR/USD.IDEALPRO-MovingAverageCrossover-MA_CROSS,IDEALPRO-001,IDEALPRO-1-3036,MARKET,BUY,100000.00,GTC,False,False,100000.00,TAKER,1.03161499999975,0.0,['2.06 USD'],NO_TRIGGER,FILLED,OTO,OL-20250106-030000-001-MA_CROSS-2,"['O-20250106-030000-001-MA_CROSS-5', 'O-20250106-030000-001-MA_CROSS-6']",,,,,['MA_CROSS'],c7b6e424-9494-4ecf-a1b8-4a05b5bef14a,1736132400000000000,1736132400000000000,,,,,,,
BACKTESTER-001,MovingAverageCrossover-MA_CROSS,EUR/USD.IDEALPRO,IDEALPRO-1-005,EUR/USD.IDEALPRO-MovingAverageCrossover-MA_CROSS,IDEALPRO-001,,STOP_MARKET,SELL,99999.99,GTC,True,False,0.00,NO_LIQUIDITY_SIDE,,,,NO_TRIGGER,CANCELED,OUO,OL-20250106-030000-001-MA_CROSS-2,['O-20250106-030000-001-MA_CROSS-6'],O-20250106-030000-001-MA_CROSS-4,,,,['MA_CROSS_SL'],fec218fc-225d-455c-a020-9b04273fb77c,1736132400000000000,1736154660000000000,1.03011,DEFAULT,,,,,
BACKTESTER-001,MovingAverageCrossover-MA_CROSS,EUR/USD.IDEALPRO,IDEALPRO-1-006,EUR/USD.IDEALPRO-MovingAverageCrossover-MA_CROSS,IDEALPRO-001,IDEALPRO-1-3409,LIMIT,SELL,100000.00,GTC,True,False,100000.00,MAKER,1.03661,0.0,['2.07 USD'],NO_TRIGGER,FILLED,OUO,OL-20250106-030000-001-MA_CROSS-2,['O-20250106-030000-001-MA_CROSS-5'],O-20250106-030000-001-MA_CROSS-4,,,,['MA_CROSS_TP'],c99b89a7-975a-4aef-8546-11c2cb998ddd,1736132400000000000,1736154660000000000,,,,,1.03661,True,
BACKTESTER-001,MovingAverageCrossover-MA_CROSS,EUR/USD.IDEALPRO,IDEALPRO-1-007,EUR/USD.IDEALPRO-MovingAverageCrossover-MA_CROSS,IDEALPRO-001,IDEALPRO-1-5935,MARKET,SELL,100000.00,GTC,False,False,100000.00,TAKER,1.03468500000025,0.0,['2.07 USD'],NO_TRIGGER,FILLED,OTO,OL-20250108-034500-001-MA_CROSS-3,"['O-20250108-034500-001-MA_CROSS-8', 'O-20250108-034500-001-MA_CROSS-9']",,,,,['MA_CROSS'],b07ba62a-f33c-490a-bebe-0467b9b52d3e,1736307900000000000,1736307900000000000,,,,,,,
BACKTESTER-001,MovingAverageCrossover-MA_CROSS,EUR/USD.IDEALPRO,IDEALPRO-1-008,EUR/USD.IDEALPRO-MovingAverageCrossover-MA_CROSS,IDEALPRO-001,,STOP_MARKET,BUY,99999.99,GTC,True,False,0.00,NO_LIQUIDITY_SIDE,,,,NO_TRIGGER,CANCELED,OUO,OL-20250108-034500-001-MA_CROSS-3,['O-20250108-034500-001-MA_CROSS-9'],O-20250108-034500-001-MA_CROSS-7,,,,['MA_CROSS_SL'],3c52cac8-261b-4cc6-a78a-b3b7217e211c,1736307900000000000,1736335860000000000,1.03619,DEFAULT,,,,,
BACKTESTER-001,MovingAverageCrossover-MA_CROSS,EUR/USD.IDEALPRO,IDEALPRO-1-009,EUR/USD.IDEALPRO-MovingAverageCrossover-MA_CROSS,IDEALPRO-001,IDEALPRO-1-6403,LIMIT,BUY,100000.00,GTC,True,False,100000.00,MAKER,1.02969,0.0,['2.06 USD'],NO_TRIGGER,FILLED,OUO,OL-20250108-034500-001-MA_CROSS-3,['O-20250108-034500-001-MA_CROSS-8'],O-20250108-034500-001-MA_CROSS-7,,,,['MA_CROSS_TP'],7fe9684a-bd17-4a08-b83f-b963775b8dc0,1736307900000000000,1736335860000000000,,,,,1.02969,True,
BACKTESTER-001,MovingAverageCrossover-MA_CROSS,EUR/USD.IDEALPRO,IDEALPRO-1-010,EUR/USD.IDEALPRO-MovingAverageCrossover-MA_CROSS,IDEALPRO-001,IDEALPRO-1-12239,MARKET,BUY,100000.00,GTC,False,False,100000.00,TAKER,1.02534499999975,0.0,['2.05 USD'],NO_TRIGGER,FILLED,OTO,OL-20250114-134500-001-MA_CROSS-4,"['O-20250114-134500-001-MA_CROSS-11', 'O-20250114-134500-001-MA_CROSS-12']",,,,,['MA_CROSS'],7f4566b7-10da-4a60-bb82-a94ac02a7641,1736862300000000000,1736862300000000000,,,,,,,
BACKTESTER-001,MovingAverageCrossover-MA_CROSS,EUR/USD.IDEALPRO,IDEALPRO-1-011,EUR/USD.IDEALPRO-MovingAverageCrossover-MA_CROSS,IDEALPRO-001,,STOP_MARKET,SELL,99999.99,GTC,True,False,0.00,NO_LIQUIDITY_SIDE,,,,NO_TRIGGER,CANCELED,OUO,OL-20250114-134500-001-MA_CROSS-4,['O-20250114-134500-001-MA_CROSS-12'],O-20250114-134500-001-MA_CROSS-10,,,,['MA_CROSS_SL'],c0e3ec57-8ccc-499d-9c9e-c2fb96dcffa7,1736862300000000000,1736871420000000000,1.02384,DEFAULT,,,,,
BACKTESTER-001,MovingAverageCrossover-MA_CROSS,EUR/USD.IDEALPRO,IDEALPRO-1-012,EUR/USD.IDEALPRO-MovingAverageCrossover-MA_CROSS,IDEALPRO-001,IDEALPRO-1-12393,LIMIT,SELL,100000.00,GTC,True,False,100000.00,MAKER,1.03034,0.0,['2.06 USD'],NO_TRIGGER,FILLED,OUO,OL-20250114-134500-001-MA_CROSS-4,['O-20250114-134500-001-MA_CROSS-11'],O-20250114-134500-001-MA_CROSS-10,,,,['MA_CROSS_TP'],0e1be4b9-1131-46f0-9bb4-0b6acf9f9a45,1736862300000000000,1736871420000000000,,,,,1.03034,True,
BACKTESTER-001,MovingAverageCrossover-MA_CROSS,EUR/USD.IDEALPRO,IDEALPRO-1-013,EUR/USD.IDEALPRO-MovingAverageCrossover-MA_CROSS,IDEALPRO-001,IDEALPRO-1-16458,MARKET,SELL,100000.00,GTC,False,False,100000.00,TAKER,1.02956500000025,0.0,['2.06 USD'],NO_TRIGGER,FILLED,OTO,OL-20250117-124500-001-MA_CROSS-5,"['O-20250117-124500-001-MA_CROSS-14', 'O-20250117-124500-001-MA_CROSS-15']",,,,,['MA_CROSS'],a1fbebed-ab14-4fd1-9259-bae2e57f8948,1737117900000000000,1737117900000000000,,,,,,,
BACKTESTER-001,MovingAverageCrossover-MA_CROSS,EUR/USD.IDEALPRO,IDEALPRO-1-014,EUR/USD.IDEALPRO-MovingAverageCrossover-MA_CROSS,IDEALPRO-001,IDEALPRO-1-16599,STOP_MARKET,BUY,100000.00,GTC,True,False,100000.00,TAKER,1.0310749999997502,4.9999997502325755e-06,['2.06 USD'],NO_TRIGGER,FILLED,OUO,OL-20250117-124500-001-MA_CROSS-5,['O-20250117-124500-001-MA_CROSS-15'],O-20250117-124500-001-MA_CROSS-13,,,,['MA_CROSS_SL'],6482c483-a436-40b7-a334-6a3b765691eb,1737117900000000000,1737126240000000000,1.03107,DEFAULT,,,,,
BACKTESTER-001,MovingAverageCrossover-MA_CROSS,EUR/USD.IDEALPRO,IDEALPRO-1-015,EUR/USD.IDEALPRO-MovingAverageCrossover-MA_CROSS,IDEALPRO-001,,LIMIT,BUY,99999.99,GTC,True,False,0.00,NO_LIQUIDITY_SIDE,,,,NO_TRIGGER,CANCELED,OUO,OL-20250117-124500-001-MA_CROSS-5,['O-20250117-124500-001-MA_CROSS-14'],O-20250117-124500-001-MA_CROSS-13,,,,['MA_CROSS_TP'],cf28286b-c4ac-4f30-b638-318702f336c8,1737117900000000000,1737126240000000000,,,,,1.02457,True,
BACKTESTER-001,MovingAverageCrossover-MA_CROSS,EUR/USD.IDEALPRO,IDEALPRO-1-016,EUR/USD.IDEALPRO-MovingAverageCrossover-MA_CROSS,IDEALPRO-001,IDEALPRO-1-17677,MARKET,BUY,100000.00,GTC,False,False,100000.00,TAKER,1.03136499999975,0.0,['2.06 USD'],NO_TRIGGER,FILLED,OTO,OL-20250120-091500-001-MA_CROSS-6,"['O-20250120-091500-001-MA_CROSS-17', 'O-20250120-091500-001-MA_CROSS-18']",,,,,['MA_CROSS'],c3a6c824-a472-4456-a79a-84e20461a9f4,1737364500000000000,1737364500000000000,,,,,,,
BACKTESTER-001,MovingAverageCrossover-MA_CROSS,EUR/USD.IDEALPRO,IDEALPRO-1-017,EUR/USD.IDEALPRO-MovingAverageCrossover-MA_CROSS,IDEALPRO-001,,STOP_MARKET,SELL,99999.99,GTC,True,False,0.00,NO_LIQUIDITY_SIDE,,,,NO_TRIGGER,CANCELED,OUO,OL-20250120-091500-001-MA_CROSS-6,['O-20250120-091500-001-MA_CROSS-18'],O-20250120-091500-001-MA_CROSS-16,,,,['MA_CROSS_SL'],6b2ae98e-af7f-426f-92c9-bdd37dae4e05,1737364500000000000,1737379920000000000,1.02986,DEFAULT,,,,,
BACKTESTER-001,MovingAverageCrossover-MA_CROSS,EUR/USD.IDEALPRO,IDEALPRO-1-018,EUR/USD.IDEALPRO-MovingAverageCrossover-MA_CROSS,IDEALPRO-001,IDEALPRO-1-17936,LIMIT,SELL,100000.00,GTC,True,False,100000.00,MAKER,1.0363600000000002,-2.220446049250313e-16,['2.07 USD'],NO_TRIGGER,FILLED,OUO,OL-20250120-091500-001-MA_CROSS-6,['O-20250120-091500-001-MA_CROSS-17'],O-20250120-091500-001-MA_CROSS-16,,,,['MA_CROSS_TP'],88effae1-7f33-4dc5-8eda-c3afa45dbbfb,1737364500000000000,1737379920000000000,,,,,1.03636,True,
BACKTESTER-001,MovingAverageCrossover-MA_CROSS,EUR/USD.IDEALPRO,IDEALPRO-1-019,EUR/USD.IDEALPRO-MovingAverageCrossover-MA_CROSS,IDEALPRO-001,IDEALPRO-1-22316,MARKET,SELL,100000.00,GTC,False,False,100000.00,TAKER,1.0401150000002501,0.0,['2.08 USD'],NO_TRIGGER,FILLED,OTO,OL-20250123-151500-001-MA_CROSS-7,"['O-20250123-151500-001-MA_CROSS-20', 'O-20250123-151500-001-MA_CROSS-21']",,,,,['MA_CROSS'],b56e2bc7-9e00-44ba-81e5-967153ddcb6d,1737645300000000000,1737645300000000000,,,,,,,
BACKTESTER-001,MovingAverageCrossover-MA_CROSS,EUR/USD.IDEALPRO,IDEALPRO-1-020,EUR/USD.IDEALPRO-MovingAverageCrossover-MA_CROSS,IDEALPRO-001,IDEALPRO-1-22397,STOP_MARKET,BUY,100000.00,GTC,True,False,100000.00,TAKER,1.0416249999997502,4.9999997502325755e-06,['2.08 USD'],NO_TRIGGER,FILLED,OUO,OL-20250123-151500-001-MA_CROSS-7,['O-20250123-151500-001-MA_CROSS-21'],O-20250123-151500-001-MA_CROSS-19,,,,['MA_CROSS_SL'],c46b41aa-e26f-42c3-81db-abdff14c3e55,1737645300000000000,1737650040000000000,1.04162,DEFAULT,,,,,
BACKTESTER-001,MovingAverageCrossover-MA_CROSS,EUR/USD.IDEALPRO,IDEALPRO-1-021,EUR/USD.IDEALPRO-MovingAverageCrossover-MA_CROSS,IDEALPRO-001,,LIMIT,BUY,99999.99,GTC,True,False,0.00,NO_LIQUIDITY_SIDE,,,,NO_TRIGGER,CANCELED,OUO,OL-20250123-151500-001-MA_CROSS-7,['O-20250123-151500-001-MA_CROSS-20'],O-20250123-151500-001-MA_CROSS-19,,,,['MA_CROSS_TP'],d4ab42d6-6209-4768-a364-24ad011c809b,1737645300000000000,1737650040000000000,,,,,1.03512,True,
BACKTESTER-001,MovingAverageCrossover-MA_CROSS,EUR/USD.IDEALPRO,IDEALPRO-1-022,EUR/USD.IDEALPRO-MovingAverageCrossover-MA_CROSS,IDEALPRO-001,IDEALPRO-1-22485,MARKET,BUY,100000.00,GTC,False,False,100000.00,TAKER,1.04354499999975,0.0,['2.09 USD'],NO_TRIGGER,FILLED,OTO,OL-20250123-180000-001-MA_CROSS-8,"['O-20250123-180000-001-MA_CROSS-23', 'O-20250123-180000-001-MA_CROSS-24']",,,,,['MA_CROSS'],548f62e1-0b54-4660-8429-1b92717c61a3,1737655200000000000,1737655200000000000,,,,,,,
BACKTESTER-001,MovingAverageCrossover-MA_CROSS,EUR/USD.IDEALPRO,IDEALPRO-1-023,EUR/USD.IDEALPRO-MovingAverageCrossover-MA_CROSS,IDEALPRO-001,IDEALPRO-1-22565,STOP_MARKET,SELL,100000.00,GTC,True,False,100000.00,TAKER,1.04203500000025,4.999999750010531e-06,['2.08 USD'],NO_TRIGGER,FILLED,OUO,OL-20250123-180000-001-MA_CROSS-8,['O-20250123-180000-001-MA_CROSS-24'],O-20250123-180000-001-MA_CROSS-22,,,,['MA_CROSS_SL'],c9836cdb-903f-465c-81ec-dbce38c931d0,1737655200000000000,1737659880000000000,1.04204,DEFAULT,,,,,
BACKTESTER-001,MovingAverageCrossover-MA_CROSS,EUR/USD.IDEALPRO,IDEALPRO-1-024,EUR/USD.IDEALPRO-MovingAverageCrossover-MA_CROSS,IDEALPRO-001,,LIMIT,SELL,99999.99,GTC,True,False,0.00,NO_LIQUIDITY_SIDE,,,,NO_TRIGGER,CANCELED,OUO,OL-20250123-180000-001-MA_CROSS-8,['O-20250123-180000-001-MA_CROSS-23'],O-20250123-180000-001-MA_CROSS-22,,,,['MA_CROSS_TP'],cf21ab2e-e901-479d-aabb-5da88bc5dc41,1737655200000000000,1737659880000000000,,,,,1.04854,True,
BACKTESTER-001,MovingAverageCrossover-MA_CROSS,EUR/USD.IDEALPRO,IDEALPRO-1-025,EUR/USD.IDEALPRO-MovingAverageCrossover-MA_CROSS,IDEALPRO-001,IDEALPRO-1-26149,MARKET,SELL,100000.00,GTC,False,False,100000.00,TAKER,1.04314500000025,0.0,['2.09 USD'],NO_TRIGGER,FILLED,OTO,OL-20250128-074500-001-MA_CROSS-9,"['O-20250128-074500-001-MA_CROSS-26', 'O-20250128-074500-001-MA_CROSS-27']",,,,,['MA_CROSS'],63102d17-94ba-4cad-9d27-2b1dbe1d0196,1738050300000000000,1738050300000000000,,,,,,,
BACKTESTER-001,MovingAverageCrossover-MA_CROSS,EUR/USD.IDEALPRO,IDEALPRO-1-026,EUR/USD.IDEALPRO-MovingAverageCrossover-MA_CROSS,IDEALPRO-001,IDEALPRO-1-29374,STOP_MARKET,BUY,100000.00,GTC,True,False,100000.00,TAKER,1.04465499999975,4.999999750010531e-06,['2.09 USD'],NO_TRIGGER,FILLED,OUO,OL-20250128-074500-001-MA_CROSS-9,['O-20250128-074500-001-MA_CROSS-27'],O-20250128-074500-001-MA_CROSS-25,,,,['MA_CROSS_SL'],7591146c-d99f-41ae-b4d4-8de4a4d6c834,1738050300000000000,1738245480000000000,1.04465,DEFAULT,,,,,
BACKTESTER-001,MovingAverageCrossover-MA_CROSS,EUR/USD.IDEALPRO,IDEALPRO-1-027,EUR/USD.IDEALPRO-MovingAverageCrossover-MA_CROSS,IDEALPRO-001,,LIMIT,BUY,99999.99,GTC,True,False,0.00,NO_LIQUIDITY_SIDE,,,,NO_TRIGGER,CANCELED,OUO,OL-20250128-074500-001-MA_CROSS-9,['O-20250128-074500-001-MA_CROSS-26'],O-20250128-074500-001-MA_CROSS-25,,,,['MA_CROSS_TP'],34ee6da0-a062-43f6-810e-0775b72821fa,1738050300000000000,1738245480000000000,,,,,1.03815,True,
BACKTESTER-001,MovingAverageCrossover-MA_CROSS,EUR/USD.IDEALPRO,IDEALPRO-1-028,EUR/USD.IDEALPRO-MovingAverageCrossover-MA_CROSS,IDEALPRO-001,IDEALPRO-1-33758,MARKET,BUY,100000.00,GTC,False,False,100000.00,TAKER,1.03794499999975,0.0,['2.08 USD'],NO_TRIGGER,FILLED,OTO,OL-20250204-154500-001-MA_CROSS-10,"['O-20250204-154500-001-MA_CROSS-29', 'O-20250204-154500-001-MA_CROSS-30']",,,,,['MA_CROSS'],b7635282-6f22-4949-be45-585539bb8025,1738683900000000000,1738683900000000000,,,,,,,
BACKTESTER-001,MovingAverageCrossover-MA_CROSS,EUR/USD.IDEALPRO,IDEALPRO-1-029,EUR/USD.IDEALPRO-MovingAverageCrossover-MA_CROSS,IDEALPRO-001,,STOP_MARKET,SELL,99999.99,GTC,True,False,0.00,NO_LIQUIDITY_SIDE,,,,NO_TRIGGER,CANCELED,OUO,OL-20250204-154500-001-MA_CROSS-10,['O-20250204-154500-001-MA_CROSS-30'],O-20250204-154500-001-MA_CROSS-28,,,,['MA_CROSS_SL'],cefae8ab-a3b3-49d1-bd0f-a320d0b02129,1738683900000000000,1738751940000000000,1.03644,DEFAULT,,,,,
BACKTESTER-001,MovingAverageCrossover-MA_CROSS,EUR/USD.IDEALPRO,IDEALPRO-1-030,EUR/USD.IDEALPRO-MovingAverageCrossover-MA_CROSS,IDEALPRO-001,IDEALPRO-1-34879,LIMIT,SELL,100000.00,GTC,True,False,100000.00,MAKER,1.0429400000000002,-2.220446049250313e-16,['2.09 USD'],NO_TRIGGER,FILLED,OUO,OL-20250204-154500-001-MA_CROSS-10,['O-20250204-154500-001-MA_CROSS-29'],O-20250204-154500-001-MA_CROSS-28,,,,['MA_CROSS_TP'],e29a9604-371c-4391-95d3-8e1d1f2e9fad,1738683900000000000,1738751940000000000,,,,,1.04294,True,
BACKTESTER-001,MovingAverageCrossover-MA_CROSS,EUR/USD.IDEALPRO,IDEALPRO-1-031,EUR/USD.IDEALPRO-MovingAverageCrossover-MA_CROSS,IDEALPRO-001,IDEALPRO-1-36612,MARKET,SELL,100000.00,GTC,False,False,100000.00,TAKER,1.03664500000025,0.0,['2.07 USD'],NO_TRIGGER,FILLED,OTO,OL-20250206-154500-001-MA_CROSS-11,"['O-20250206-154500-001-MA_CROSS-32', 'O-20250206-154500-001-MA_CROSS-33']",,,,,['MA_CROSS'],33dca840-b156-4180-bca9-01b8c74d0c78,1738856700000000000,1738856700000000000,,,,,,,
BACKTESTER-001,MovingAverageCrossover-MA_CROSS,EUR/USD.IDEALPRO,IDEALPRO-1-032,EUR/USD.IDEALPRO-MovingAverageCrossover-MA_CROSS,IDEALPRO-001,IDEALPRO-1-36754,STOP_MARKET,BUY,100000.00,GTC,True,False,100000.00,TAKER,1.03815499999975,4.999999750010531e-06,['2.08 USD'],NO_TRIGGER,FILLED,OUO,OL-20250206-154500-001-MA_CROSS-11,['O-20250206-154500-001-MA_CROSS-33'],O-20250206-154500-001-MA_CROSS-31,,,,['MA_CROSS_SL'],0f0db59f-a33c-4e66-baa1-526b9d3c7b36,1738856700000000000,1738865100000000000,1.03815,DEFAULT,,,,,
BACKTESTER-001,MovingAverageCrossover-MA_CROSS,EUR/USD.IDEALPRO,IDEALPRO-1-033,EUR/USD.IDEALPRO-MovingAverageCrossover-MA_CROSS,IDEALPRO-001,,LIMIT,BUY,99999.99,GTC,True,False,0.00,NO_LIQUIDITY_SIDE,,,,NO_TRIGGER,CANCELED,OUO,OL-20250206-154500-001-MA_CROSS-11,['O-20250206-154500-001-MA_CROSS-32'],O-20250206-154500-001-MA_CROSS-31,,,,['MA_CROSS_TP'],28c7b444-765b-4b8a-b2d4-4952b08b1a61,1738856700000000000,1738865100000000000,,,,,1.03165,True,
BACKTESTER-001,MovingAverageCrossover-MA_CROSS,EUR/USD.IDEALPRO,IDEALPRO-1-034,EUR/USD.IDEALPRO-MovingAverageCrossover-MA_CROSS,IDEALPRO-001,IDEALPRO-1-37111,MARKET,BUY,100000.00,GTC,False,False,100000.00,TAKER,1.0387649999997501,0.0,['2.08 USD'],NO_TRIGGER,FILLED,OTO,OL-20250207-001500-001-MA_CROSS-12,"['O-20250207-001500-001-MA_CROSS-35', 'O-20250207-001500-001-MA_CROSS-36']",,,,,['MA_CROSS'],f5bfcd8d-38a9-4d18-bf33-e061fe110a9a,1738887300000000000,1738887300000000000,,,,,,,
BACKTESTER-001,MovingAverageCrossover-MA_CROSS,EUR/USD.IDEALPRO,IDEALPRO-1-035,EUR/USD.IDEALPRO-MovingAverageCrossover-MA_CROSS,IDEALPRO-001,,STOP_MARKET,SELL,99999.99,GTC,True,False,0.00,NO_LIQUIDITY_SIDE,,,,NO_TRIGGER,CANCELED,OUO,OL-20250207-001500-001-MA_CROSS-12,['O-20250207-001500-001-MA_CROSS-36'],O-20250207-001500-001-MA_CROSS-34,,,,['MA_CROSS_SL'],d5927d73-9be2-4ec0-bbca-c5be16ac8dc9,1738887300000000000,1738906200000000000,1.03726,DEFAULT,,,,,
BACKTESTER-001,MovingAverageCrossover-MA_CROSS,EUR/USD.IDEALPRO,IDEALPRO-1-036,EUR/USD.IDEALPRO-MovingAverageCrossover-MA_CROSS,IDEALPRO-001,,LIMIT,SELL,99999.99,GTC,True,False,0.00,NO_LIQUIDITY_SIDE,,,,NO_TRIGGER,CANCELED,OUO,OL-20250207-001500-001-MA_CROSS-12,['O-20250207-001500-001-MA_CROSS-35'],O-20250207-001500-001-MA_CROSS-34,,,,['MA_CROSS_TP'],2ab845c9-4b02-4270-b8a3-dd7dd20cd59d,1738887300000000000,1738906200000000000,,,,,1.04376,True,
BACKTESTER-001,MovingAverageCrossover-MA_CROSS,EUR/USD.IDEALPRO,IDEALPRO-1-037,EUR/USD.IDEALPRO-MovingAverageCrossover-MA_CROSS,IDEALPRO-001,IDEALPRO-1-37428,MARKET,SELL,100000.00,GTC,True,False,100000.00,TAKER,1.0378550000002502,0.0,['2.08 USD'],NO_TRIGGER,FILLED,NO_CONTINGENCY,,,,,,,,a8528fd8-9d42-431e-afce-7511c0e11952,1738906200000000000,1738906200000000000,,,,,,,
BACKTESTER-001,MovingAverageCrossover-MA_CROSS,EUR/USD.IDEALPRO,IDEALPRO-1-038,EUR/USD.IDEALPRO-MovingAverageCrossover-MA_CROSS,IDEALPRO-001,IDEALPRO-1-41165,MARKET,BUY,100000.00,GTC,False,False,100000.00,TAKER,1.0361849999997501,0.0,['2.07 USD'],NO_TRIGGER,FILLED,OTO,OL-20250211-201500-001-MA_CROSS-13,"['O-20250211-201500-001-MA_CROSS-39', 'O-20250211-201500-001-MA_CROSS-40']",,,,,['MA_CROSS'],71119b07-eb70-49f1-b525-0503afa76eb4,1739304900000000000,1739304900000000000,,,,,,,
BACKTESTER-001,MovingAverageCrossover-MA_CROSS,EUR/USD.IDEALPRO,IDEALPRO-1-039,EUR/USD.IDEALPRO-MovingAverageCrossover-MA_CROSS,IDEALPRO-001,IDEALPRO-1-42188,STOP_MARKET,SELL,100000.00,GTC,True,False,100000.00,TAKER,1.03467500000025,4.999999750010531e-06,['2.07 USD'],NO_TRIGGER,FILLED,OUO,OL-20250211-201500-001-MA_CROSS-13,['O-20250211-201500-001-MA_CROSS-40'],O-20250211-201500-001-MA_CROSS-38,,,,['MA_CROSS_SL'],980ce33c-3913-4b35-b1b7-c456477c540e,1739304900000000000,1739367060000000000,1.03468,DEFAULT,,,,,
BACKTESTER-001,MovingAverageCrossover-MA_CROSS,EUR/USD.IDEALPRO,IDEALPRO-1-040,EUR/USD.IDEALPRO-MovingAverageCrossover-MA_CROSS,IDEALPRO-001,,LIMIT,SELL,99999.99,GTC,True,False,0.00,NO_LIQUIDITY_SIDE,,,,NO_TRIGGER,CANCELED,OUO,OL-20250211-201500-001-MA_CROSS-13,['O-20250211-201500-001-MA_CROSS-39'],O-20250211-201500-001-MA_CROSS-38,,,,['MA_CROSS_TP'],e80d28f9-d3d8-42ee-abf7-94670687f91f,1739304900000000000,1739367060000000000,,,,,1.04118,True,
BACKTESTER-001,MovingAverageCrossover-MA_CROSS,EUR/USD.IDEALPRO,IDEALPRO-1-041,EUR/USD.IDEALPRO-MovingAverageCrossover-MA_CROSS,IDEALPRO-001,IDEALPRO-1-47574,MARKET,SELL,100000.00,GTC,False,False,100000.00,TAKER,1.04568500000025,0.0,['2.09 USD'],NO_TRIGGER,FILLED,OTO,OL-20250218-081500-001-MA_CROSS-14,"['O-20250218-081500-001-MA_CROSS-42', 'O-20250218-081500-001-MA_CROSS-43']",,,,,['MA_CROSS'],ef8570f1-e5b7-4759-b80a-8a8695fdc984,1739866500000000000,1739866500000000000,,,,,,,
BACKTESTER-001,MovingAverageCrossover-MA_CROSS,EUR/USD.IDEALPRO,IDEALPRO-1-042,EUR/USD.IDEALPRO-MovingAverageCrossover-MA_CROSS,IDEALPRO-001,,STOP_MARKET,BUY,99999.99,GTC,True,False,0.00,NO_LIQUIDITY_SIDE,,,,NO_TRIGGER,CANCELED,OUO,OL-20250218-081500-001-MA_CROSS-14,['O-20250218-081500-001-MA_CROSS-43'],O-20250218-081500-001-MA_CROSS-41,,,,['MA_CROSS_SL'],919251db-40c6-43fe-ac3d-99c1c8aa005c,1739866500000000000,1739982060000000000,1.04719,DEFAULT,,,,,
BACKTESTER-001,MovingAverageCrossover-MA_CROSS,EUR/USD.IDEALPRO,IDEALPRO-1-043,EUR/USD.IDEALPRO-MovingAverageCrossover-MA_CROSS,IDEALPRO-001,IDEALPRO-1-49487,LIMIT,BUY,100000.00,GTC,True,False,100000.00,MAKER,1.04069,0.0,['2.08 USD'],NO_TRIGGER,FILLED,OUO,OL-20250218-081500-001-MA_CROSS-14,['O-20250218-081500-001-MA_CROSS-42'],O-20250218-081500-001-MA_CROSS-41,,,,['MA_CROSS_TP'],2c81baf2-b0f4-4e63-9e78-b5f8b8815b3a,1739866500000000000,1739982060000000000,,,,,1.04069,True,
BACKTESTER-001,MovingAverageCrossover-MA_CROSS,EUR/USD.IDEALPRO,IDEALPRO-1-044,EUR/USD.IDEALPRO-MovingAverageCrossover-MA_CROSS,IDEALPRO-001,IDEALPRO-1-50968,MARKET,BUY,100000.00,GTC,False,False,100000.00,TAKER,1.04842499999975,0.0,['2.10 USD'],NO_TRIGGER,FILLED,OTO,OL-20250220-171500-001-MA_CROSS-15,"['O-20250220-171500-001-MA_CROSS-45', 'O-20250220-171500-001-MA_CROSS-46']",,,,,['MA_CROSS'],83e36aed-ff38-4378-a5b8-97cb1322bbd6,1740071700000000000,1740071700000000000,,,,,,,
BACKTESTER-001,MovingAverageCrossover-MA_CROSS,EUR/USD.IDEALPRO,IDEALPRO-1-045,EUR/USD.IDEALPRO-MovingAverageCrossover-MA_CROSS,IDEALPRO-001,IDEALPRO-1-51857,STOP_MARKET,SELL,100000.00,GTC,True,False,100000.00,TAKER,1.0469150000002503,4.999999749788486e-06,['2.09 USD'],NO_TRIGGER,FILLED,OUO,OL-20250220-171500-001-MA_CROSS-15,['O-20250220-171500-001-MA_CROSS-46'],O-20250220-171500-001-MA_CROSS-44,,,,['MA_CROSS_SL'],eb08910c-d174-4092-9d43-a2555f17c026,1740071700000000000,1740125820000000000,1.04692,DEFAULT,,,,,
BACKTESTER-001,MovingAverageCrossover-MA_CROSS,EUR/USD.IDEALPRO,IDEALPRO-1-046,EUR/USD.IDEALPRO-MovingAverageCrossover-MA_CROSS,IDEALPRO-001,,LIMIT,SELL,99999.99,GTC,True,False,0.00,NO_LIQUIDITY_SIDE,,,,NO_TRIGGER,CANCELED,OUO,OL-20250220-171500-001-MA_CROSS-15,['O-20250220-171500-001-MA_CROSS-45'],O-20250220-171500-001-MA_CROSS-44,,,,['MA_CROSS_TP'],0ca381b9-d7b5-4a25-aed6-528e9f9c1fed,1740071700000000000,1740125820000000000,,,,,1.05342,True,
BACKTESTER-001,MovingAverageCrossover-MA_CROSS,EUR/USD.IDEALPRO,IDEALPRO-1-047,EUR/USD.IDEALPRO-MovingAverageCrossover-MA_CROSS,IDEALPRO-001,IDEALPRO-1-53972,MARKET,SELL,100000.00,GTC,False,False,100000.00,TAKER,1.04746500000025,0.0,['2.09 USD'],NO_TRIGGER,FILLED,OTO,OL-20250224-194500-001-MA_CROSS-16,"['O-20250224-194500-001-MA_CROSS-48', 'O-20250224-194500-001-MA_CROSS-49']",,,,,['MA_CROSS'],4b8b04dc-bc49-4619-ba6c-af4a9158c6e6,1740426300000000000,1740426300000000000,,,,,,,
BACKTESTER-001,MovingAverageCrossover-MA_CROSS,EUR/USD.IDEALPRO,IDEALPRO-1-048,EUR/USD.IDEALPRO-MovingAverageCrossover-MA_CROSS,IDEALPRO-001,IDEALPRO-1-54935,STOP_MARKET,BUY,100000.00,GTC,True,False,100000.00,TAKER,1.04897499999975,4.999999750010531e-06,['2.10 USD'],NO_TRIGGER,FILLED,OUO,OL-20250224-194500-001-MA_CROSS-16,['O-20250224-194500-001-MA_CROSS-49'],O-20250224-194500-001-MA_CROSS-47,,,,['MA_CROSS_SL'],3117791e-87f7-4cc6-9b31-ae001d439e20,1740426300000000000,1740484860000000000,1.04897,DEFAULT,,,,,
BACKTESTER-001,MovingAverageCrossover-MA_CROSS,EUR/USD.IDEALPRO,IDEALPRO-1-049,EUR/USD.IDEALPRO-MovingAverageCrossover-MA_CROSS,IDEALPRO-001,,LIMIT,BUY,99999.99,GTC,True,False,0.00,NO_LIQUIDITY_SIDE,,,,NO_TRIGGER,CANCELED,OUO,OL-20250224-194500-001-MA_CROSS-16,['O-20250224-194500-001-MA_CROSS-48'],O-20250224-194500-001-MA_CROSS-47,,,,['MA_CROSS_TP'],b8ccc9ef-2f14-4fe5-b8ad-e80ba4ffa5a3,1740426300000000000,1740484860000000000,,,,,1.04247,True,
BACKTESTER-001,MovingAverageCrossover-MA_CROSS,EUR/USD.IDEALPRO,IDEALPRO-1-050,EUR/USD.IDEALPRO-MovingAverageCrossover-MA_CROSS,IDEALPRO-001,IDEALPRO-1-55131,MARKET,BUY,100000.00,GTC,False,False,100000.00,TAKER,1.0513149999997502,0.0,['2.10 USD'],NO_TRIGGER,FILLED,OTO,OL-20250225-151500-001-MA_CROSS-17,"['O-20250225-151500-001-MA_CROSS-51', 'O-20250225-151500-001-MA_CROSS-52']",,,,,['MA_CROSS'],a7692ef0-00d9-491a-98f5-ac2640b10371,1740496500000000000,1740496500000000000,,,,,,,
BACKTESTER-001,MovingAverageCrossover-MA_CROSS,EUR/USD.IDEALPRO,IDEALPRO-1-051,EUR/USD.IDEALPRO-MovingAverageCrossover-MA_CROSS,IDEALPRO-001,IDEALPRO-1-55174,STOP_MARKET,SELL,100000.00,GTC,True,False,100000.00,TAKER,1.04980500000025,4.999999750010531e-06,['2.10 USD'],NO_TRIGGER,FILLED,OUO,OL-20250225-151500-001-MA_CROSS-17,['O-20250225-151500-001-MA_CROSS-52'],O-20250225-151500-001-MA_CROSS-50,,,,['MA_CROSS_SL'],77be12ef-d35d-4530-a6db-2e31532e0381,1740496500000000000,1740498960000000000,1.04981,DEFAULT,,,,,
BACKTESTER-001,MovingAverageCrossover-MA_CROSS,EUR/USD.IDEALPRO,IDEALPRO-1-052,EUR/USD.IDEALPRO-MovingAverageCrossover-MA_CROSS,IDEALPRO-001,,LIMIT,SELL,99999.99,GTC,True,False,0.00,NO_LIQUIDITY_SIDE,,,,NO_TRIGGER,CANCELED,OUO,OL-20250225-151500-001-MA_CROSS-17,['O-20250225-151500-001-MA_CROSS-51'],O-20250225-151500-001-MA_CROSS-50,,,,['MA_CROSS_TP'],e185d444-06c6-43d9-9265-6e9341e8add5,1740496500000000000,1740498960000000000,,,,,1.05631,True,
BACKTESTER-001,MovingAverageCrossover-MA_CROSS,EUR/USD.IDEALPRO,IDEALPRO-1-053,EUR/USD.IDEALPRO-MovingAverageCrossover-MA_CROSS,IDEALPRO-001,IDEALPRO-1-57295,MARKET,SELL,100000.00,GTC,False,False,100000.00,TAKER,1.04721500000025,0.0,['2.09 USD'],NO_TRIGGER,FILLED,OTO,OL-20250227-034500-001-MA_CROSS-18,"['O-20250227-034500-001-MA_CROSS-54', 'O-20250227-034500-001-MA_CROSS-55']",,,,,['MA_CROSS'],fe1a07f9-7b99-479d-8c6a-469c8901a790,1740627900000000000,1740627900000000000,,,,,,,
BACKTESTER-001,MovingAverageCrossover-MA_CROSS,EUR/USD.IDEALPRO,IDEALPRO-1-054,EUR/USD.IDEALPRO-MovingAverageCrossover-MA_CROSS,IDEALPRO-001,IDEALPRO-1-57737,STOP_MARKET,BUY,100000.00,GTC,True,False,100000.00,TAKER,1.04872499999975,4.999999750010531e-06,['2.10 USD'],NO_TRIGGER,FILLED,OUO,OL-20250227-034500-001-MA_CROSS-18,['O-20250227-034500-001-MA_CROSS-55'],O-20250227-034500-001-MA_CROSS-53,,,,['MA_CROSS_SL'],91ce0e4c-dd2a-4afa-b036-f77010fb63cc,1740627900000000000,1740654300000000000,1.04872,DEFAULT,,,,,
BACKTESTER-001,MovingAverageCrossover-MA_CROSS,EUR/USD.IDEALPRO,IDEALPRO-1-055,EUR/USD.IDEALPRO-MovingAverageCrossover-MA_CROSS,IDEALPRO-001,,LIMIT,BUY,99999.99,GTC,True,False,0.00,NO_LIQUIDITY_SIDE,,,,NO_TRIGGER,CANCELED,OUO,OL-20250227-034500-001-MA_CROSS-18,['O-20250227-034500-001-MA_CROSS-54'],O-20250227-034500-001-MA_CROSS-53,,,,['MA_CROSS_TP'],2abcae7b-36da-4e61-9021-999f9a2c8c3f,1740627900000000000,1740654300000000000,,,,,1.04222,True,
BACKTESTER-001,MovingAverageCrossover-MA_CROSS,EUR/USD.IDEALPRO,IDEALPRO-1-056,EUR/USD.IDEALPRO-MovingAverageCrossover-MA_CROSS,IDEALPRO-001,IDEALPRO-1-60794,MARKET,BUY,100000.00,GTC,False,False,100000.00,TAKER,1.0484649999997502,0.0,['2.10 USD'],NO_TRIGGER,FILLED,OTO,OL-20250303-143000-001-MA_CROSS-19,"['O-20250303-143000-001-MA_CROSS-57', 'O-20250303-143000-001-MA_CROSS-58']",,,,,['MA_CROSS'],910ece6a-afab-4111-b6ce-fd23251ad3db,1741012200000000000,1741012200000000000,,,,,,,
BACKTESTER-001,MovingAverageCrossover-MA_CROSS,EUR/USD.IDEALPRO,IDEALPRO-1-057,EUR/USD.IDEALPRO-MovingAverageCrossover-MA_CROSS,IDEALPRO-001,IDEALPRO-1-61127,STOP_MARKET,SELL,100000.00,GTC,True,False,100000.00,TAKER,1.04695500000025,4.999999749788486e-06,['2.09 USD'],NO_TRIGGER,FILLED,OUO,OL-20250303-143000-001-MA_CROSS-19,['O-20250303-143000-001-MA_CROSS-58'],O-20250303-143000-001-MA_CROSS-56,,,,['MA_CROSS_SL'],d451ca4d-f5d6-476e-8775-74fef6326b97,1741012200000000000,1741032060000000000,1.04696,DEFAULT,,,,,
BACKTESTER-001,MovingAverageCrossover-MA_CROSS,EUR/USD.IDEALPRO,IDEALPRO-1-058,EUR/USD.IDEALPRO-MovingAverageCrossover-MA_CROSS,IDEALPRO-001,,LIMIT,SELL,99999.99,GTC,True,False,0.00,NO_LIQUIDITY_SIDE,,,,NO_TRIGGER,CANCELED,OUO,OL-20250303-143000-001-MA_CROSS-19,['O-20250303-143000-001-MA_CROSS-57'],O-20250303-143000-001-MA_CROSS-56,,,,['MA_CROSS_TP'],767befca-b713-41d5-a005-09297a0222d0,1741012200000000000,1741032060000000000,,,,,1.05346,True,
BACKTESTER-001,MovingAverageCrossover-MA_CROSS,EUR/USD.IDEALPRO,IDEALPRO-1-059,EUR/USD.IDEALPRO-MovingAverageCrossover-MA_CROSS,IDEALPRO-001,IDEALPRO-1-71928,MARKET,SELL,100000.00,GTC,False,False,100000.00,TAKER,1.08733500000025,0.0,['2.17 USD'],NO_TRIGGER,FILLED,OTO,OL-20250313-090000-001-MA_CROSS-20,"['O-20250313-090000-001-MA_CROSS-60', 'O-20250313-090000-001-MA_CROSS-61']",,,,,['MA_CROSS'],7e81bc9e-dab0-45c9-9c39-8d60351bad42,1741856400000000000,1741856400000000000,,,,,,,
BACKTESTER-001,MovingAverageCrossover-MA_CROSS,EUR/USD.IDEALPRO,IDEALPRO-1-060,EUR/USD.IDEALPRO-MovingAverageCrossover-MA_CROSS,IDEALPRO-001,,STOP_MARKET,BUY,99999.98,GTC,True,False,0.00,NO_LIQUIDITY_SIDE,,,,NO_TRIGGER,CANCELED,OUO,OL-20250313-090000-001-MA_CROSS-20,['O-20250313-090000-001-MA_CROSS-61'],O-20250313-090000-001-MA_CROSS-59,,,,['MA_CROSS_SL'],6352ebef-a5bb-4d21-8935-55d9ad21514c,1741856400000000000,1741871700000000000,1.08884,DEFAULT,,,,,
BACKTESTER-001,MovingAverageCrossover-MA_CROSS,EUR/USD.IDEALPRO,IDEALPRO-1-061,EUR/USD.IDEALPRO-MovingAverageCrossover-MA_CROSS,IDEALPRO-001,IDEALPRO-1-72186,LIMIT,BUY,100000.00,GTC,True,False,100000.00,MAKER,1.08234,0.0,['2.16 USD'],NO_TRIGGER,FILLED,OUO,OL-20250313-090000-001-MA_CROSS-20,['O-20250313-090000-001-MA_CROSS-60'],O-20250313-090000-001-MA_CROSS-59,,,,['MA_CROSS_TP'],7e52f762-e0fa-45d7-8a39-086ddb133fa7,1741856400000000000,1741871700000000000,,,,,1.08234,True,
BACKTESTER-001,MovingAverageCrossover-MA_CROSS,EUR/USD.IDEALPRO,IDEALPRO-1-062,EUR/USD.IDEALPRO-MovingAverageCrossover-MA_CROSS,IDEALPRO-001,IDEALPRO-1-73958,MARKET,BUY,100000.00,GTC,False,False,100000.00,TAKER,1.08802499999975,0.0,['2.18 USD'],NO_TRIGGER,FILLED,OTO,OL-20250314-190000-001-MA_CROSS-21,"['O-20250314-190000-001-MA_CROSS-63', 'O-20250314-190000-001-MA_CROSS-64']",,,,,['MA_CROSS'],0f55503b-86ba-4dcc-b265-a24c75ba337c,1741978800000000000,1741978800000000000,,,,,,,
BACKTESTER-001,MovingAverageCrossover-MA_CROSS,EUR/USD.IDEALPRO,IDEALPRO-1-063,EUR/USD.IDEALPRO-MovingAverageCrossover-MA_CROSS,IDEALPRO-001,,STOP_MARKET,SELL,99999.99,GTC,True,False,0.00,NO_LIQUIDITY_SIDE,,,,NO_TRIGGER,CANCELED,OUO,OL-20250314-190000-001-MA_CROSS-21,['O-20250314-190000-001-MA_CROSS-64'],O-20250314-190000-001-MA_CROSS-62,,,,['MA_CROSS_SL'],c1cdc347-6742-4b63-85d9-578d091de6eb,1741978800000000000,1742284740000000000,1.08652,DEFAULT,,,,,
BACKTESTER-001,MovingAverageCrossover-MA_CROSS,EUR/USD.IDEALPRO,IDEALPRO-1-064,EUR/USD.IDEALPRO-MovingAverageCrossover-MA_CROSS,IDEALPRO-001,IDEALPRO-1-76149,LIMIT,SELL,100000.00,GTC,True,False,100000.00,MAKER,1.09302,0.0,['2.19 USD'],NO_TRIGGER,FILLED,OUO,OL-20250314-190000-001-MA_CROSS-21,['O-20250314-190000-001-MA_CROSS-63'],O-20250314-190000-001-MA_CROSS-62,,,,['MA_CROSS_TP'],c06f309e-b567-4ab3-b7e3-58e41b50993a,1741978800000000000,1742284740000000000,,,,,1.09302,True,
BACKTESTER-001,MovingAverageCrossover-MA_CROSS,EUR/USD.IDEALPRO,IDEALPRO-1-065,EUR/USD.IDEALPRO-MovingAverageCrossover-MA_CROSS,IDEALPRO-001,IDEALPRO-1-77937,MARKET,SELL,100000.00,GTC,False,False,100000.00,TAKER,1.08944500000025,0.0,['2.18 USD'],NO_TRIGGER,FILLED,OTO,OL-20250319-140000-001-MA_CROSS-22,"['O-20250319-140000-001-MA_CROSS-66', 'O-20250319-140000-001-MA_CROSS-67']",,,,,['MA_CROSS'],958a169c-b02f-4a76-ae24-7209269c49ab,1742392800000000000,1742392800000000000,,,,,,,
BACKTESTER-001,MovingAverageCrossover-MA_CROSS,EUR/USD.IDEALPRO,IDEALPRO-1-066,EUR/USD.IDEALPRO-MovingAverageCrossover-MA_CROSS,IDEALPRO-001,IDEALPRO-1-78222,STOP_MARKET,BUY,100000.00,GTC,True,False,100000.00,TAKER,1.09095499999975,4.999999750010531e-06,['2.18 USD'],NO_TRIGGER,FILLED,OUO,OL-20250319-140000-001-MA_CROSS-22,['O-20250319-140000-001-MA_CROSS-67'],O-20250319-140000-001-MA_CROSS-65,,,,['MA_CROSS_SL'],3f7ce8d1-2aa0-4902-a581-26d31ccc7dc3,1742392800000000000,1742409780000000000,1.09095,DEFAULT,,,,,
BACKTESTER-001,MovingAverageCrossover-MA_CROSS,EUR/USD.IDEALPRO,IDEALPRO-1-067,EUR/USD.IDEALPRO-MovingAverageCrossover-MA_CROSS,IDEALPRO-001,,LIMIT,BUY,99999.99,GTC,True,False,0.00,NO_LIQUIDITY_SIDE,,,,NO_TRIGGER,CANCELED,OUO,OL-20250319-140000-001-MA_CROSS-22,['O-20250319-140000-001-MA_CROSS-66'],O-20250319-140000-001-MA_CROSS-65,,,,['MA_CROSS_TP'],b46cf728-9e72-4d76-8d63-e24a8770ca2f,1742392800000000000,1742409780000000000,,,,,1.08445,True,
BACKTESTER-001,MovingAverageCrossover-MA_CROSS,EUR/USD.IDEALPRO,IDEALPRO-1-068,EUR/USD.IDEALPRO-MovingAverageCrossover-MA_CROSS,IDEALPRO-001,IDEALPRO-1-86836,MARKET,BUY,100000.00,GTC,False,False,100000.00,TAKER,1.0798749999997501,0.0,['2.16 USD'],NO_TRIGGER,FILLED,OTO,OL-20250327-194500-001-MA_CROSS-23,"['O-20250327-194500-001-MA_CROSS-69', 'O-20250327-194500-001-MA_CROSS-70']",,,,,['MA_CROSS'],b48420f0-fbeb-4d1b-93ac-ddd3a7867f84,1743104700000000000,1743104700000000000,,,,,,,
BACKTESTER-001,MovingAverageCrossover-MA_CROSS,EUR/USD.IDEALPRO,IDEALPRO-1-069,EUR/USD.IDEALPRO-MovingAverageCrossover-MA_CROSS,IDEALPRO-001,IDEALPRO-1-87476,STOP_MARKET,SELL,100000.00,GTC,True,False,100000.00,TAKER,1.07836500000025,4.999999750010531e-06,['2.16 USD'],NO_TRIGGER,FILLED,OUO,OL-20250327-194500-001-MA_CROSS-23,['O-20250327-194500-001-MA_CROSS-70'],O-20250327-194500-001-MA_CROSS-68,,,,['MA_CROSS_SL'],a6af024d-3896-4e1f-8933-07a83f77909d,1743104700000000000,1743143880000000000,1.07837,DEFAULT,,,,,
BACKTESTER-001,MovingAverageCrossover-MA_CROSS,EUR/USD.IDEALPRO,IDEALPRO-1-070,EUR/USD.IDEALPRO-MovingAverageCrossover-MA_CROSS,IDEALPRO-001,,LIMIT,SELL,99999.99,GTC,True,False,0.00,NO_LIQUIDITY_SIDE,,,,NO_TRIGGER,CANCELED,OUO,OL-20250327-194500-001-MA_CROSS-23,['O-20250327-194500-001-MA_CROSS-69'],O-20250327-194500-001-MA_CROSS-68,,,,['MA_CROSS_TP'],e920ed89-177f-49a7-8812-500a7abc3ec8,1743104700000000000,1743143880000000000,,,,,1.08487,True,
BACKTESTER-001,MovingAverageCrossover-MA_CROSS,EUR/USD.IDEALPRO,IDEALPRO-1-071,EUR/USD.IDEALPRO-MovingAverageCrossover-MA_CROSS,IDEALPRO-001,IDEALPRO-1-90710,MARKET,SELL,100000.00,GTC,False,False,100000.00,TAKER,1.0787150000002501,0.0,['2.16 USD'],NO_TRIGGER,FILLED,OTO,OL-20250401-130000-001-MA_CROSS-24,"['O-20250401-130000-001-MA_CROSS-72', 'O-20250401-130000-001-MA_CROSS-73']",,,,,['MA_CROSS'],4481de0a-e589-4ab3-bed7-1cead608173a,1743512400000000000,1743512400000000000,,,,,,,
BACKTESTER-001,MovingAverageCrossover-MA_CROSS,EUR/USD.IDEALPRO,IDEALPRO-1-072,EUR/USD.IDEALPRO-MovingAverageCrossover-MA_CROSS,IDEALPRO-001,IDEALPRO-1-90782,STOP_MARKET,BUY,100000.00,GTC,True,False,100000.00,TAKER,1.08022499999975,4.999999750010531e-06,['2.16 USD'],NO_TRIGGER,FILLED,OUO,OL-20250401-130000-001-MA_CROSS-24,['O-20250401-130000-001-MA_CROSS-73'],O-20250401-130000-001-MA_CROSS-71,,,,['MA_CROSS_SL'],09d8c21b-98d2-45bb-8c72-5d369263419c,1743512400000000000,1743516600000000000,1.08022,DEFAULT,,,,,
BACKTESTER-001,MovingAverageCrossover-MA_CROSS,EUR/USD.IDEALPRO,IDEALPRO-1-073,EUR/USD.IDEALPRO-MovingAverageCrossover-MA_CROSS,IDEALPRO-001,,LIMIT,BUY,99999.99,GTC,True,False,0.00,NO_LIQUIDITY_SIDE,,,,NO_TRIGGER,CANCELED,OUO,OL-20250401-130000-001-MA_CROSS-24,['O-20250401-130000-001-MA_CROSS-72'],O-20250401-130000-001-MA_CROSS-71,,,,['MA_CROSS_TP'],b05a2e70-6168-491b-8a52-99f2866b3665,1743512400000000000,1743516600000000000,,,,,1.07372,True,
BACKTESTER-001,MovingAverageCrossover-MA_CROSS,EUR/USD.IDEALPRO,IDEALPRO-1-074,EUR/USD.IDEALPRO-MovingAverageCrossover-MA_CROSS,IDEALPRO-001,IDEALPRO-1-92394,MARKET,BUY,100000.00,GTC,False,False,100000.00,TAKER,1.0854349999997501,0.0,['2.17 USD'],NO_TRIGGER,FILLED,OTO,OL-20250402-171500-001-MA_CROSS-25,"['O-20250402-171500-001-MA_CROSS-75', 'O-20250402-171500-001-MA_CROSS-76']",,,,,['MA_CROSS'],f9e6f024-6949-426a-bd77-c847e6eeecbb,1743614100000000000,1743614100000000000,,,,,,,
BACKTESTER-001,MovingAverageCrossover-MA_CROSS,EUR/USD.IDEALPRO,IDEALPRO-1-075,EUR/USD.IDEALPRO-MovingAverageCrossover-MA_CROSS,IDEALPRO-001,IDEALPRO-1-92573,STOP_MARKET,SELL,100000.00,GTC,True,False,100000.00,TAKER,1.08392500000025,4.999999750010531e-06,['2.17 USD'],NO_TRIGGER,FILLED,OUO,OL-20250402-171500-001-MA_CROSS-25,['O-20250402-171500-001-MA_CROSS-76'],O-20250402-171500-001-MA_CROSS-74,,,,['MA_CROSS_SL'],91ed30d6-1b60-4fe5-a5d6-34a82690a6f0,1743614100000000000,1743624720000000000,1.08393,DEFAULT,,,,,
BACKTESTER-001,MovingAverageCrossover-MA_CROSS,EUR/USD.IDEALPRO,IDEALPRO-1-076,EUR/USD.IDEALPRO-MovingAverageCrossover-MA_CROSS,IDEALPRO-001,,LIMIT,SELL,99999.99,GTC,True,False,0.00,NO_LIQUIDITY_SIDE,,,,NO_TRIGGER,CANCELED,OUO,OL-20250402-171500-001-MA_CROSS-25,['O-20250402-171500-001-MA_CROSS-75'],O-20250402-171500-001-MA_CROSS-74,,,,['MA_CROSS_TP'],35a8874e-e2b7-456e-88de-5d0396919230,1743614100000000000,1743624720000000000,,,,,1.09043,True,
BACKTESTER-001,MovingAverageCrossover-MA_CROSS,EUR/USD.IDEALPRO,IDEALPRO-1-077,EUR/USD.IDEALPRO-MovingAverageCrossover-MA_CROSS,IDEALPRO-001,IDEALPRO-1-95773,MARKET,SELL,100000.00,GTC,False,False,100000.00,TAKER,1.0954950000002501,0.0,['2.19 USD'],NO_TRIGGER,FILLED,OTO,OL-20250407-021500-001-MA_CROSS-26,"['O-20250407-021500-001-MA_CROSS-78', 'O-20250407-021500-001-MA_CROSS-79']",,,,,['MA_CROSS'],dd3d42fb-516d-4b3c-9df1-2502048f82a0,1743992100000000000,1743992100000000000,,,,,,,
BACKTESTER-001,MovingAverageCrossover-MA_CROSS,EUR/USD.IDEALPRO,IDEALPRO-1-078,EUR/USD.IDEALPRO-MovingAverageCrossover-MA_CROSS,IDEALPRO-001,IDEALPRO-1-95904,STOP_MARKET,BUY,100000.00,GTC,True,False,100000.00,TAKER,1.09700499999975,4.999999750010531e-06,['2.19 USD'],NO_TRIGGER,FILLED,OUO,OL-20250407-021500-001-MA_CROSS-26,['O-20250407-021500-001-MA_CROSS-79'],O-20250407-021500-001-MA_CROSS-77,,,,['MA_CROSS_SL'],438f2d84-039f-4c64-b618-657ed3090ee5,1743992100000000000,1743999840000000000,1.09700,DEFAULT,,,,,
BACKTESTER-001,MovingAverageCrossover-MA_CROSS,EUR/USD.IDEALPRO,IDEALPRO-1-079,EUR/USD.IDEALPRO-MovingAverageCrossover-MA_CROSS,IDEALPRO-001,,LIMIT,BUY,99999.99,GTC,True,False,0.00,NO_LIQUIDITY_SIDE,,,,NO_TRIGGER,CANCELED,OUO,OL-20250407-021500-001-MA_CROSS-26,['O-20250407-021500-001-MA_CROSS-78'],O-20250407-021500-001-MA_CROSS-77,,,,['MA_CROSS_TP'],11c55a67-b76e-4a5e-99f8-96ce0afeaf69,1743992100000000000,1743999840000000000,,,,,1.09050,True,
BACKTESTER-001,MovingAverageCrossover-MA_CROSS,EUR/USD.IDEALPRO,IDEALPRO-1-080,EUR/USD.IDEALPRO-MovingAverageCrossover-MA_CROSS,IDEALPRO-001,IDEALPRO-1-98642,MARKET,BUY,100000.00,GTC,False,False,100000.00,TAKER,1.10235499999975,0.0,['2.20 USD'],NO_TRIGGER,FILLED,OTO,OL-20250409-023000-001-MA_CROSS-27,"['O-20250409-023000-001-MA_CROSS-81', 'O-20250409-023000-001-MA_CROSS-82']",,,,,['MA_CROSS'],7116ddbe-77fd-48a8-85bc-6b0c0184b860,1744165800000000000,1744165800000000000,,,,,,,
BACKTESTER-001,MovingAverageCrossover-MA_CROSS,EUR/USD.IDEALPRO,IDEALPRO-1-081,EUR/USD.IDEALPRO-MovingAverageCrossover-MA_CROSS,IDEALPRO-001,,STOP_MARKET,SELL,99999.99,GTC,True,False,0.00,NO_LIQUIDITY_SIDE,,,,NO_TRIGGER,CANCELED,OUO,OL-20250409-023000-001-MA_CROSS-27,['O-20250409-023000-001-MA_CROSS-82'],O-20250409-023000-001-MA_CROSS-80,,,,['MA_CROSS_SL'],79f6726c-6deb-4ea7-9e9f-2749a4a8baa3,1744165800000000000,1744181640000000000,1.10085,DEFAULT,,,,,
BACKTESTER-001,MovingAverageCrossover-MA_CROSS,EUR/USD.IDEALPRO,IDEALPRO-1-082,EUR/USD.IDEALPRO-MovingAverageCrossover-MA_CROSS,IDEALPRO-001,IDEALPRO-1-98908,LIMIT,SELL,100000.00,GTC,True,False,100000.00,MAKER,1.1073500000000003,-2.220446049250313e-16,['2.21 USD'],NO_TRIGGER,FILLED,OUO,OL-20250409-023000-001-MA_CROSS-27,['O-20250409-023000-001-MA_CROSS-81'],O-20250409-023000-001-MA_CROSS-80,,,,['MA_CROSS_TP'],453554aa-a9eb-43a8-aefa-bb580885e46a,1744165800000000000,1744181640000000000,,,,,1.10735,True,
BACKTESTER-001,MovingAverageCrossover-MA_CROSS,EUR/USD.IDEALPRO,IDEALPRO-1-083,EUR/USD.IDEALPRO-MovingAverageCrossover-MA_CROSS,IDEALPRO-001,IDEALPRO-1-100056,MARKET,SELL,100000.00,GTC,False,False,100000.00,TAKER,1.09628500000025,0.0,['2.19 USD'],NO_TRIGGER,FILLED,OTO,OL-20250410-021500-001-MA_CROSS-28,"['O-20250410-021500-001-MA_CROSS-84', 'O-20250410-021500-001-MA_CROSS-85']",,,,,['MA_CROSS'],1a48df9c-02d3-4088-a89e-211ef9f75d79,1744251300000000000,1744251300000000000,,,,,,,
BACKTESTER-001,MovingAverageCrossover-MA_CROSS,EUR/USD.IDEALPRO,IDEALPRO-1-084,EUR/USD.IDEALPRO-MovingAverageCrossover-MA_CROSS,IDEALPRO-001,IDEALPRO-1-100108,STOP_MARKET,BUY,100000.00,GTC,True,False,100000.00,TAKER,1.0977949999997503,4.9999997502325755e-06,['2.20 USD'],NO_TRIGGER,FILLED,OUO,OL-20250410-021500-001-MA_CROSS-28,['O-20250410-021500-001-MA_CROSS-85'],O-20250410-021500-001-MA_CROSS-83,,,,['MA_CROSS_SL'],3427d48b-b1fa-44cd-b643-eeba2584a35d,1744251300000000000,1744254300000000000,1.09779,DEFAULT,,,,,
BACKTESTER-001,MovingAverageCrossover-MA_CROSS,EUR/USD.IDEALPRO,IDEALPRO-1-085,EUR/USD.IDEALPRO-MovingAverageCrossover-MA_CROSS,IDEALPRO-001,,LIMIT,BUY,99999.99,GTC,True,False,0.00,NO_LIQUIDITY_SIDE,,,,NO_TRIGGER,CANCELED,OUO,OL-20250410-021500-001-MA_CROSS-28,['O-20250410-021500-001-MA_CROSS-84'],O-20250410-021500-001-MA_CROSS-83,,,,['MA_CROSS_TP'],f57fb98a-ca9f-4819-be9f-e6219f84eab2,1744251300000000000,1744254300000000000,,,,,1.09129,True,
BACKTESTER-001,MovingAverageCrossover-MA_CROSS,EUR/USD.IDEALPRO,IDEALPRO-1-086,EUR/USD.IDEALPRO-MovingAverageCrossover-MA_CROSS,IDEALPRO-001,IDEALPRO-1-100405,MARKET,BUY,100000.00,GTC,False,False,100000.00,TAKER,1.10265499999975,0.0,['2.21 USD'],NO_TRIGGER,FILLED,OTO,OL-20250410-080000-001-MA_CROSS-29,"['O-20250410-080000-001-MA_CROSS-87', 'O-20250410-080000-001-MA_CROSS-88']",,,,,['MA_CROSS'],19e5d141-ec7e-460c-91ec-c605ce20bccd,1744272000000000000,1744272000000000000,,,,,,,
BACKTESTER-001,MovingAverageCrossover-MA_CROSS,EUR/USD.IDEALPRO,IDEALPRO-1-087,EUR/USD.IDEALPRO-MovingAverageCrossover-MA_CROSS,IDEALPRO-001,,STOP_MARKET,SELL,99999.99,GTC,True,False,0.00,NO_LIQUIDITY_SIDE,,,,NO_TRIGGER,CANCELED,OUO,OL-20250410-080000-001-MA_CROSS-29,['O-20250410-080000-001-MA_CROSS-88'],O-20250410-080000-001-MA_CROSS-86,,,,['MA_CROSS_SL'],89c4357b-6599-445b-90bb-91f760644591,1744272000000000000,1744281480000000000,1.10115,DEFAULT,,,,,
BACKTESTER-001,MovingAverageCrossover-MA_CROSS,EUR/USD.IDEALPRO,IDEALPRO-1-088,EUR/USD.IDEALPRO-MovingAverageCrossover-MA_CROSS,IDEALPRO-001,IDEALPRO-1-100565,LIMIT,SELL,100000.00,GTC,True,False,100000.00,MAKER,1.10765,0.0,['2.22 USD'],NO_TRIGGER,FILLED,OUO,OL-20250410-080000-001-MA_CROSS-29,['O-20250410-080000-001-MA_CROSS-87'],O-20250410-080000-001-MA_CROSS-86,,,,['MA_CROSS_TP'],5395703f-63f0-4638-bec8-e8f018ef31dd,1744272000000000000,1744281480000000000,,,,,1.10765,True,
BACKTESTER-001,MovingAverageCrossover-MA_CROSS,EUR/USD.IDEALPRO,IDEALPRO-1-089,EUR/USD.IDEALPRO-MovingAverageCrossover-MA_CROSS,IDEALPRO-001,IDEALPRO-1-105119,MARKET,SELL,100000.00,GTC,False,False,100000.00,TAKER,1.1316650000002502,0.0,['2.26 USD'],NO_TRIGGER,FILLED,OTO,OL-20250415-151500-001-MA_CROSS-30,"['O-20250415-151500-001-MA_CROSS-90', 'O-20250415-151500-001-MA_CROSS-91']",,,,,['MA_CROSS'],3c43db1d-ed12-4c23-8eb8-374fc93bea1b,1744730100000000000,1744730100000000000,,,,,,,
BACKTESTER-001,MovingAverageCrossover-MA_CROSS,EUR/USD.IDEALPRO,IDEALPRO-1-090,EUR/USD.IDEALPRO-MovingAverageCrossover-MA_CROSS,IDEALPRO-001,,STOP_MARKET,BUY,99999.99,GTC,True,False,0.00,NO_LIQUIDITY_SIDE,,,,NO_TRIGGER,CANCELED,OUO,OL-20250415-151500-001-MA_CROSS-30,['O-20250415-151500-001-MA_CROSS-91'],O-20250415-151500-001-MA_CROSS-89,,,,['MA_CROSS_SL'],67f6d121-7fc9-4d6e-a9ac-e2ec62844ab7,1744730100000000000,1744735260000000000,1.13317,DEFAULT,,,,,
BACKTESTER-001,MovingAverageCrossover-MA_CROSS,EUR/USD.IDEALPRO,IDEALPRO-1-091,EUR/USD.IDEALPRO-MovingAverageCrossover-MA_CROSS,IDEALPRO-001,IDEALPRO-1-105207,LIMIT,BUY,100000.00,GTC,True,False,100000.00,MAKER,1.12667,0.0,['2.25 USD'],NO_TRIGGER,FILLED,OUO,OL-20250415-151500-001-MA_CROSS-30,['O-20250415-151500-001-MA_CROSS-90'],O-20250415-151500-001-MA_CROSS-89,,,,['MA_CROSS_TP'],379dbd87-c112-4c50-ae24-a66595f5c03b,1744730100000000000,1744735260000000000,,,,,1.12667,True,
BACKTESTER-001,MovingAverageCrossover-MA_CROSS,EUR/USD.IDEALPRO,IDEALPRO-1-092,EUR/USD.IDEALPRO-MovingAverageCrossover-MA_CROSS,IDEALPRO-001,IDEALPRO-1-106203,MARKET,BUY,100000.00,GTC,False,False,100000.00,TAKER,1.1367149999997501,0.0,['2.27 USD'],NO_TRIGGER,FILLED,OTO,OL-20250416-093000-001-MA_CROSS-31,"['O-20250416-093000-001-MA_CROSS-93', 'O-20250416-093000-001-MA_CROSS-94']",,,,,['MA_CROSS'],e032e888-0d19-4005-9c0f-d69d0189da16,1744795800000000000,1744795800000000000,,,,,,,
BACKTESTER-001,MovingAverageCrossover-MA_CROSS,EUR/USD.IDEALPRO,IDEALPRO-1-093,EUR/USD.IDEALPRO-MovingAverageCrossover-MA_CROSS,IDEALPRO-001,IDEALPRO-1-106367,STOP_MARKET,SELL,100000.00,GTC,True,False,100000.00,TAKER,1.13520500000025,4.999999750010531e-06,['2.27 USD'],NO_TRIGGER,FILLED,OUO,OL-20250416-093000-001-MA_CROSS-31,['O-20250416-093000-001-MA_CROSS-94'],O-20250416-093000-001-MA_CROSS-92,,,,['MA_CROSS_SL'],ac7a2b0b-8ac7-4e2d-9a06-eaf2c9306594,1744795800000000000,1744805520000000000,1.13521,DEFAULT,,,,,
BACKTESTER-001,MovingAverageCrossover-MA_CROSS,EUR/USD.IDEALPRO,IDEALPRO-1-094,EUR/USD.IDEALPRO-MovingAverageCrossover-MA_CROSS,IDEALPRO-001,,LIMIT,SELL,99999.99,GTC,True,False,0.00,NO_LIQUIDITY_SIDE,,,,NO_TRIGGER,CANCELED,OUO,OL-20250416-093000-001-MA_CROSS-31,['O-20250416-093000-001-MA_CROSS-93'],O-20250416-093000-001-MA_CROSS-92,,,,['MA_CROSS_TP'],772b5c03-ec55-4b74-b891-cb5e9cdbcc7e,1744795800000000000,1744805520000000000,,,,,1.14171,True,
BACKTESTER-001,MovingAverageCrossover-MA_CROSS,EUR/USD.IDEALPRO,IDEALPRO-1-095,EUR/USD.IDEALPRO-MovingAverageCrossover-MA_CROSS,IDEALPRO-001,IDEALPRO-1-112417,MARKET,SELL,100000.00,GTC,False,False,100000.00,TAKER,1.1418350000002502,0.0,['2.28 USD'],NO_TRIGGER,FILLED,OTO,OL-20250422-204500-001-MA_CROSS-32,"['O-20250422-204500-001-MA_CROSS-96', 'O-20250422-204500-001-MA_CROSS-97']",,,,,['MA_CROSS'],ac9572cc-9ea7-4f21-a164-d655add21a21,1745354700000000000,1745354700000000000,,,,,,,
BACKTESTER-001,MovingAverageCrossover-MA_CROSS,EUR/USD.IDEALPRO,IDEALPRO-1-096,EUR/USD.IDEALPRO-MovingAverageCrossover-MA_CROSS,IDEALPRO-001,,STOP_MARKET,BUY,99999.99,GTC,True,False,0.00,NO_LIQUIDITY_SIDE,,,,NO_TRIGGER,CANCELED,OUO,OL-20250422-204500-001-MA_CROSS-32,['O-20250422-204500-001-MA_CROSS-97'],O-20250422-204500-001-MA_CROSS-95,,,,['MA_CROSS_SL'],1717e0cc-e9ce-4536-8512-c2ae2384dbd0,1745354700000000000,1745359020000000000,1.14334,DEFAULT,,,,,
BACKTESTER-001,MovingAverageCrossover-MA_CROSS,EUR/USD.IDEALPRO,IDEALPRO-1-097,EUR/USD.IDEALPRO-MovingAverageCrossover-MA_CROSS,IDEALPRO-001,IDEALPRO-1-112476,LIMIT,BUY,100000.00,GTC,True,False,100000.00,MAKER,1.13684,0.0,['2.27 USD'],NO_TRIGGER,FILLED,OUO,OL-20250422-204500-001-MA_CROSS-32,['O-20250422-204500-001-MA_CROSS-96'],O-20250422-204500-001-MA_CROSS-95,,,,['MA_CROSS_TP'],5605a61a-2730-4e86-8daa-dae016974076,1745354700000000000,1745359020000000000,,,,,1.13684,True,
BACKTESTER-001,MovingAverageCrossover-MA_CROSS,EUR/USD.IDEALPRO,IDEALPRO-1-100,EUR/USD.IDEALPRO-MovingAverageCrossover-MA_CROSS,IDEALPRO-001,,LIMIT,SELL,99999.99,GTC,True,False,0.00,NO_LIQUIDITY_SIDE,,,,NO_TRIGGER,CANCELED,OUO,OL-20250428-001500-001-MA_CROSS-33,['O-20250428-001500-001-MA_CROSS-99'],O-20250428-001500-001-MA_CROSS-98,,,,['MA_CROSS_TP'],02b6771a-4d0c-43a2-877c-dbc890fa4153,1745799300000000000,1745821800000000000,,,,,1.14076,True,
BACKTESTER-001,MovingAverageCrossover-MA_CROSS,EUR/USD.IDEALPRO,IDEALPRO-1-098,EUR/USD.IDEALPRO-MovingAverageCrossover-MA_CROSS,IDEALPRO-001,IDEALPRO-1-116891,MARKET,BUY,100000.00,GTC,False,False,100000.00,TAKER,1.1357649999997501,0.0,['2.27 USD'],NO_TRIGGER,FILLED,OTO,OL-20250428-001500-001-MA_CROSS-33,"['O-20250428-001500-001-MA_CROSS-99', 'O-20250428-001500-001-MA_CROSS-100']",,,,,['MA_CROSS'],bea81548-40b7-4cba-8052-4a504a660cc6,1745799300000000000,1745799300000000000,,,,,,,
BACKTESTER-001,MovingAverageCrossover-MA_CROSS,EUR/USD.IDEALPRO,IDEALPRO-1-099,EUR/USD.IDEALPRO-MovingAverageCrossover-MA_CROSS,IDEALPRO-001,,STOP_MARKET,SELL,99999.99,GTC,True,False,0.00,NO_LIQUIDITY_SIDE,,,,NO_TRIGGER,CANCELED,OUO,OL-20250428-001500-001-MA_CROSS-33,['O-20250428-001500-001-MA_CROSS-100'],O-20250428-001500-001-MA_CROSS-98,,,,['MA_CROSS_SL'],3706e577-4335-4bde-bd4f-0c38b449e254,1745799300000000000,1745821800000000000,1.13426,DEFAULT,,,,,
BACKTESTER-001,MovingAverageCrossover-MA_CROSS,EUR/USD.IDEALPRO,IDEALPRO-1-101,EUR/USD.IDEALPRO-MovingAverageCrossover-MA_CROSS,IDEALPRO-001,IDEALPRO-1-117268,MARKET,SELL,100000.00,GTC,True,False,100000.00,TAKER,1.13652500000025,0.0,['2.27 USD'],NO_TRIGGER,FILLED,NO_CONTINGENCY,,,,,,,,3ecad095-c4d8-4c24-ac43-4fd9513da424,1745821800000000000,1745821800000000000,,,,,,,
BACKTESTER-001,MovingAverageCrossover-MA_CROSS,EUR/USD.IDEALPRO,IDEALPRO-1-102,EUR/USD.IDEALPRO-MovingAverageCrossover-MA_CROSS,IDEALPRO-001,IDEALPRO-1-117900,MARKET,BUY,100000.00,GTC,False,False,100000.00,TAKER,1.1411649999997502,0.0,['2.28 USD'],NO_TRIGGER,FILLED,OTO,OL-20250428-170000-001-MA_CROSS-34,"['O-20250428-170000-001-MA_CROSS-103', 'O-20250428-170000-001-MA_CROSS-104']",,,,,['MA_CROSS'],acb39460-0e7c-4d01-9a62-217374102e72,1745859600000000000,1745859600000000000,,,,,,,
BACKTESTER-001,MovingAverageCrossover-MA_CROSS,EUR/USD.IDEALPRO,IDEALPRO-1-103,EUR/USD.IDEALPRO-MovingAverageCrossover-MA_CROSS,IDEALPRO-001,IDEALPRO-1-118408,STOP_MARKET,SELL,100000.00,GTC,True,False,100000.00,TAKER,1.13965500000025,4.999999749788486e-06,['2.28 USD'],NO_TRIGGER,FILLED,OUO,OL-20250428-170000-001-MA_CROSS-34,['O-20250428-170000-001-MA_CROSS-104'],O-20250428-170000-001-MA_CROSS-102,,,,['MA_CROSS_SL'],a17e9c50-6699-4e66-9415-b9d800d36996,1745859600000000000,1745890860000000000,1.13966,DEFAULT,,,,,
BACKTESTER-001,MovingAverageCrossover-MA_CROSS,EUR/USD.IDEALPRO,IDEALPRO-1-104,EUR/USD.IDEALPRO-MovingAverageCrossover-MA_CROSS,IDEALPRO-001,,LIMIT,SELL,99999.99,GTC,True,False,0.00,NO_LIQUIDITY_SIDE,,,,NO_TRIGGER,CANCELED,OUO,OL-20250428-170000-001-MA_CROSS-34,['O-20250428-170000-001-MA_CROSS-103'],O-20250428-170000-001-MA_CROSS-102,,,,['MA_CROSS_TP'],0035f8f6-2b66-4c7e-9ca0-92391ec5e872,1745859600000000000,1745890860000000000,,,,,1.14616,True,
BACKTESTER-001,MovingAverageCrossover-MA_CROSS,EUR/USD.IDEALPRO,IDEALPRO-1-105,EUR/USD.IDEALPRO-MovingAverageCrossover-MA_CROSS,IDEALPRO-001,IDEALPRO-1-120259,MARKET,SELL,100000.00,GTC,False,False,100000.00,TAKER,1.13643500000025,0.0,['2.27 USD'],NO_TRIGGER,FILLED,OTO,OL-20250430-084500-001-MA_CROSS-35,"['O-20250430-084500-001-MA_CROSS-106', 'O-20250430-084500-001-MA_CROSS-107']",,,,,['MA_CROSS'],e43e9a10-2ca7-4262-bf37-ad85afb08dc2,1746002700000000000,1746002700000000000,,,,,,,
BACKTESTER-001,MovingAverageCrossover-MA_CROSS,EUR/USD.IDEALPRO,IDEALPRO-1-106,EUR/USD.IDEALPRO-MovingAverageCrossover-MA_CROSS,IDEALPRO-001,IDEALPRO-1-120320,STOP_MARKET,BUY,100000.00,GTC,True,False,100000.00,TAKER,1.1379449999997502,4.9999997502325755e-06,['2.28 USD'],NO_TRIGGER,FILLED,OUO,OL-20250430-084500-001-MA_CROSS-35,['O-20250430-084500-001-MA_CROSS-107'],O-20250430-084500-001-MA_CROSS-105,,,,['MA_CROSS_SL'],7e8186f0-c263-4277-b14b-f7699d2ac9ee,1746002700000000000,1746006240000000000,1.13794,DEFAULT,,,,,
BACKTESTER-001,MovingAverageCrossover-MA_CROSS,EUR/USD.IDEALPRO,IDEALPRO-1-107,EUR/USD.IDEALPRO-MovingAverageCrossover-MA_CROSS,IDEALPRO-001,,LIMIT,BUY,99999.99,GTC,True,False,0.00,NO_LIQUIDITY_SIDE,,,,NO_TRIGGER,CANCELED,OUO,OL-20250430-084500-001-MA_CROSS-35,['O-20250430-084500-001-MA_CROSS-106'],O-20250430-084500-001-MA_CROSS-105,,,,['MA_CROSS_TP'],49b368f9-f09c-4cdd-9165-a3570b9c8308,1746002700000000000,1746006240000000000,,,,,1.13144,True,
BACKTESTER-001,MovingAverageCrossover-MA_CROSS,EUR/USD.IDEALPRO,IDEALPRO-1-108,EUR/USD.IDEALPRO-MovingAverageCrossover-MA_CROSS,IDEALPRO-001,IDEALPRO-1-124538,MARKET,BUY,100000.00,GTC,False,False,100000.00,TAKER,1.13277499999975,0.0,['2.27 USD'],NO_TRIGGER,FILLED,OTO,OL-20250505-084500-001-MA_CROSS-36,"['O-20250505-084500-001-MA_CROSS-109', 'O-20250505-084500-001-MA_CROSS-110']",,,,,['MA_CROSS'],57f8fc53-7207-4b61-adb6-32f813b459ae,1746434700000000000,1746434700000000000,,,,,,,
BACKTESTER-001,MovingAverageCrossover-MA_CROSS,EUR/USD.IDEALPRO,IDEALPRO-1-109,EUR/USD.IDEALPRO-MovingAverageCrossover-MA_CROSS,IDEALPRO-001,IDEALPRO-1-124975,STOP_MARKET,SELL,100000.00,GTC,True,False,100000.00,TAKER,1.13126500000025,4.999999750010531e-06,['2.26 USD'],NO_TRIGGER,FILLED,OUO,OL-20250505-084500-001-MA_CROSS-36,['O-20250505-084500-001-MA_CROSS-110'],O-20250505-084500-001-MA_CROSS-108,,,,['MA_CROSS_SL'],7c7efea4-1414-4278-9e01-db1e1dc7ca0a,1746434700000000000,1746460800000000000,1.13127,DEFAULT,,,,,
BACKTESTER-001,MovingAverageCrossover-MA_CROSS,EUR/USD.IDEALPRO,IDEALPRO-1-110,EUR/USD.IDEALPRO-MovingAverageCrossover-MA_CROSS,IDEALPRO-001,,LIMIT,SELL,99999.99,GTC,True,False,0.00,NO_LIQUIDITY_SIDE,,,,NO_TRIGGER,CANCELED,OUO,OL-20250505-084500-001-MA_CROSS-36,['O-20250505-084500-001-MA_CROSS-109'],O-20250505-084500-001-MA_CROSS-108,,,,['MA_CROSS_TP'],367bf0dc-cdd5-4ebb-a763-9bec1228b2cf,1746434700000000000,1746460800000000000,,,,,1.13777,True,
BACKTESTER-001,MovingAverageCrossover-MA_CROSS,EUR/USD.IDEALPRO,IDEALPRO-1-111,EUR/USD.IDEALPRO-MovingAverageCrossover-MA_CROSS,IDEALPRO-001,IDEALPRO-1-125502,MARKET,SELL,100000.00,GTC,False,False,100000.00,TAKER,1.1286050000002499,0.0,['2.26 USD'],NO_TRIGGER,FILLED,OTO,OL-20250506-010000-001-MA_CROSS-37,"['O-20250506-010000-001-MA_CROSS-112', 'O-20250506-010000-001-MA_CROSS-113']",,,,,['MA_CROSS'],998842e1-dbce-4333-bff4-37d31b4391bd,1746493200000000000,1746493200000000000,,,,,,,
BACKTESTER-001,MovingAverageCrossover-MA_CROSS,EUR/USD.IDEALPRO,IDEALPRO-1-112,EUR/USD.IDEALPRO-MovingAverageCrossover-MA_CROSS,IDEALPRO-001,IDEALPRO-1-125571,STOP_MARKET,BUY,100000.00,GTC,True,False,100000.00,TAKER,1.1301149999997502,4.9999997502325755e-06,['2.26 USD'],NO_TRIGGER,FILLED,OUO,OL-20250506-010000-001-MA_CROSS-37,['O-20250506-010000-001-MA_CROSS-113'],O-20250506-010000-001-MA_CROSS-111,,,,['MA_CROSS_SL'],4dbbbfc7-92ce-4006-a7f6-c2b024ea471a,1746493200000000000,1746497220000000000,1.13011,DEFAULT,,,,,
BACKTESTER-001,MovingAverageCrossover-MA_CROSS,EUR/USD.IDEALPRO,IDEALPRO-1-113,EUR/USD.IDEALPRO-MovingAverageCrossover-MA_CROSS,IDEALPRO-001,,LIMIT,BUY,99999.99,GTC,True,False,0.00,NO_LIQUIDITY_SIDE,,,,NO_TRIGGER,CANCELED,OUO,OL-20250506-010000-001-MA_CROSS-37,['O-20250506-010000-001-MA_CROSS-112'],O-20250506-010000-001-MA_CROSS-111,,,,['MA_CROSS_TP'],6af06daa-332a-4847-9e6b-4d1ff7f596a4,1746493200000000000,1746497220000000000,,,,,1.12361,True,
BACKTESTER-001,MovingAverageCrossover-MA_CROSS,EUR/USD.IDEALPRO,IDEALPRO-1-114,EUR/USD.IDEALPRO-MovingAverageCrossover-MA_CROSS,IDEALPRO-001,IDEALPRO-1-126121,MARKET,BUY,100000.00,GTC,False,False,100000.00,TAKER,1.13267499999975,0.0,['2.27 USD'],NO_TRIGGER,FILLED,OTO,OL-20250506-111500-001-MA_CROSS-38,"['O-20250506-111500-001-MA_CROSS-115', 'O-20250506-111500-001-MA_CROSS-116']",,,,,['MA_CROSS'],fad06a60-fb59-426d-976c-23680b1e24c4,1746530100000000000,1746530100000000000,,,,,,,
BACKTESTER-001,MovingAverageCrossover-MA_CROSS,EUR/USD.IDEALPRO,IDEALPRO-1-115,EUR/USD.IDEALPRO-MovingAverageCrossover-MA_CROSS,IDEALPRO-001,,STOP_MARKET,SELL,99999.99,GTC,True,False,0.00,NO_LIQUIDITY_SIDE,,,,NO_TRIGGER,CANCELED,OUO,OL-20250506-111500-001-MA_CROSS-38,['O-20250506-111500-001-MA_CROSS-116'],O-20250506-111500-001-MA_CROSS-114,,,,['MA_CROSS_SL'],05a2b4c7-bc29-4377-900a-5bb2e830ed3d,1746530100000000000,1746559740000000000,1.13117,DEFAULT,,,,,
BACKTESTER-001,MovingAverageCrossover-MA_CROSS,EUR/USD.IDEALPRO,IDEALPRO-1-116,EUR/USD.IDEALPRO-MovingAverageCrossover-MA_CROSS,IDEALPRO-001,IDEALPRO-1-126617,LIMIT,SELL,100000.00,GTC,True,False,100000.00,MAKER,1.13767,0.0,['2.28 USD'],NO_TRIGGER,FILLED,OUO,OL-20250506-111500-001-MA_CROSS-38,['O-20250506-111500-001-MA_CROSS-115'],O-20250506-111500-001-MA_CROSS-114,,,,['MA_CROSS_TP'],3b475435-059a-44f8-aaea-79be4683ab22,1746530100000000000,1746559740000000000,,,,,1.13767,True,
BACKTESTER-001,MovingAverageCrossover-MA_CROSS,EUR/USD.IDEALPRO,IDEALPRO-1-117,EUR/USD.IDEALPRO-MovingAverageCrossover-MA_CROSS,IDEALPRO-001,IDEALPRO-1-128240,MARKET,SELL,100000.00,GTC,False,False,100000.00,TAKER,1.1301250000002503,0.0,['2.26 USD'],NO_TRIGGER,FILLED,OTO,OL-20250507-230000-001-MA_CROSS-39,"['O-20250507-230000-001-MA_CROSS-118', 'O-20250507-230000-001-MA_CROSS-119']",,,,,['MA_CROSS'],ac261dce-512e-4262-ad2e-4e71828b0bd5,1746658800000000000,1746658800000000000,,,,,,,
BACKTESTER-001,MovingAverageCrossover-MA_CROSS,EUR/USD.IDEALPRO,IDEALPRO-1-118,EUR/USD.IDEALPRO-MovingAverageCrossover-MA_CROSS,IDEALPRO-001,IDEALPRO-1-128326,STOP_MARKET,BUY,100000.00,GTC,True,False,100000.00,TAKER,1.13163499999975,4.999999750010531e-06,['2.26 USD'],NO_TRIGGER,FILLED,OUO,OL-20250507-230000-001-MA_CROSS-39,['O-20250507-230000-001-MA_CROSS-119'],O-20250507-230000-001-MA_CROSS-117,,,,['MA_CROSS_SL'],93cbd171-39b6-4035-ae18-309ae74dcdc5,1746658800000000000,1746663840000000000,1.13163,DEFAULT,,,,,
BACKTESTER-001,MovingAverageCrossover-MA_CROSS,EUR/USD.IDEALPRO,IDEALPRO-1-119,EUR/USD.IDEALPRO-MovingAverageCrossover-MA_CROSS,IDEALPRO-001,,LIMIT,BUY,99999.99,GTC,True,False,0.00,NO_LIQUIDITY_SIDE,,,,NO_TRIGGER,CANCELED,OUO,OL-20250507-230000-001-MA_CROSS-39,['O-20250507-230000-001-MA_CROSS-118'],O-20250507-230000-001-MA_CROSS-117,,,,['MA_CROSS_TP'],1629f8d0-ad25-4673-9f1c-ecf0019ffd3f,1746658800000000000,1746663840000000000,,,,,1.12513,True,
BACKTESTER-001,MovingAverageCrossover-MA_CROSS,EUR/USD.IDEALPRO,IDEALPRO-1-120,EUR/USD.IDEALPRO-MovingAverageCrossover-MA_CROSS,IDEALPRO-001,IDEALPRO-1-134034,MARKET,BUY,100000.00,GTC,False,False,100000.00,TAKER,1.11936499999975,0.0,['2.24 USD'],NO_TRIGGER,FILLED,OTO,OL-20250514-003000-001-MA_CROSS-40,"['O-20250514-003000-001-MA_CROSS-121', 'O-20250514-003000-001-MA_CROSS-122']",,,,,['MA_CROSS'],79e4e0b7-2aa8-4dba-8159-1858b1594cc4,1747182600000000000,1747182600000000000,,,,,,,
BACKTESTER-001,MovingAverageCrossover-MA_CROSS,EUR/USD.IDEALPRO,IDEALPRO-1-121,EUR/USD.IDEALPRO-MovingAverageCrossover-MA_CROSS,IDEALPRO-001,,STOP_MARKET,SELL,99999.99,GTC,True,False,0.00,NO_LIQUIDITY_SIDE,,,,NO_TRIGGER,CANCELED,OUO,OL-20250514-003000-001-MA_CROSS-40,['O-20250514-003000-001-MA_CROSS-122'],O-20250514-003000-001-MA_CROSS-120,,,,['MA_CROSS_SL'],d5ca9b45-2ac2-4acb-a1d4-64d822c899be,1747182600000000000,1747210080000000000,1.11786,DEFAULT,,,,,
BACKTESTER-001,MovingAverageCrossover-MA_CROSS,EUR/USD.IDEALPRO,IDEALPRO-1-122,EUR/USD.IDEALPRO-MovingAverageCrossover-MA_CROSS,IDEALPRO-001,IDEALPRO-1-134494,LIMIT,SELL,100000.00,GTC,True,False,100000.00,MAKER,1.12436,0.0,['2.25 USD'],NO_TRIGGER,FILLED,OUO,OL-20250514-003000-001-MA_CROSS-40,['O-20250514-003000-001-MA_CROSS-121'],O-20250514-003000-001-MA_CROSS-120,,,,['MA_CROSS_TP'],1dd5d9cc-35b0-47ec-8404-bf9ead21ce78,1747182600000000000,1747210080000000000,,,,,1.12436,True,
BACKTESTER-001,MovingAverageCrossover-MA_CROSS,EUR/USD.IDEALPRO,IDEALPRO-1-123,EUR/USD.IDEALPRO-MovingAverageCrossover-MA_CROSS,IDEALPRO-001,IDEALPRO-1-137818,MARKET,SELL,100000.00,GTC,False,False,100000.00,TAKER,1.1140250000002503,0.0,['2.23 USD'],NO_TRIGGER,FILLED,OTO,OL-20250516-160000-001-MA_CROSS-41,"['O-20250516-160000-001-MA_CROSS-124', 'O-20250516-160000-001-MA_CROSS-125']",,,,,['MA_CROSS'],0eef8bba-e43b-4ae5-aad2-db57483fface,1747411200000000000,1747411200000000000,,,,,,,
BACKTESTER-001,MovingAverageCrossover-MA_CROSS,EUR/USD.IDEALPRO,IDEALPRO-1-124,EUR/USD.IDEALPRO-MovingAverageCrossover-MA_CROSS,IDEALPRO-001,IDEALPRO-1-137986,STOP_MARKET,BUY,100000.00,GTC,True,False,100000.00,TAKER,1.11553499999975,4.999999750010531e-06,['2.23 USD'],NO_TRIGGER,FILLED,OUO,OL-20250516-160000-001-MA_CROSS-41,['O-20250516-160000-001-MA_CROSS-125'],O-20250516-160000-001-MA_CROSS-123,,,,['MA_CROSS_SL'],24312efd-c176-421a-bd19-532e411075cf,1747411200000000000,1747421160000000000,1.11553,DEFAULT,,,,,
BACKTESTER-001,MovingAverageCrossover-MA_CROSS,EUR/USD.IDEALPRO,IDEALPRO-1-125,EUR/USD.IDEALPRO-MovingAverageCrossover-MA_CROSS,IDEALPRO-001,,LIMIT,BUY,99999.99,GTC,True,False,0.00,NO_LIQUIDITY_SIDE,,,,NO_TRIGGER,CANCELED,OUO,OL-20250516-160000-001-MA_CROSS-41,['O-20250516-160000-001-MA_CROSS-124'],O-20250516-160000-001-MA_CROSS-123,,,,['MA_CROSS_TP'],19969bdb-e236-41e4-b37c-f329bc787e04,1747411200000000000,1747421160000000000,,,,,1.10903,True,
BACKTESTER-001,MovingAverageCrossover-MA_CROSS,EUR/USD.IDEALPRO,IDEALPRO-1-126,EUR/USD.IDEALPRO-MovingAverageCrossover-MA_CROSS,IDEALPRO-001,IDEALPRO-1-138782,MARKET,BUY,100000.00,GTC,False,False,100000.00,TAKER,1.1248349999997502,0.0,['2.25 USD'],NO_TRIGGER,FILLED,OTO,OL-20250519-081500-001-MA_CROSS-42,"['O-20250519-081500-001-MA_CROSS-127', 'O-20250519-081500-001-MA_CROSS-128']",,,,,['MA_CROSS'],ab7b6993-7b33-4a45-96d1-2d44a49d2bbf,1747642500000000000,1747642500000000000,,,,,,,
BACKTESTER-001,MovingAverageCrossover-MA_CROSS,EUR/USD.IDEALPRO,IDEALPRO-1-127,EUR/USD.IDEALPRO-MovingAverageCrossover-MA_CROSS,IDEALPRO-001,IDEALPRO-1-139253,STOP_MARKET,SELL,100000.00,GTC,True,False,100000.00,TAKER,1.1233250000002502,4.999999749788486e-06,['2.25 USD'],NO_TRIGGER,FILLED,OUO,OL-20250519-081500-001-MA_CROSS-42,['O-20250519-081500-001-MA_CROSS-128'],O-20250519-081500-001-MA_CROSS-126,,,,['MA_CROSS_SL'],9f8c1f7a-8406-4a94-8677-49c4cb8be992,1747642500000000000,1747670640000000000,1.12333,DEFAULT,,,,,
BACKTESTER-001,MovingAverageCrossover-MA_CROSS,EUR/USD.IDEALPRO,IDEALPRO-1-128,EUR/USD.IDEALPRO-MovingAverageCrossover-MA_CROSS,IDEALPRO-001,,LIMIT,SELL,99999.99,GTC,True,False,0.00,NO_LIQUIDITY_SIDE,,,,NO_TRIGGER,CANCELED,OUO,OL-20250519-081500-001-MA_CROSS-42,['O-20250519-081500-001-MA_CROSS-127'],O-20250519-081500-001-MA_CROSS-126,,,,['MA_CROSS_TP'],abadb179-39d2-430e-a016-42f5065dda40,1747642500000000000,1747670640000000000,,,,,1.12983,True,
BACKTESTER-001,MovingAverageCrossover-MA_CROSS,EUR/USD.IDEALPRO,IDEALPRO-1-129,EUR/USD.IDEALPRO-MovingAverageCrossover-MA_CROSS,IDEALPRO-001,IDEALPRO-1-143976,MARKET,SELL,100000.00,GTC,False,False,100000.00,TAKER,1.12836500000025,0.0,['2.26 USD'],NO_TRIGGER,FILLED,OTO,OL-20250522-234500-001-MA_CROSS-43,"['O-20250522-234500-001-MA_CROSS-130', 'O-20250522-234500-001-MA_CROSS-131']",,,,,['MA_CROSS'],c2bdd20f-96f4-44f3-a918-19170c12c1a5,1747957500000000000,1747957500000000000,,,,,,,
BACKTESTER-001,MovingAverageCrossover-MA_CROSS,EUR/USD.IDEALPRO,IDEALPRO-1-130,EUR/USD.IDEALPRO-MovingAverageCrossover-MA_CROSS,IDEALPRO-001,IDEALPRO-1-144047,STOP_MARKET,BUY,100000.00,GTC,True,False,100000.00,TAKER,1.12987499999975,4.999999750010531e-06,['2.26 USD'],NO_TRIGGER,FILLED,OUO,OL-20250522-234500-001-MA_CROSS-43,['O-20250522-234500-001-MA_CROSS-131'],O-20250522-234500-001-MA_CROSS-129,,,,['MA_CROSS_SL'],ed3f4f2c-70bc-43a1-8a18-4e5e5c6e939c,1747957500000000000,1747961640000000000,1.12987,DEFAULT,,,,,
BACKTESTER-001,MovingAverageCrossover-MA_CROSS,EUR/USD.IDEALPRO,IDEALPRO-1-131,EUR/USD.IDEALPRO-MovingAverageCrossover-MA_CROSS,IDEALPRO-001,,LIMIT,BUY,99999.99,GTC,True,False,0.00,NO_LIQUIDITY_SIDE,,,,NO_TRIGGER,CANCELED,OUO,OL-20250522-234500-001-MA_CROSS-43,['O-20250522-234500-001-MA_CROSS-130'],O-20250522-234500-001-MA_CROSS-129,,,,['MA_CROSS_TP'],53d19503-1184-4650-94d9-be9b04eb9e3a,1747957500000000000,1747961640000000000,,,,,1.12337,True,
BACKTESTER-001,MovingAverageCrossover-MA_CROSS,EUR/USD.IDEALPRO,IDEALPRO-1-132,EUR/USD.IDEALPRO-MovingAverageCrossover-MA_CROSS,IDEALPRO-001,IDEALPRO-1-144490,MARKET,BUY,100000.00,GTC,False,False,100000.00,TAKER,1.1344149999997502,0.0,['2.27 USD'],NO_TRIGGER,FILLED,OTO,OL-20250523-081500-001-MA_CROSS-44,"['O-20250523-081500-001-MA_CROSS-133', 'O-20250523-081500-001-MA_CROSS-134']",,,,,['MA_CROSS'],ef887504-ce4f-4100-a997-7f06082dd6aa,1747988100000000000,1747988100000000000,,,,,,,
BACKTESTER-001,MovingAverageCrossover-MA_CROSS,EUR/USD.IDEALPRO,IDEALPRO-1-133,EUR/USD.IDEALPRO-MovingAverageCrossover-MA_CROSS,IDEALPRO-001,IDEALPRO-1-144703,STOP_MARKET,SELL,100000.00,GTC,True,False,100000.00,TAKER,1.1329050000002503,4.999999749788486e-06,['2.27 USD'],NO_TRIGGER,FILLED,OUO,OL-20250523-081500-001-MA_CROSS-44,['O-20250523-081500-001-MA_CROSS-134'],O-20250523-081500-001-MA_CROSS-132,,,,['MA_CROSS_SL'],48867f8b-6a12-4dff-91a5-e02dbf9236e2,1747988100000000000,1748000760000000000,1.13291,DEFAULT,,,,,
BACKTESTER-001,MovingAverageCrossover-MA_CROSS,EUR/USD.IDEALPRO,IDEALPRO-1-134,EUR/USD.IDEALPRO-MovingAverageCrossover-MA_CROSS,IDEALPRO-001,,LIMIT,SELL,99999.99,GTC,True,False,0.00,NO_LIQUIDITY_SIDE,,,,NO_TRIGGER,CANCELED,OUO,OL-20250523-081500-001-MA_CROSS-44,['O-20250523-081500-001-MA_CROSS-133'],O-20250523-081500-001-MA_CROSS-132,,,,['MA_CROSS_TP'],2a246652-5d48-452e-9ab6-9dbeb4bdb76e,1747988100000000000,1748000760000000000,,,,,1.13941,True,
BACKTESTER-001,MovingAverageCrossover-MA_CROSS,EUR/USD.IDEALPRO,IDEALPRO-1-135,EUR/USD.IDEALPRO-MovingAverageCrossover-MA_CROSS,IDEALPRO-001,IDEALPRO-1-147749,MARKET,SELL,100000.00,GTC,False,False,100000.00,TAKER,1.1341050000002502,0.0,['2.27 USD'],NO_TRIGGER,FILLED,OTO,OL-20250527-150000-001-MA_CROSS-45,"['O-20250527-150000-001-MA_CROSS-136', 'O-20250527-150000-001-MA_CROSS-137']",,,,,['MA_CROSS'],cf4d11a7-7fed-43d2-abd1-862cd95b5afa,1748358000000000000,1748358000000000000,,,,,,,
BACKTESTER-001,MovingAverageCrossover-MA_CROSS,EUR/USD.IDEALPRO,IDEALPRO-1-136,EUR/USD.IDEALPRO-MovingAverageCrossover-MA_CROSS,IDEALPRO-001,,STOP_MARKET,BUY,99999.99,GTC,True,False,0.00,NO_LIQUIDITY_SIDE,,,,NO_TRIGGER,CANCELED,OUO,OL-20250527-150000-001-MA_CROSS-45,['O-20250527-150000-001-MA_CROSS-137'],O-20250527-150000-001-MA_CROSS-135,,,,['MA_CROSS_SL'],73196f5f-f294-4c7a-8ba6-dfd2ba508080,1748358000000000000,1748445480000000000,1.13561,DEFAULT,,,,,
BACKTESTER-001,MovingAverageCrossover-MA_CROSS,EUR/USD.IDEALPRO,IDEALPRO-1-137,EUR/USD.IDEALPRO-MovingAverageCrossover-MA_CROSS,IDEALPRO-001,IDEALPRO-1-149194,LIMIT,BUY,100000.00,GTC,True,False,100000.00,MAKER,1.12911,0.0,['2.26 USD'],NO_TRIGGER,FILLED,OUO,OL-20250527-150000-001-MA_CROSS-45,['O-20250527-150000-001-MA_CROSS-136'],O-20250527-150000-001-MA_CROSS-135,,,,['MA_CROSS_TP'],6272ec8e-29bd-4c3a-8472-50f5e5231902,1748358000000000000,1748445480000000000,,,,,1.12911,True,
BACKTESTER-001,MovingAverageCrossover-MA_CROSS,EUR/USD.IDEALPRO,IDEALPRO-1-138,EUR/USD.IDEALPRO-MovingAverageCrossover-MA_CROSS,IDEALPRO-001,IDEALPRO-1-150798,MARKET,BUY,100000.00,GTC,False,False,100000.00,TAKER,1.1382749999997501,0.0,['2.28 USD'],NO_TRIGGER,FILLED,OTO,OL-20250529-181500-001-MA_CROSS-46,"['O-20250529-181500-001-MA_CROSS-139', 'O-20250529-181500-001-MA_CROSS-140']",,,,,['MA_CROSS'],8d93084b-fc5f-47a4-823e-2663a4820dc2,1748542500000000000,1748542500000000000,,,,,,,
BACKTESTER-001,MovingAverageCrossover-MA_CROSS,EUR/USD.IDEALPRO,IDEALPRO-1-139,EUR/USD.IDEALPRO-MovingAverageCrossover-MA_CROSS,IDEALPRO-001,IDEALPRO-1-150888,STOP_MARKET,SELL,100000.00,GTC,True,False,100000.00,TAKER,1.13676500000025,4.999999750010531e-06,['2.27 USD'],NO_TRIGGER,FILLED,OUO,OL-20250529-181500-001-MA_CROSS-46,['O-20250529-181500-001-MA_CROSS-140'],O-20250529-181500-001-MA_CROSS-138,,,,['MA_CROSS_SL'],90195028-9aed-41a8-8392-287234dad6be,1748542500000000000,1748547780000000000,1.13677,DEFAULT,,,,,
BACKTESTER-001,MovingAverageCrossover-MA_CROSS,EUR/USD.IDEALPRO,IDEALPRO-1-140,EUR/USD.IDEALPRO-MovingAverageCrossover-MA_CROSS,IDEALPRO-001,,LIMIT,SELL,99999.99,GTC,True,False,0.00,NO_LIQUIDITY_SIDE,,,,NO_TRIGGER,CANCELED,OUO,OL-20250529-181500-001-MA_CROSS-46,['O-20250529-181500-001-MA_CROSS-139'],O-20250529-181500-001-MA_CROSS-138,,,,['MA_CROSS_TP'],891d81d4-d342-4279-81d6-a5c591309fc2,1748542500000000000,1748547780000000000,,,,,1.14327,True,
BACKTESTER-001,MovingAverageCrossover-MA_CROSS,EUR/USD.IDEALPRO,IDEALPRO-1-141,EUR/USD.IDEALPRO-MovingAverageCrossover-MA_CROSS,IDEALPRO-001,IDEALPRO-1-155152,MARKET,SELL,100000.00,GTC,False,False,100000.00,TAKER,1.13722500000025,0.0,['2.27 USD'],NO_TRIGGER,FILLED,OTO,OL-20250603-193000-001-MA_CROSS-47,"['O-20250603-193000-001-MA_CROSS-142', 'O-20250603-193000-001-MA_CROSS-143']",,,,,['MA_CROSS'],511b5caa-8b7f-4d39-8d14-dd873f17e618,1748979000000000000,1748979000000000000,,,,,,,
BACKTESTER-001,MovingAverageCrossover-MA_CROSS,EUR/USD.IDEALPRO,IDEALPRO-1-142,EUR/USD.IDEALPRO-MovingAverageCrossover-MA_CROSS,IDEALPRO-001,IDEALPRO-1-155411,STOP_MARKET,BUY,100000.00,GTC,True,False,100000.00,TAKER,1.1387349999997503,4.9999997502325755e-06,['2.28 USD'],NO_TRIGGER,FILLED,OUO,OL-20250603-193000-001-MA_CROSS-47,['O-20250603-193000-001-MA_CROSS-143'],O-20250603-193000-001-MA_CROSS-141,,,,['MA_CROSS_SL'],615072ff-3ca5-4c1e-b90a-86a9ff7a2a55,1748979000000000000,1748995320000000000,1.13873,DEFAULT,,,,,
BACKTESTER-001,MovingAverageCrossover-MA_CROSS,EUR/USD.IDEALPRO,IDEALPRO-1-143,EUR/USD.IDEALPRO-MovingAverageCrossover-MA_CROSS,IDEALPRO-001,,LIMIT,BUY,99999.99,GTC,True,False,0.00,NO_LIQUIDITY_SIDE,,,,NO_TRIGGER,CANCELED,OUO,OL-20250603-193000-001-MA_CROSS-47,['O-20250603-193000-001-MA_CROSS-142'],O-20250603-193000-001-MA_CROSS-141,,,,['MA_CROSS_TP'],b164e8de-ba7a-4ed0-b730-79cda58435ce,1748979000000000000,1748995320000000000,,,,,1.13223,True,
BACKTESTER-001,MovingAverageCrossover-MA_CROSS,EUR/USD.IDEALPRO,IDEALPRO-1-144,EUR/USD.IDEALPRO-MovingAverageCrossover-MA_CROSS,IDEALPRO-001,IDEALPRO-1-156446,MARKET,BUY,100000.00,GTC,False,False,100000.00,TAKER,1.1429849999997501,0.0,['2.29 USD'],NO_TRIGGER,FILLED,OTO,OL-20250604-171500-001-MA_CROSS-48,"['O-20250604-171500-001-MA_CROSS-145', 'O-20250604-171500-001-MA_CROSS-146']",,,,,['MA_CROSS'],7e9d3215-a233-47ac-8c57-a6abca1783ef,1749057300000000000,1749057300000000000,,,,,,,
BACKTESTER-001,MovingAverageCrossover-MA_CROSS,EUR/USD.IDEALPRO,IDEALPRO-1-145,EUR/USD.IDEALPRO-MovingAverageCrossover-MA_CROSS,IDEALPRO-001,IDEALPRO-1-156580,STOP_MARKET,SELL,100000.00,GTC,True,False,100000.00,TAKER,1.14147500000025,4.999999750010531e-06,['2.28 USD'],NO_TRIGGER,FILLED,OUO,OL-20250604-171500-001-MA_CROSS-48,['O-20250604-171500-001-MA_CROSS-146'],O-20250604-171500-001-MA_CROSS-144,,,,['MA_CROSS_SL'],ff4ebd2f-69e8-4d48-969f-328e9927d251,1749057300000000000,1749065220000000000,1.14148,DEFAULT,,,,,
BACKTESTER-001,MovingAverageCrossover-MA_CROSS,EUR/USD.IDEALPRO,IDEALPRO-1-146,EUR/USD.IDEALPRO-MovingAverageCrossover-MA_CROSS,IDEALPRO-001,,LIMIT,SELL,99999.99,GTC,True,False,0.00,NO_LIQUIDITY_SIDE,,,,NO_TRIGGER,CANCELED,OUO,OL-20250604-171500-001-MA_CROSS-48,['O-20250604-171500-001-MA_CROSS-145'],O-20250604-171500-001-MA_CROSS-144,,,,['MA_CROSS_TP'],c0a5f696-b06d-462c-90f6-f7285ff40ca5,1749057300000000000,1749065220000000000,,,,,1.14798,True,
BACKTESTER-001,MovingAverageCrossover-MA_CROSS,EUR/USD.IDEALPRO,IDEALPRO-1-147,EUR/USD.IDEALPRO-MovingAverageCrossover-MA_CROSS,IDEALPRO-001,IDEALPRO-1-159285,MARKET,SELL,100000.00,GTC,False,False,100000.00,TAKER,1.1387150000002502,0.0,['2.28 USD'],NO_TRIGGER,FILLED,OTO,OL-20250606-170000-001-MA_CROSS-49,"['O-20250606-170000-001-MA_CROSS-148', 'O-20250606-170000-001-MA_CROSS-149']",,,,,['MA_CROSS'],4a4f7bba-781e-45fc-8517-70115f81179f,1749229200000000000,1749229200000000000,,,,,,,
BACKTESTER-001,MovingAverageCrossover-MA_CROSS,EUR/USD.IDEALPRO,IDEALPRO-1-148,EUR/USD.IDEALPRO-MovingAverageCrossover-MA_CROSS,IDEALPRO-001,IDEALPRO-1-159582,STOP_MARKET,BUY,100000.00,GTC,True,False,100000.00,TAKER,1.1402249999997502,4.9999997502325755e-06,['2.28 USD'],NO_TRIGGER,FILLED,OUO,OL-20250606-170000-001-MA_CROSS-49,['O-20250606-170000-001-MA_CROSS-149'],O-20250606-170000-001-MA_CROSS-147,,,,['MA_CROSS_SL'],f6b32baf-eea7-40c3-9a1e-ac8c36278265,1749229200000000000,1749420600000000000,1.14022,DEFAULT,,,,,
BACKTESTER-001,MovingAverageCrossover-MA_CROSS,EUR/USD.IDEALPRO,IDEALPRO-1-149,EUR/USD.IDEALPRO-MovingAverageCrossover-MA_CROSS,IDEALPRO-001,,LIMIT,BUY,99999.99,GTC,True,False,0.00,NO_LIQUIDITY_SIDE,,,,NO_TRIGGER,CANCELED,OUO,OL-20250606-170000-001-MA_CROSS-49,['O-20250606-170000-001-MA_CROSS-148'],O-20250606-170000-001-MA_CROSS-147,,,,['MA_CROSS_TP'],924d913f-d6e2-46e5-a9d2-04ed02d8fc24,1749229200000000000,1749420600000000000,,,,,1.13372,True,
BACKTESTER-001,MovingAverageCrossover-MA_CROSS,EUR/USD.IDEALPRO,IDEALPRO-1-150,EUR/USD.IDEALPRO-MovingAverageCrossover-MA_CROSS,IDEALPRO-001,IDEALPRO-1-162199,MARKET,BUY,100000.00,GTC,False,False,100000.00,TAKER,1.14230499999975,0.0,['2.28 USD'],NO_TRIGGER,FILLED,OTO,OL-20250610-180000-001-MA_CROSS-50,"['O-20250610-180000-001-MA_CROSS-151', 'O-20250610-180000-001-MA_CROSS-152']",,,,,['MA_CROSS'],ad1224b3-ad43-4058-9669-fa690dfab84f,1749578400000000000,1749578400000000000,,,,,,,
BACKTESTER-001,MovingAverageCrossover-MA_CROSS,EUR/USD.IDEALPRO,IDEALPRO-1-151,EUR/USD.IDEALPRO-MovingAverageCrossover-MA_CROSS,IDEALPRO-001,IDEALPRO-1-162663,STOP_MARKET,SELL,100000.00,GTC,True,False,100000.00,TAKER,1.14079500000025,4.999999750010531e-06,['2.28 USD'],NO_TRIGGER,FILLED,OUO,OL-20250610-180000-001-MA_CROSS-50,['O-20250610-180000-001-MA_CROSS-152'],O-20250610-180000-001-MA_CROSS-150,,,,['MA_CROSS_SL'],69f3d60c-82f8-4cf2-a758-406064421f7f,1749578400000000000,1749607020000000000,1.14080,DEFAULT,,,,,
BACKTESTER-001,MovingAverageCrossover-MA_CROSS,EUR/USD.IDEALPRO,IDEALPRO-1-152,EUR/USD.IDEALPRO-MovingAverageCrossover-MA_CROSS,IDEALPRO-001,,LIMIT,SELL,99999.99,GTC,True,False,0.00,NO_LIQUIDITY_SIDE,,,,NO_TRIGGER,CANCELED,OUO,OL-20250610-180000-001-MA_CROSS-50,['O-20250610-180000-001-MA_CROSS-151'],O-20250610-180000-001-MA_CROSS-150,,,,['MA_CROSS_TP'],896f3b2e-2bec-4538-81b3-33fcea04f9da,1749578400000000000,1749607020000000000,,,,,1.14730,True,
BACKTESTER-001,MovingAverageCrossover-MA_CROSS,EUR/USD.IDEALPRO,IDEALPRO-1-153,EUR/USD.IDEALPRO-MovingAverageCrossover-MA_CROSS,IDEALPRO-001,IDEALPRO-1-168608,MARKET,SELL,100000.00,GTC,False,False,100000.00,TAKER,1.1557950000002502,0.0,['2.31 USD'],NO_TRIGGER,FILLED,OTO,OL-20250617-060000-001-MA_CROSS-51,"['O-20250617-060000-001-MA_CROSS-154', 'O-20250617-060000-001-MA_CROSS-155']",,,,,['MA_CROSS'],4c8dac61-cd08-4273-b323-3af29dbc2073,1750140000000000000,1750140000000000000,,,,,,,
BACKTESTER-001,MovingAverageCrossover-MA_CROSS,EUR/USD.IDEALPRO,IDEALPRO-1-154,EUR/USD.IDEALPRO-MovingAverageCrossover-MA_CROSS,IDEALPRO-001,,STOP_MARKET,BUY,99999.99,GTC,True,False,0.00,NO_LIQUIDITY_SIDE,,,,NO_TRIGGER,CANCELED,OUO,OL-20250617-060000-001-MA_CROSS-51,['O-20250617-060000-001-MA_CROSS-155'],O-20250617-060000-001-MA_CROSS-153,,,,['MA_CROSS_SL'],cbdf658f-20cd-408d-8d4b-d388a3ecff83,1750140000000000000,1750152600000000000,1.15730,DEFAULT,,,,,
BACKTESTER-001,MovingAverageCrossover-MA_CROSS,EUR/USD.IDEALPRO,IDEALPRO-1-155,EUR/USD.IDEALPRO-MovingAverageCrossover-MA_CROSS,IDEALPRO-001,,LIMIT,BUY,99999.99,GTC,True,False,0.00,NO_LIQUIDITY_SIDE,,,,NO_TRIGGER,CANCELED,OUO,OL-20250617-060000-001-MA_CROSS-51,['O-20250617-060000-001-MA_CROSS-154'],O-20250617-060000-001-MA_CROSS-153,,,,['MA_CROSS_TP'],761e4b5a-8183-45ff-a8dd-1a90f29b1bc9,1750140000000000000,1750152600000000000,,,,,1.15080,True,
BACKTESTER-001,MovingAverageCrossover-MA_CROSS,EUR/USD.IDEALPRO,IDEALPRO-1-156,EUR/USD.IDEALPRO-MovingAverageCrossover-MA_CROSS,IDEALPRO-001,IDEALPRO-1-168820,MARKET,BUY,100000.00,GTC,True,False,100000.00,TAKER,1.15565499999975,0.0,['2.31 USD'],NO_TRIGGER,FILLED,NO_CONTINGENCY,,,,,,,,fcc07a4d-efd5-4fb3-9dda-8b9c10be14db,1750152600000000000,1750152600000000000,,,,,,,
BACKTESTER-001,MovingAverageCrossover-MA_CROSS,EUR/USD.IDEALPRO,IDEALPRO-1-157,EUR/USD.IDEALPRO-MovingAverageCrossover-MA_CROSS,IDEALPRO-001,IDEALPRO-1-169257,MARKET,SELL,100000.00,GTC,False,False,100000.00,TAKER,1.15205500000025,0.0,['2.30 USD'],NO_TRIGGER,FILLED,OTO,OL-20250617-164500-001-MA_CROSS-52,"['O-20250617-164500-001-MA_CROSS-158', 'O-20250617-164500-001-MA_CROSS-159']",,,,,['MA_CROSS'],89d23338-5bf2-4c5c-a552-c285169732dc,1750178700000000000,1750178700000000000,,,,,,,
BACKTESTER-001,MovingAverageCrossover-MA_CROSS,EUR/USD.IDEALPRO,IDEALPRO-1-158,EUR/USD.IDEALPRO-MovingAverageCrossover-MA_CROSS,IDEALPRO-001,,STOP_MARKET,BUY,99999.99,GTC,True,False,0.00,NO_LIQUIDITY_SIDE,,,,NO_TRIGGER,CANCELED,OUO,OL-20250617-164500-001-MA_CROSS-52,['O-20250617-164500-001-MA_CROSS-159'],O-20250617-164500-001-MA_CROSS-157,,,,['MA_CROSS_SL'],c8e183bb-8d6b-4ec7-9fa0-b6dd5cd427de,1750178700000000000,1750273260000000000,1.15356,DEFAULT,,,,,
BACKTESTER-001,MovingAverageCrossover-MA_CROSS,EUR/USD.IDEALPRO,IDEALPRO-1-159,EUR/USD.IDEALPRO-MovingAverageCrossover-MA_CROSS,IDEALPRO-001,IDEALPRO-1-170820,LIMIT,BUY,100000.00,GTC,True,False,100000.00,MAKER,1.14706,0.0,['2.29 USD'],NO_TRIGGER,FILLED,OUO,OL-20250617-164500-001-MA_CROSS-52,['O-20250617-164500-001-MA_CROSS-158'],O-20250617-164500-001-MA_CROSS-157,,,,['MA_CROSS_TP'],04f7c853-ca99-4343-9144-db624b77d231,1750178700000000000,1750273260000000000,,,,,1.14706,True,
BACKTESTER-001,MovingAverageCrossover-MA_CROSS,EUR/USD.IDEALPRO,IDEALPRO-1-160,EUR/USD.IDEALPRO-MovingAverageCrossover-MA_CROSS,IDEALPRO-001,IDEALPRO-1-172726,MARKET,BUY,100000.00,GTC,False,False,100000.00,TAKER,1.1523049999997503,0.0,['2.30 USD'],NO_TRIGGER,FILLED,OTO,OL-20250620-031500-001-MA_CROSS-53,"['O-20250620-031500-001-MA_CROSS-161', 'O-20250620-031500-001-MA_CROSS-162']",,,,,['MA_CROSS'],f35f7b98-c39e-489f-a6dc-e9480d0ccb17,1750389300000000000,1750389300000000000,,,,,,,
BACKTESTER-001,MovingAverageCrossover-MA_CROSS,EUR/USD.IDEALPRO,IDEALPRO-1-161,EUR/USD.IDEALPRO-MovingAverageCrossover-MA_CROSS,IDEALPRO-001,IDEALPRO-1-173301,STOP_MARKET,SELL,100000.00,GTC,True,False,100000.00,TAKER,1.15079500000025,4.999999750010531e-06,['2.30 USD'],NO_TRIGGER,FILLED,OUO,OL-20250620-031500-001-MA_CROSS-53,['O-20250620-031500-001-MA_CROSS-162'],O-20250620-031500-001-MA_CROSS-160,,,,['MA_CROSS_SL'],965f54da-b2d9-4536-880a-5e0c46f9e930,1750389300000000000,1750423680000000000,1.15080,DEFAULT,,,,,
BACKTESTER-001,MovingAverageCrossover-MA_CROSS,EUR/USD.IDEALPRO,IDEALPRO-1-162,EUR/USD.IDEALPRO-MovingAverageCrossover-MA_CROSS,IDEALPRO-001,,LIMIT,SELL,99999.99,GTC,True,False,0.00,NO_LIQUIDITY_SIDE,,,,NO_TRIGGER,CANCELED,OUO,OL-20250620-031500-001-MA_CROSS-53,['O-20250620-031500-001-MA_CROSS-161'],O-20250620-031500-001-MA_CROSS-160,,,,['MA_CROSS_TP'],006676b2-daf9-4023-a540-cb0f1eef7be9,1750389300000000000,1750423680000000000,,,,,1.15730,True,
BACKTESTER-001,MovingAverageCrossover-MA_CROSS,EUR/USD.IDEALPRO,IDEALPRO-1-163,EUR/USD.IDEALPRO-MovingAverageCrossover-MA_CROSS,IDEALPRO-001,IDEALPRO-1-174365,MARKET,SELL,100000.00,GTC,False,False,100000.00,TAKER,1.15070500000025,0.0,['2.30 USD'],NO_TRIGGER,FILLED,OTO,OL-20250623-064500-001-MA_CROSS-54,"['O-20250623-064500-001-MA_CROSS-164', 'O-20250623-064500-001-MA_CROSS-165']",,,,,['MA_CROSS'],80c77223-b831-40be-85ca-c9f8e4bef428,1750661100000000000,1750661100000000000,,,,,,,
BACKTESTER-001,MovingAverageCrossover-MA_CROSS,EUR/USD.IDEALPRO,IDEALPRO-1-164,EUR/USD.IDEALPRO-MovingAverageCrossover-MA_CROSS,IDEALPRO-001,,STOP_MARKET,BUY,99999.99,GTC,True,False,0.00,NO_LIQUIDITY_SIDE,,,,NO_TRIGGER,CANCELED,OUO,OL-20250623-064500-001-MA_CROSS-54,['O-20250623-064500-001-MA_CROSS-165'],O-20250623-064500-001-MA_CROSS-163,,,,['MA_CROSS_SL'],f663d834-f6ed-4094-9257-5dd4dbb4121f,1750661100000000000,1750670940000000000,1.15221,DEFAULT,,,,,
BACKTESTER-001,MovingAverageCrossover-MA_CROSS,EUR/USD.IDEALPRO,IDEALPRO-1-165,EUR/USD.IDEALPRO-MovingAverageCrossover-MA_CROSS,IDEALPRO-001,IDEALPRO-1-174531,LIMIT,BUY,100000.00,GTC,True,False,100000.00,MAKER,1.1457100000000002,2.220446049250313e-16,['2.29 USD'],NO_TRIGGER,FILLED,OUO,OL-20250623-064500-001-MA_CROSS-54,['O-20250623-064500-001-MA_CROSS-164'],O-20250623-064500-001-MA_CROSS-163,,,,['MA_CROSS_TP'],d32e6357-b163-4a9b-a649-615eb74e24b9,1750661100000000000,1750670940000000000,,,,,1.14571,True,
BACKTESTER-001,MovingAverageCrossover-MA_CROSS,EUR/USD.IDEALPRO,IDEALPRO-1-166,EUR/USD.IDEALPRO-MovingAverageCrossover-MA_CROSS,IDEALPRO-001,IDEALPRO-1-175014,MARKET,BUY,100000.00,GTC,False,False,100000.00,TAKER,1.15584499999975,0.0,['2.31 USD'],NO_TRIGGER,FILLED,OTO,OL-20250623-173000-001-MA_CROSS-55,"['O-20250623-173000-001-MA_CROSS-167', 'O-20250623-173000-001-MA_CROSS-168']",,,,,['MA_CROSS'],63cce977-76a2-4736-8ee9-70a92609b258,1750699800000000000,1750699800000000000,,,,,,,
BACKTESTER-001,MovingAverageCrossover-MA_CROSS,EUR/USD.IDEALPRO,IDEALPRO-1-167,EUR/USD.IDEALPRO-MovingAverageCrossover-MA_CROSS,IDEALPRO-001,,STOP_MARKET,SELL,99999.98,GTC,True,False,0.00,NO_LIQUIDITY_SIDE,,,,NO_TRIGGER,CANCELED,OUO,OL-20250623-173000-001-MA_CROSS-55,['O-20250623-173000-001-MA_CROSS-168'],O-20250623-173000-001-MA_CROSS-166,,,,['MA_CROSS_SL'],7b501d42-842a-4c32-ae6e-0c76bc764a8d,1750699800000000000,1750726080000000000,1.15434,DEFAULT,,,,,
BACKTESTER-001,MovingAverageCrossover-MA_CROSS,EUR/USD.IDEALPRO,IDEALPRO-1-168,EUR/USD.IDEALPRO-MovingAverageCrossover-MA_CROSS,IDEALPRO-001,IDEALPRO-1-175440,LIMIT,SELL,100000.00,GTC,True,False,100000.00,MAKER,1.1608400000000003,-2.220446049250313e-16,['2.32 USD'],NO_TRIGGER,FILLED,OUO,OL-20250623-173000-001-MA_CROSS-55,['O-20250623-173000-001-MA_CROSS-167'],O-20250623-173000-001-MA_CROSS-166,,,,['MA_CROSS_TP'],cf27e5df-f36e-46d3-bbe4-1dd6f8b2f881,1750699800000000000,1750726080000000000,,,,,1.16084,True,
BACKTESTER-001,MovingAverageCrossover-MA_CROSS,EUR/USD.IDEALPRO,IDEALPRO-1-169,EUR/USD.IDEALPRO-MovingAverageCrossover-MA_CROSS,IDEALPRO-001,IDEALPRO-1-186254,MARKET,SELL,100000.00,GTC,False,False,100000.00,TAKER,1.17579500000025,0.0,['2.35 USD'],NO_TRIGGER,FILLED,OTO,OL-20250703-144500-001-MA_CROSS-56,"['O-20250703-144500-001-MA_CROSS-170', 'O-20250703-144500-001-MA_CROSS-171']",,,,,['MA_CROSS'],0e00d738-18ad-4790-9678-83e3b8e04a8a,1751553900000000000,1751553900000000000,,,,,,,
BACKTESTER-001,MovingAverageCrossover-MA_CROSS,EUR/USD.IDEALPRO,IDEALPRO-1-170,EUR/USD.IDEALPRO-MovingAverageCrossover-MA_CROSS,IDEALPRO-001,IDEALPRO-1-187043,STOP_MARKET,BUY,100000.00,GTC,True,False,100000.00,TAKER,1.17730499999975,4.999999750010531e-06,['2.35 USD'],NO_TRIGGER,FILLED,OUO,OL-20250703-144500-001-MA_CROSS-56,['O-20250703-144500-001-MA_CROSS-171'],O-20250703-144500-001-MA_CROSS-169,,,,['MA_CROSS_SL'],94ffd814-0672-477a-bedd-a2181d69eeb3,1751553900000000000,1751602020000000000,1.17730,DEFAULT,,,,,
BACKTESTER-001,MovingAverageCrossover-MA_CROSS,EUR/USD.IDEALPRO,IDEALPRO-1-171,EUR/USD.IDEALPRO-MovingAverageCrossover-MA_CROSS,IDEALPRO-001,,LIMIT,BUY,99999.99,GTC,True,False,0.00,NO_LIQUIDITY_SIDE,,,,NO_TRIGGER,CANCELED,OUO,OL-20250703-144500-001-MA_CROSS-56,['O-20250703-144500-001-MA_CROSS-170'],O-20250703-144500-001-MA_CROSS-169,,,,['MA_CROSS_TP'],ef5f35bf-7aed-4e0b-a1d9-9bb232312a70,1751553900000000000,1751602020000000000,,,,,1.17080,True,
BACKTESTER-001,MovingAverageCrossover-MA_CROSS,EUR/USD.IDEALPRO,IDEALPRO-1-172,EUR/USD.IDEALPRO-MovingAverageCrossover-MA_CROSS,IDEALPRO-001,IDEALPRO-1-192813,MARKET,BUY,100000.00,GTC,False,False,100000.00,TAKER,1.17370499999975,0.0,['2.35 USD'],NO_TRIGGER,FILLED,OTO,OL-20250710-051500-001-MA_CROSS-57,"['O-20250710-051500-001-MA_CROSS-173', 'O-20250710-051500-001-MA_CROSS-174']",,,,,['MA_CROSS'],54dfef40-a916-414c-9cfc-9a3cb983ee00,1752124500000000000,1752124500000000000,,,,,,,
BACKTESTER-001,MovingAverageCrossover-MA_CROSS,EUR/USD.IDEALPRO,IDEALPRO-1-173,EUR/USD.IDEALPRO-MovingAverageCrossover-MA_CROSS,IDEALPRO-001,IDEALPRO-1-193172,STOP_MARKET,SELL,100000.00,GTC,True,False,100000.00,TAKER,1.1721950000002501,4.999999749788486e-06,['2.34 USD'],NO_TRIGGER,FILLED,OUO,OL-20250710-051500-001-MA_CROSS-57,['O-20250710-051500-001-MA_CROSS-174'],O-20250710-051500-001-MA_CROSS-172,,,,['MA_CROSS_SL'],83f5d9f6-706d-4b56-b9c8-ec51db330336,1752124500000000000,1752145920000000000,1.17220,DEFAULT,,,,,
BACKTESTER-001,MovingAverageCrossover-MA_CROSS,EUR/USD.IDEALPRO,IDEALPRO-1-174,EUR/USD.IDEALPRO-MovingAverageCrossover-MA_CROSS,IDEALPRO-001,,LIMIT,SELL,99999.99,GTC,True,False,0.00,NO_LIQUIDITY_SIDE,,,,NO_TRIGGER,CANCELED,OUO,OL-20250710-051500-001-MA_CROSS-57,['O-20250710-051500-001-MA_CROSS-173'],O-20250710-051500-001-MA_CROSS-172,,,,['MA_CROSS_TP'],8e9e187e-6531-496a-b837-9088aa9c266e,1752124500000000000,1752145920000000000,,,,,1.17870,True,
BACKTESTER-001,MovingAverageCrossover-MA_CROSS,EUR/USD.IDEALPRO,IDEALPRO-1-175,EUR/USD.IDEALPRO-MovingAverageCrossover-MA_CROSS,IDEALPRO-001,IDEALPRO-1-193507,MARKET,SELL,100000.00,GTC,False,False,100000.00,TAKER,1.1683950000002503,0.0,['2.34 USD'],NO_TRIGGER,FILLED,OTO,OL-20250710-164500-001-MA_CROSS-58,"['O-20250710-164500-001-MA_CROSS-176', 'O-20250710-164500-001-MA_CROSS-177']",,,,,['MA_CROSS'],159cc89d-23b4-4e49-9af2-cfa6d80bb31c,1752165900000000000,1752165900000000000,,,,,,,
BACKTESTER-001,MovingAverageCrossover-MA_CROSS,EUR/USD.IDEALPRO,IDEALPRO-1-176,EUR/USD.IDEALPRO-MovingAverageCrossover-MA_CROSS,IDEALPRO-001,IDEALPRO-1-193695,STOP_MARKET,BUY,100000.00,GTC,True,False,100000.00,TAKER,1.1699049999997502,4.9999997502325755e-06,['2.34 USD'],NO_TRIGGER,FILLED,OUO,OL-20250710-164500-001-MA_CROSS-58,['O-20250710-164500-001-MA_CROSS-177'],O-20250710-164500-001-MA_CROSS-175,,,,['MA_CROSS_SL'],1799a213-c708-447c-8347-9fec30fd1d7b,1752165900000000000,1752177060000000000,1.16990,DEFAULT,,,,,
BACKTESTER-001,MovingAverageCrossover-MA_CROSS,EUR/USD.IDEALPRO,IDEALPRO-1-177,EUR/USD.IDEALPRO-MovingAverageCrossover-MA_CROSS,IDEALPRO-001,,LIMIT,BUY,99999.99,GTC,True,False,0.00,NO_LIQUIDITY_SIDE,,,,NO_TRIGGER,CANCELED,OUO,OL-20250710-164500-001-MA_CROSS-58,['O-20250710-164500-001-MA_CROSS-176'],O-20250710-164500-001-MA_CROSS-175,,,,['MA_CROSS_TP'],f4e8e958-f201-4192-9029-aa198116f31a,1752165900000000000,1752177060000000000,,,,,1.16340,True,
BACKTESTER-001,MovingAverageCrossover-MA_CROSS,EUR/USD.IDEALPRO,IDEALPRO-1-178,EUR/USD.IDEALPRO-MovingAverageCrossover-MA_CROSS,IDEALPRO-001,IDEALPRO-1-201476,MARKET,BUY,100000.00,GTC,False,False,100000.00,TAKER,1.16206499999975,0.0,['2.32 USD'],NO_TRIGGER,FILLED,OTO,OL-20250718-070000-001-MA_CROSS-59,"['O-20250718-070000-001-MA_CROSS-179', 'O-20250718-070000-001-MA_CROSS-180']",,,,,['MA_CROSS'],a096ab0c-4639-4380-8c9e-89c133dbbe4c,1752822000000000000,1752822000000000000,,,,,,,
BACKTESTER-001,MovingAverageCrossover-MA_CROSS,EUR/USD.IDEALPRO,IDEALPRO-1-179,EUR/USD.IDEALPRO-MovingAverageCrossover-MA_CROSS,IDEALPRO-001,,STOP_MARKET,SELL,99999.99,GTC,True,False,0.00,NO_LIQUIDITY_SIDE,,,,NO_TRIGGER,CANCELED,OUO,OL-20250718-070000-001-MA_CROSS-59,['O-20250718-070000-001-MA_CROSS-180'],O-20250718-070000-001-MA_CROSS-178,,,,['MA_CROSS_SL'],d69d5821-db00-4612-b00d-124bea2ad3a5,1752822000000000000,1752847260000000000,1.16056,DEFAULT,,,,,
BACKTESTER-001,MovingAverageCrossover-MA_CROSS,EUR/USD.IDEALPRO,IDEALPRO-1-180,EUR/USD.IDEALPRO-MovingAverageCrossover-MA_CROSS,IDEALPRO-001,IDEALPRO-1-201899,LIMIT,SELL,100000.00,GTC,True,False,100000.00,MAKER,1.1670600000000002,-2.220446049250313e-16,['2.33 USD'],NO_TRIGGER,FILLED,OUO,OL-20250718-070000-001-MA_CROSS-59,['O-20250718-070000-001-MA_CROSS-179'],O-20250718-070000-001-MA_CROSS-178,,,,['MA_CROSS_TP'],b392e8c4-5a32-44c5-9d0a-9f6716998d0e,1752822000000000000,1752847260000000000,,,,,1.16706,True,
BACKTESTER-001,MovingAverageCrossover-MA_CROSS,EUR/USD.IDEALPRO,IDEALPRO-1-181,EUR/USD.IDEALPRO-MovingAverageCrossover-MA_CROSS,IDEALPRO-001,IDEALPRO-1-208680,MARKET,SELL,100000.00,GTC,False,False,100000.00,TAKER,1.17437500000025,0.0,['2.35 USD'],NO_TRIGGER,FILLED,OTO,OL-20250725-081500-001-MA_CROSS-60,"['O-20250725-081500-001-MA_CROSS-182', 'O-20250725-081500-001-MA_CROSS-183']",,,,,['MA_CROSS'],fea4da8d-88e6-4837-ac9e-4bd688a35998,1753431300000000000,1753431300000000000,,,,,,,
BACKTESTER-001,MovingAverageCrossover-MA_CROSS,EUR/USD.IDEALPRO,IDEALPRO-1-182,EUR/USD.IDEALPRO-MovingAverageCrossover-MA_CROSS,IDEALPRO-001,IDEALPRO-1-209465,STOP_MARKET,BUY,100000.00,GTC,True,False,100000.00,TAKER,1.17588499999975,4.999999750010531e-06,['2.35 USD'],NO_TRIGGER,FILLED,OUO,OL-20250725-081500-001-MA_CROSS-60,['O-20250725-081500-001-MA_CROSS-183'],O-20250725-081500-001-MA_CROSS-181,,,,['MA_CROSS_SL'],7b0f3741-29c0-464c-9f69-f4c9f09d4ca9,1753431300000000000,1753651980000000000,1.17588,DEFAULT,,,,,
BACKTESTER-001,MovingAverageCrossover-MA_CROSS,EUR/USD.IDEALPRO,IDEALPRO-1-183,EUR/USD.IDEALPRO-MovingAverageCrossover-MA_CROSS,IDEALPRO-001,,LIMIT,BUY,99999.99,GTC,True,False,0.00,NO_LIQUIDITY_SIDE,,,,NO_TRIGGER,CANCELED,OUO,OL-20250725-081500-001-MA_CROSS-60,['O-20250725-081500-001-MA_CROSS-182'],O-20250725-081500-001-MA_CROSS-181,,,,['MA_CROSS_TP'],72616195-3f45-46a5-9795-9b6416c3d8a7,1753431300000000000,1753651980000000000,,,,,1.16938,True,
