trader_id,strategy_id,instrument_id,venue_order_id,position_id,account_id,last_trade_id,type,side,quantity,time_in_force,is_reduce_only,is_quote_quantity,filled_qty,liquidity_side,avg_px,slippage,commissions,emulation_trigger,status,contingency_type,order_list_id,linked_order_ids,parent_order_id,exec_algorithm_id,exec_algorithm_params,exec_spawn_id,tags,init_id,ts_init,ts_last,trigger_price,trigger_type,expire_time_ns,trigger_instrument_id,price,is_post_only,display_qty
BACKTESTER-001,MovingAverageCrossover-MA_CROSS,EUR/USD.IDEALPRO,IDEALPRO-1-001,EUR/USD.IDEALPRO-MovingAverageCrossover-MA_CROSS,IDEALPRO-001,IDEALPRO-1-842,MARKET,SELL,100000.00,GTC,False,False,100000.00,TAKER,1.03133500000025,0.0,['2.06 USD'],NO_TRIGGER,FILLED,OTO,OL-20250102-140000-001-MA_CROSS-1,"['O-20250102-140000-001-MA_CROSS-2', 'O-20250102-140000-001-MA_CROSS-3']",,,,,['MA_CROSS'],e0483048-0217-43f9-9999-9c63db9bbcc1,1735826400000000000,1735826400000000000,,,,,,,
BACKTESTER-001,MovingAverageCrossover-MA_CROSS,EUR/USD.IDEALPRO,IDEALPRO-1-002,EUR/USD.IDEALPRO-MovingAverageCrossover-MA_CROSS,IDEALPRO-001,,STOP_MARKET,BUY,99999.99,GTC,True,False,0.00,NO_LIQUIDITY_SIDE,,,,NO_TRIGGER,CANCELED,OUO,OL-20250102-140000-001-MA_CROSS-1,['O-20250102-140000-001-MA_CROSS-3'],O-20250102-140000-001-MA_CROSS-1,,,,['MA_CROSS_SL'],4d04f3b8-28da-45cb-836f-237c9f837d36,1735826400000000000,1735833840000000000,1.03384,DEFAULT,,,,,
BACKTESTER-001,MovingAverageCrossover-MA_CROSS,EUR/USD.IDEALPRO,IDEALPRO-1-003,EUR/USD.IDEALPRO-MovingAverageCrossover-MA_CROSS,IDEALPRO-001,IDEALPRO-1-968,LIMIT,BUY,100000.00,GTC,True,False,100000.00,MAKER,1.02534,0.0,['2.05 USD'],NO_TRIGGER,FILLED,OUO,OL-20250102-140000-001-MA_CROSS-1,['O-20250102-140000-001-MA_CROSS-2'],O-20250102-140000-001-MA_CROSS-1,,,,['MA_CROSS_TP'],a994c4df-2831-44b9-a63e-e70eb9abbf01,1735826400000000000,1735833840000000000,,,,,1.02534,True,
BACKTESTER-001,MovingAverageCrossover-MA_CROSS,EUR/USD.IDEALPRO,IDEALPRO-1-004,EUR/USD.IDEALPRO-MovingAverageCrossover-MA_CROSS,IDEALPRO-001,IDEALPRO-1-3036,MARKET,BUY,100000.00,GTC,False,False,100000.00,TAKER,1.03161499999975,0.0,['2.06 USD'],NO_TRIGGER,FILLED,OTO,OL-20250106-030000-001-MA_CROSS-2,"['O-20250106-030000-001-MA_CROSS-5', 'O-20250106-030000-001-MA_CROSS-6']",,,,,['MA_CROSS'],9010a616-f49b-4f3f-99cc-9350310bc822,1736132400000000000,1736132400000000000,,,,,,,
BACKTESTER-001,MovingAverageCrossover-MA_CROSS,EUR/USD.IDEALPRO,IDEALPRO-1-005,EUR/USD.IDEALPRO-MovingAverageCrossover-MA_CROSS,IDEALPRO-001,,STOP_MARKET,SELL,99999.99,GTC,True,False,0.00,NO_LIQUIDITY_SIDE,,,,NO_TRIGGER,CANCELED,OUO,OL-20250106-030000-001-MA_CROSS-2,['O-20250106-030000-001-MA_CROSS-6'],O-20250106-030000-001-MA_CROSS-4,,,,['MA_CROSS_SL'],c5cb979a-1af0-4eb6-b53b-7f285ac90da0,1736132400000000000,1736162100000000000,1.02911,DEFAULT,,,,,
BACKTESTER-001,MovingAverageCrossover-MA_CROSS,EUR/USD.IDEALPRO,IDEALPRO-1-006,EUR/USD.IDEALPRO-MovingAverageCrossover-MA_CROSS,IDEALPRO-001,IDEALPRO-1-3533,LIMIT,SELL,100000.00,GTC,True,False,100000.00,MAKER,1.03761,0.0,['2.08 USD'],NO_TRIGGER,FILLED,OUO,OL-20250106-030000-001-MA_CROSS-2,['O-20250106-030000-001-MA_CROSS-5'],O-20250106-030000-001-MA_CROSS-4,,,,['MA_CROSS_TP'],03b731ce-09a6-4d42-81ef-3e729d576b3f,1736132400000000000,1736162100000000000,,,,,1.03761,True,
BACKTESTER-001,MovingAverageCrossover-MA_CROSS,EUR/USD.IDEALPRO,IDEALPRO-1-007,EUR/USD.IDEALPRO-MovingAverageCrossover-MA_CROSS,IDEALPRO-001,IDEALPRO-1-5935,MARKET,SELL,100000.00,GTC,False,False,100000.00,TAKER,1.03468500000025,0.0,['2.07 USD'],NO_TRIGGER,FILLED,OTO,OL-20250108-034500-001-MA_CROSS-3,"['O-20250108-034500-001-MA_CROSS-8', 'O-20250108-034500-001-MA_CROSS-9']",,,,,['MA_CROSS'],c90f9178-4ecd-47b3-b446-1b8765c7841d,1736307900000000000,1736307900000000000,,,,,,,
BACKTESTER-001,MovingAverageCrossover-MA_CROSS,EUR/USD.IDEALPRO,IDEALPRO-1-008,EUR/USD.IDEALPRO-MovingAverageCrossover-MA_CROSS,IDEALPRO-001,,STOP_MARKET,BUY,99999.99,GTC,True,False,0.00,NO_LIQUIDITY_SIDE,,,,NO_TRIGGER,CANCELED,OUO,OL-20250108-034500-001-MA_CROSS-3,['O-20250108-034500-001-MA_CROSS-9'],O-20250108-034500-001-MA_CROSS-7,,,,['MA_CROSS_SL'],5b0175c2-ea02-43a5-b25b-ddd5e123d897,1736307900000000000,1736336040000000000,1.03719,DEFAULT,,,,,
BACKTESTER-001,MovingAverageCrossover-MA_CROSS,EUR/USD.IDEALPRO,IDEALPRO-1-009,EUR/USD.IDEALPRO-MovingAverageCrossover-MA_CROSS,IDEALPRO-001,IDEALPRO-1-6406,LIMIT,BUY,100000.00,GTC,True,False,100000.00,MAKER,1.02869,0.0,['2.06 USD'],NO_TRIGGER,FILLED,OUO,OL-20250108-034500-001-MA_CROSS-3,['O-20250108-034500-001-MA_CROSS-8'],O-20250108-034500-001-MA_CROSS-7,,,,['MA_CROSS_TP'],831d7d63-0ee2-403a-b31c-e7c2f529e0f2,1736307900000000000,1736336040000000000,,,,,1.02869,True,
BACKTESTER-001,MovingAverageCrossover-MA_CROSS,EUR/USD.IDEALPRO,IDEALPRO-1-010,EUR/USD.IDEALPRO-MovingAverageCrossover-MA_CROSS,IDEALPRO-001,IDEALPRO-1-12239,MARKET,BUY,100000.00,GTC,False,False,100000.00,TAKER,1.02534499999975,0.0,['2.05 USD'],NO_TRIGGER,FILLED,OTO,OL-20250114-134500-001-MA_CROSS-4,"['O-20250114-134500-001-MA_CROSS-11', 'O-20250114-134500-001-MA_CROSS-12']",,,,,['MA_CROSS'],9ca91a28-945c-4fd0-a5c3-436a404a5891,1736862300000000000,1736862300000000000,,,,,,,
BACKTESTER-001,MovingAverageCrossover-MA_CROSS,EUR/USD.IDEALPRO,IDEALPRO-1-011,EUR/USD.IDEALPRO-MovingAverageCrossover-MA_CROSS,IDEALPRO-001,,STOP_MARKET,SELL,99999.99,GTC,True,False,0.00,NO_LIQUIDITY_SIDE,,,,NO_TRIGGER,CANCELED,OUO,OL-20250114-134500-001-MA_CROSS-4,['O-20250114-134500-001-MA_CROSS-12'],O-20250114-134500-001-MA_CROSS-10,,,,['MA_CROSS_SL'],ce63d159-5d18-466b-a3b6-4bfdec98f0f1,1736862300000000000,1736928240000000000,1.02284,DEFAULT,,,,,
BACKTESTER-001,MovingAverageCrossover-MA_CROSS,EUR/USD.IDEALPRO,IDEALPRO-1-012,EUR/USD.IDEALPRO-MovingAverageCrossover-MA_CROSS,IDEALPRO-001,IDEALPRO-1-13325,LIMIT,SELL,100000.00,GTC,True,False,100000.00,MAKER,1.03134,0.0,['2.06 USD'],NO_TRIGGER,FILLED,OUO,OL-20250114-134500-001-MA_CROSS-4,['O-20250114-134500-001-MA_CROSS-11'],O-20250114-134500-001-MA_CROSS-10,,,,['MA_CROSS_TP'],11749ba6-f93d-4ea6-becb-1d5129e67d5a,1736862300000000000,1736928240000000000,,,,,1.03134,True,
BACKTESTER-001,MovingAverageCrossover-MA_CROSS,EUR/USD.IDEALPRO,IDEALPRO-1-013,EUR/USD.IDEALPRO-MovingAverageCrossover-MA_CROSS,IDEALPRO-001,IDEALPRO-1-16458,MARKET,SELL,100000.00,GTC,False,False,100000.00,TAKER,1.02956500000025,0.0,['2.06 USD'],NO_TRIGGER,FILLED,OTO,OL-20250117-124500-001-MA_CROSS-5,"['O-20250117-124500-001-MA_CROSS-14', 'O-20250117-124500-001-MA_CROSS-15']",,,,,['MA_CROSS'],3d5eac1e-8960-4605-9784-2dd3d152df50,1737117900000000000,1737117900000000000,,,,,,,
BACKTESTER-001,MovingAverageCrossover-MA_CROSS,EUR/USD.IDEALPRO,IDEALPRO-1-014,EUR/USD.IDEALPRO-MovingAverageCrossover-MA_CROSS,IDEALPRO-001,IDEALPRO-1-16601,STOP_MARKET,BUY,100000.00,GTC,True,False,100000.00,TAKER,1.03207499999975,4.999999750010531e-06,['2.06 USD'],NO_TRIGGER,FILLED,OUO,OL-20250117-124500-001-MA_CROSS-5,['O-20250117-124500-001-MA_CROSS-15'],O-20250117-124500-001-MA_CROSS-13,,,,['MA_CROSS_SL'],ad02321d-4362-4f19-ab4e-ca7b98ff1fe4,1737117900000000000,1737126360000000000,1.03207,DEFAULT,,,,,
BACKTESTER-001,MovingAverageCrossover-MA_CROSS,EUR/USD.IDEALPRO,IDEALPRO-1-015,EUR/USD.IDEALPRO-MovingAverageCrossover-MA_CROSS,IDEALPRO-001,,LIMIT,BUY,99999.99,GTC,True,False,0.00,NO_LIQUIDITY_SIDE,,,,NO_TRIGGER,CANCELED,OUO,OL-20250117-124500-001-MA_CROSS-5,['O-20250117-124500-001-MA_CROSS-14'],O-20250117-124500-001-MA_CROSS-13,,,,['MA_CROSS_TP'],16badeb2-6906-4afb-a680-b79b563672fe,1737117900000000000,1737126360000000000,,,,,1.02357,True,
BACKTESTER-001,MovingAverageCrossover-MA_CROSS,EUR/USD.IDEALPRO,IDEALPRO-1-016,EUR/USD.IDEALPRO-MovingAverageCrossover-MA_CROSS,IDEALPRO-001,IDEALPRO-1-17677,MARKET,BUY,100000.00,GTC,False,False,100000.00,TAKER,1.03136499999975,0.0,['2.06 USD'],NO_TRIGGER,FILLED,OTO,OL-20250120-091500-001-MA_CROSS-6,"['O-20250120-091500-001-MA_CROSS-17', 'O-20250120-091500-001-MA_CROSS-18']",,,,,['MA_CROSS'],26afafed-2140-4bfe-8074-1ffaa7f88096,1737364500000000000,1737364500000000000,,,,,,,
BACKTESTER-001,MovingAverageCrossover-MA_CROSS,EUR/USD.IDEALPRO,IDEALPRO-1-017,EUR/USD.IDEALPRO-MovingAverageCrossover-MA_CROSS,IDEALPRO-001,,STOP_MARKET,SELL,99999.99,GTC,True,False,0.00,NO_LIQUIDITY_SIDE,,,,NO_TRIGGER,CANCELED,OUO,OL-20250120-091500-001-MA_CROSS-6,['O-20250120-091500-001-MA_CROSS-18'],O-20250120-091500-001-MA_CROSS-16,,,,['MA_CROSS_SL'],8dee595b-9f42-4cbf-8d6e-f055f86df108,1737364500000000000,1737379920000000000,1.02886,DEFAULT,,,,,
BACKTESTER-001,MovingAverageCrossover-MA_CROSS,EUR/USD.IDEALPRO,IDEALPRO-1-018,EUR/USD.IDEALPRO-MovingAverageCrossover-MA_CROSS,IDEALPRO-001,IDEALPRO-1-17936,LIMIT,SELL,100000.00,GTC,True,False,100000.00,MAKER,1.03736,0.0,['2.07 USD'],NO_TRIGGER,FILLED,OUO,OL-20250120-091500-001-MA_CROSS-6,['O-20250120-091500-001-MA_CROSS-17'],O-20250120-091500-001-MA_CROSS-16,,,,['MA_CROSS_TP'],456c8d8c-3cac-49cc-a39e-7c9f9dd8af5a,1737364500000000000,1737379920000000000,,,,,1.03736,True,
BACKTESTER-001,MovingAverageCrossover-MA_CROSS,EUR/USD.IDEALPRO,IDEALPRO-1-019,EUR/USD.IDEALPRO-MovingAverageCrossover-MA_CROSS,IDEALPRO-001,IDEALPRO-1-22316,MARKET,SELL,100000.00,GTC,False,False,100000.00,TAKER,1.0401150000002501,0.0,['2.08 USD'],NO_TRIGGER,FILLED,OTO,OL-20250123-151500-001-MA_CROSS-7,"['O-20250123-151500-001-MA_CROSS-20', 'O-20250123-151500-001-MA_CROSS-21']",,,,,['MA_CROSS'],032584fd-bb6e-4d85-96b2-74995080ee6c,1737645300000000000,1737645300000000000,,,,,,,
BACKTESTER-001,MovingAverageCrossover-MA_CROSS,EUR/USD.IDEALPRO,IDEALPRO-1-020,EUR/USD.IDEALPRO-MovingAverageCrossover-MA_CROSS,IDEALPRO-001,IDEALPRO-1-22409,STOP_MARKET,BUY,100000.00,GTC,True,False,100000.00,TAKER,1.0426249999997501,4.999999750010531e-06,['2.09 USD'],NO_TRIGGER,FILLED,OUO,OL-20250123-151500-001-MA_CROSS-7,['O-20250123-151500-001-MA_CROSS-21'],O-20250123-151500-001-MA_CROSS-19,,,,['MA_CROSS_SL'],d11d82d5-6057-4caa-a841-915fc7d6ced4,1737645300000000000,1737650760000000000,1.04262,DEFAULT,,,,,
BACKTESTER-001,MovingAverageCrossover-MA_CROSS,EUR/USD.IDEALPRO,IDEALPRO-1-021,EUR/USD.IDEALPRO-MovingAverageCrossover-MA_CROSS,IDEALPRO-001,,LIMIT,BUY,99999.99,GTC,True,False,0.00,NO_LIQUIDITY_SIDE,,,,NO_TRIGGER,CANCELED,OUO,OL-20250123-151500-001-MA_CROSS-7,['O-20250123-151500-001-MA_CROSS-20'],O-20250123-151500-001-MA_CROSS-19,,,,['MA_CROSS_TP'],4d36f611-eb77-4e6d-abb9-606bf6f4cb0d,1737645300000000000,1737650760000000000,,,,,1.03412,True,
BACKTESTER-001,MovingAverageCrossover-MA_CROSS,EUR/USD.IDEALPRO,IDEALPRO-1-022,EUR/USD.IDEALPRO-MovingAverageCrossover-MA_CROSS,IDEALPRO-001,IDEALPRO-1-22485,MARKET,BUY,100000.00,GTC,False,False,100000.00,TAKER,1.04354499999975,0.0,['2.09 USD'],NO_TRIGGER,FILLED,OTO,OL-20250123-180000-001-MA_CROSS-8,"['O-20250123-180000-001-MA_CROSS-23', 'O-20250123-180000-001-MA_CROSS-24']",,,,,['MA_CROSS'],78005479-6a3b-4a1c-8ef6-ef4a668ccf55,1737655200000000000,1737655200000000000,,,,,,,
BACKTESTER-001,MovingAverageCrossover-MA_CROSS,EUR/USD.IDEALPRO,IDEALPRO-1-023,EUR/USD.IDEALPRO-MovingAverageCrossover-MA_CROSS,IDEALPRO-001,,STOP_MARKET,SELL,99999.98,GTC,True,False,0.00,NO_LIQUIDITY_SIDE,,,,NO_TRIGGER,CANCELED,OUO,OL-20250123-180000-001-MA_CROSS-8,['O-20250123-180000-001-MA_CROSS-24'],O-20250123-180000-001-MA_CROSS-22,,,,['MA_CROSS_SL'],00699a1e-4ba5-4660-b048-a58ad8115170,1737655200000000000,1737709260000000000,1.04104,DEFAULT,,,,,
BACKTESTER-001,MovingAverageCrossover-MA_CROSS,EUR/USD.IDEALPRO,IDEALPRO-1-024,EUR/USD.IDEALPRO-MovingAverageCrossover-MA_CROSS,IDEALPRO-001,IDEALPRO-1-23374,LIMIT,SELL,100000.00,GTC,True,False,100000.00,MAKER,1.04954,0.0,['2.10 USD'],NO_TRIGGER,FILLED,OUO,OL-20250123-180000-001-MA_CROSS-8,['O-20250123-180000-001-MA_CROSS-23'],O-20250123-180000-001-MA_CROSS-22,,,,['MA_CROSS_TP'],938eed17-fea0-4c9d-97e7-dbf93200a133,1737655200000000000,1737709260000000000,,,,,1.04954,True,
BACKTESTER-001,MovingAverageCrossover-MA_CROSS,EUR/USD.IDEALPRO,IDEALPRO-1-025,EUR/USD.IDEALPRO-MovingAverageCrossover-MA_CROSS,IDEALPRO-001,IDEALPRO-1-26150,MARKET,SELL,100000.00,GTC,False,False,100000.00,TAKER,1.04314500000025,0.0,['2.09 USD'],NO_TRIGGER,FILLED,OTO,OL-20250128-074500-001-MA_CROSS-9,"['O-20250128-074500-001-MA_CROSS-26', 'O-20250128-074500-001-MA_CROSS-27']",,,,,['MA_CROSS'],4382fa05-a66d-4e7d-81ab-471260883ea9,1738050300000000000,1738050300000000000,,,,,,,
BACKTESTER-001,MovingAverageCrossover-MA_CROSS,EUR/USD.IDEALPRO,IDEALPRO-1-026,EUR/USD.IDEALPRO-MovingAverageCrossover-MA_CROSS,IDEALPRO-001,IDEALPRO-1-29376,STOP_MARKET,BUY,100000.00,GTC,True,False,100000.00,TAKER,1.04565499999975,4.999999750010531e-06,['2.09 USD'],NO_TRIGGER,FILLED,OUO,OL-20250128-074500-001-MA_CROSS-9,['O-20250128-074500-001-MA_CROSS-27'],O-20250128-074500-001-MA_CROSS-25,,,,['MA_CROSS_SL'],7002701a-8bda-455e-a77c-868a784c4469,1738050300000000000,1738245540000000000,1.04565,DEFAULT,,,,,
BACKTESTER-001,MovingAverageCrossover-MA_CROSS,EUR/USD.IDEALPRO,IDEALPRO-1-027,EUR/USD.IDEALPRO-MovingAverageCrossover-MA_CROSS,IDEALPRO-001,,LIMIT,BUY,99999.99,GTC,True,False,0.00,NO_LIQUIDITY_SIDE,,,,NO_TRIGGER,CANCELED,OUO,OL-20250128-074500-001-MA_CROSS-9,['O-20250128-074500-001-MA_CROSS-26'],O-20250128-074500-001-MA_CROSS-25,,,,['MA_CROSS_TP'],7731f4ec-e190-4be6-b91d-16c485dfa89a,1738050300000000000,1738245540000000000,,,,,1.03715,True,
BACKTESTER-001,MovingAverageCrossover-MA_CROSS,EUR/USD.IDEALPRO,IDEALPRO-1-028,EUR/USD.IDEALPRO-MovingAverageCrossover-MA_CROSS,IDEALPRO-001,IDEALPRO-1-33759,MARKET,BUY,100000.00,GTC,False,False,100000.00,TAKER,1.03794499999975,0.0,['2.08 USD'],NO_TRIGGER,FILLED,OTO,OL-20250204-154500-001-MA_CROSS-10,"['O-20250204-154500-001-MA_CROSS-29', 'O-20250204-154500-001-MA_CROSS-30']",,,,,['MA_CROSS'],d7b9d2b6-7c24-4b99-b340-2a20ff322dc7,1738683900000000000,1738683900000000000,,,,,,,
BACKTESTER-001,MovingAverageCrossover-MA_CROSS,EUR/USD.IDEALPRO,IDEALPRO-1-029,EUR/USD.IDEALPRO-MovingAverageCrossover-MA_CROSS,IDEALPRO-001,,STOP_MARKET,SELL,99999.99,GTC,True,False,0.00,NO_LIQUIDITY_SIDE,,,,NO_TRIGGER,CANCELED,OUO,OL-20250204-154500-001-MA_CROSS-10,['O-20250204-154500-001-MA_CROSS-30'],O-20250204-154500-001-MA_CROSS-28,,,,['MA_CROSS_SL'],a360c6bd-84d8-4a33-af98-e31a2b1b09f4,1738683900000000000,1738767660000000000,1.03544,DEFAULT,,,,,
BACKTESTER-001,MovingAverageCrossover-MA_CROSS,EUR/USD.IDEALPRO,IDEALPRO-1-030,EUR/USD.IDEALPRO-MovingAverageCrossover-MA_CROSS,IDEALPRO-001,IDEALPRO-1-35142,LIMIT,SELL,100000.00,GTC,True,False,100000.00,MAKER,1.04394,0.0,['2.09 USD'],NO_TRIGGER,FILLED,OUO,OL-20250204-154500-001-MA_CROSS-10,['O-20250204-154500-001-MA_CROSS-29'],O-20250204-154500-001-MA_CROSS-28,,,,['MA_CROSS_TP'],d4008246-b834-4b98-a379-ebb2ed7ec17b,1738683900000000000,1738767660000000000,,,,,1.04394,True,
BACKTESTER-001,MovingAverageCrossover-MA_CROSS,EUR/USD.IDEALPRO,IDEALPRO-1-031,EUR/USD.IDEALPRO-MovingAverageCrossover-MA_CROSS,IDEALPRO-001,IDEALPRO-1-36613,MARKET,SELL,100000.00,GTC,False,False,100000.00,TAKER,1.03664500000025,0.0,['2.07 USD'],NO_TRIGGER,FILLED,OTO,OL-20250206-154500-001-MA_CROSS-11,"['O-20250206-154500-001-MA_CROSS-32', 'O-20250206-154500-001-MA_CROSS-33']",,,,,['MA_CROSS'],cd5e6f0f-edaa-4401-95aa-019766b78e65,1738856700000000000,1738856700000000000,,,,,,,
BACKTESTER-001,MovingAverageCrossover-MA_CROSS,EUR/USD.IDEALPRO,IDEALPRO-1-032,EUR/USD.IDEALPRO-MovingAverageCrossover-MA_CROSS,IDEALPRO-001,IDEALPRO-1-36794,STOP_MARKET,BUY,100000.00,GTC,True,False,100000.00,TAKER,1.03915499999975,4.999999750010531e-06,['2.08 USD'],NO_TRIGGER,FILLED,OUO,OL-20250206-154500-001-MA_CROSS-11,['O-20250206-154500-001-MA_CROSS-33'],O-20250206-154500-001-MA_CROSS-31,,,,['MA_CROSS_SL'],25960dff-450d-4af4-9af7-50114feaaea7,1738856700000000000,1738867440000000000,1.03915,DEFAULT,,,,,
BACKTESTER-001,MovingAverageCrossover-MA_CROSS,EUR/USD.IDEALPRO,IDEALPRO-1-033,EUR/USD.IDEALPRO-MovingAverageCrossover-MA_CROSS,IDEALPRO-001,,LIMIT,BUY,99999.99,GTC,True,False,0.00,NO_LIQUIDITY_SIDE,,,,NO_TRIGGER,CANCELED,OUO,OL-20250206-154500-001-MA_CROSS-11,['O-20250206-154500-001-MA_CROSS-32'],O-20250206-154500-001-MA_CROSS-31,,,,['MA_CROSS_TP'],84eb1e7f-1e91-4e24-8296-ecd6057725a2,1738856700000000000,1738867440000000000,,,,,1.03065,True,
BACKTESTER-001,MovingAverageCrossover-MA_CROSS,EUR/USD.IDEALPRO,IDEALPRO-1-034,EUR/USD.IDEALPRO-MovingAverageCrossover-MA_CROSS,IDEALPRO-001,IDEALPRO-1-37112,MARKET,BUY,100000.00,GTC,False,False,100000.00,TAKER,1.0387649999997501,0.0,['2.08 USD'],NO_TRIGGER,FILLED,OTO,OL-20250207-001500-001-MA_CROSS-12,"['O-20250207-001500-001-MA_CROSS-35', 'O-20250207-001500-001-MA_CROSS-36']",,,,,['MA_CROSS'],fe0f857c-f1b2-4ada-925c-106887a05fcd,1738887300000000000,1738887300000000000,,,,,,,
BACKTESTER-001,MovingAverageCrossover-MA_CROSS,EUR/USD.IDEALPRO,IDEALPRO-1-035,EUR/USD.IDEALPRO-MovingAverageCrossover-MA_CROSS,IDEALPRO-001,,STOP_MARKET,SELL,99999.99,GTC,True,False,0.00,NO_LIQUIDITY_SIDE,,,,NO_TRIGGER,CANCELED,OUO,OL-20250207-001500-001-MA_CROSS-12,['O-20250207-001500-001-MA_CROSS-36'],O-20250207-001500-001-MA_CROSS-34,,,,['MA_CROSS_SL'],43cdd316-8519-44a1-b3ed-f8d91eda6318,1738887300000000000,1738906200000000000,1.03626,DEFAULT,,,,,
BACKTESTER-001,MovingAverageCrossover-MA_CROSS,EUR/USD.IDEALPRO,IDEALPRO-1-036,EUR/USD.IDEALPRO-MovingAverageCrossover-MA_CROSS,IDEALPRO-001,,LIMIT,SELL,99999.99,GTC,True,False,0.00,NO_LIQUIDITY_SIDE,,,,NO_TRIGGER,CANCELED,OUO,OL-20250207-001500-001-MA_CROSS-12,['O-20250207-001500-001-MA_CROSS-35'],O-20250207-001500-001-MA_CROSS-34,,,,['MA_CROSS_TP'],fd8be940-f7af-4208-89de-4938e24f8176,1738887300000000000,1738906200000000000,,,,,1.04476,True,
BACKTESTER-001,MovingAverageCrossover-MA_CROSS,EUR/USD.IDEALPRO,IDEALPRO-1-037,EUR/USD.IDEALPRO-MovingAverageCrossover-MA_CROSS,IDEALPRO-001,IDEALPRO-1-37429,MARKET,SELL,100000.00,GTC,True,False,100000.00,TAKER,1.0378550000002502,0.0,['2.08 USD'],NO_TRIGGER,FILLED,NO_CONTINGENCY,,,,,,,,a2996c55-0f83-406f-b536-d7f612f592fd,1738906200000000000,1738906200000000000,,,,,,,
BACKTESTER-001,MovingAverageCrossover-MA_CROSS,EUR/USD.IDEALPRO,IDEALPRO-1-038,EUR/USD.IDEALPRO-MovingAverageCrossover-MA_CROSS,IDEALPRO-001,IDEALPRO-1-41166,MARKET,BUY,100000.00,GTC,False,False,100000.00,TAKER,1.0361849999997501,0.0,['2.07 USD'],NO_TRIGGER,FILLED,OTO,OL-20250211-201500-001-MA_CROSS-13,"['O-20250211-201500-001-MA_CROSS-39', 'O-20250211-201500-001-MA_CROSS-40']",,,,,['MA_CROSS'],e3b1bc7a-efa6-472a-8766-960d0493cd40,1739304900000000000,1739304900000000000,,,,,,,
BACKTESTER-001,MovingAverageCrossover-MA_CROSS,EUR/USD.IDEALPRO,IDEALPRO-1-039,EUR/USD.IDEALPRO-MovingAverageCrossover-MA_CROSS,IDEALPRO-001,IDEALPRO-1-42189,STOP_MARKET,SELL,100000.00,GTC,True,False,100000.00,TAKER,1.0336750000002501,4.999999749788486e-06,['2.07 USD'],NO_TRIGGER,FILLED,OUO,OL-20250211-201500-001-MA_CROSS-13,['O-20250211-201500-001-MA_CROSS-40'],O-20250211-201500-001-MA_CROSS-38,,,,['MA_CROSS_SL'],3ea89390-2268-4dd4-94d1-06adfff0bab5,1739304900000000000,1739367060000000000,1.03368,DEFAULT,,,,,
BACKTESTER-001,MovingAverageCrossover-MA_CROSS,EUR/USD.IDEALPRO,IDEALPRO-1-040,EUR/USD.IDEALPRO-MovingAverageCrossover-MA_CROSS,IDEALPRO-001,,LIMIT,SELL,99999.99,GTC,True,False,0.00,NO_LIQUIDITY_SIDE,,,,NO_TRIGGER,CANCELED,OUO,OL-20250211-201500-001-MA_CROSS-13,['O-20250211-201500-001-MA_CROSS-39'],O-20250211-201500-001-MA_CROSS-38,,,,['MA_CROSS_TP'],dbe10389-af5a-4324-bed6-d8ebbe85a9f8,1739304900000000000,1739367060000000000,,,,,1.04218,True,
BACKTESTER-001,MovingAverageCrossover-MA_CROSS,EUR/USD.IDEALPRO,IDEALPRO-1-041,EUR/USD.IDEALPRO-MovingAverageCrossover-MA_CROSS,IDEALPRO-001,IDEALPRO-1-47575,MARKET,SELL,100000.00,GTC,False,False,100000.00,TAKER,1.04568500000025,0.0,['2.09 USD'],NO_TRIGGER,FILLED,OTO,OL-20250218-081500-001-MA_CROSS-14,"['O-20250218-081500-001-MA_CROSS-42', 'O-20250218-081500-001-MA_CROSS-43']",,,,,['MA_CROSS'],812664cd-1e8e-4438-882e-584f90dadb07,1739866500000000000,1739866500000000000,,,,,,,
BACKTESTER-001,MovingAverageCrossover-MA_CROSS,EUR/USD.IDEALPRO,IDEALPRO-1-042,EUR/USD.IDEALPRO-MovingAverageCrossover-MA_CROSS,IDEALPRO-001,IDEALPRO-1-50963,STOP_MARKET,BUY,100000.00,GTC,True,False,100000.00,TAKER,1.04819499999975,4.999999750010531e-06,['2.10 USD'],NO_TRIGGER,FILLED,OUO,OL-20250218-081500-001-MA_CROSS-14,['O-20250218-081500-001-MA_CROSS-43'],O-20250218-081500-001-MA_CROSS-41,,,,['MA_CROSS_SL'],2c6690d5-6e7f-4af7-9f99-a0ff1b2fd436,1739866500000000000,1740071460000000000,1.04819,DEFAULT,,,,,
BACKTESTER-001,MovingAverageCrossover-MA_CROSS,EUR/USD.IDEALPRO,IDEALPRO-1-043,EUR/USD.IDEALPRO-MovingAverageCrossover-MA_CROSS,IDEALPRO-001,,LIMIT,BUY,99999.99,GTC,True,False,0.00,NO_LIQUIDITY_SIDE,,,,NO_TRIGGER,CANCELED,OUO,OL-20250218-081500-001-MA_CROSS-14,['O-20250218-081500-001-MA_CROSS-42'],O-20250218-081500-001-MA_CROSS-41,,,,['MA_CROSS_TP'],d7ee1b4e-88c2-4120-b35e-a0392550392c,1739866500000000000,1740071460000000000,,,,,1.03969,True,
BACKTESTER-001,MovingAverageCrossover-MA_CROSS,EUR/USD.IDEALPRO,IDEALPRO-1-044,EUR/USD.IDEALPRO-MovingAverageCrossover-MA_CROSS,IDEALPRO-001,IDEALPRO-1-50969,MARKET,BUY,100000.00,GTC,False,False,100000.00,TAKER,1.04842499999975,0.0,['2.10 USD'],NO_TRIGGER,FILLED,OTO,OL-20250220-171500-001-MA_CROSS-15,"['O-20250220-171500-001-MA_CROSS-45', 'O-20250220-171500-001-MA_CROSS-46']",,,,,['MA_CROSS'],9eca0d10-b513-406d-ae33-007ed9e57793,1740071700000000000,1740071700000000000,,,,,,,
BACKTESTER-001,MovingAverageCrossover-MA_CROSS,EUR/USD.IDEALPRO,IDEALPRO-1-045,EUR/USD.IDEALPRO-MovingAverageCrossover-MA_CROSS,IDEALPRO-001,IDEALPRO-1-52285,STOP_MARKET,SELL,100000.00,GTC,True,False,100000.00,TAKER,1.04591500000025,4.999999750010531e-06,['2.09 USD'],NO_TRIGGER,FILLED,OUO,OL-20250220-171500-001-MA_CROSS-15,['O-20250220-171500-001-MA_CROSS-46'],O-20250220-171500-001-MA_CROSS-44,,,,['MA_CROSS_SL'],94114cd7-ecaa-4da2-935e-6413779f4198,1740071700000000000,1740151440000000000,1.04592,DEFAULT,,,,,
BACKTESTER-001,MovingAverageCrossover-MA_CROSS,EUR/USD.IDEALPRO,IDEALPRO-1-046,EUR/USD.IDEALPRO-MovingAverageCrossover-MA_CROSS,IDEALPRO-001,,LIMIT,SELL,99999.99,GTC,True,False,0.00,NO_LIQUIDITY_SIDE,,,,NO_TRIGGER,CANCELED,OUO,OL-20250220-171500-001-MA_CROSS-15,['O-20250220-171500-001-MA_CROSS-45'],O-20250220-171500-001-MA_CROSS-44,,,,['MA_CROSS_TP'],daed7d28-863b-4174-9803-55f4be841347,1740071700000000000,1740151440000000000,,,,,1.05442,True,
BACKTESTER-001,MovingAverageCrossover-MA_CROSS,EUR/USD.IDEALPRO,IDEALPRO-1-047,EUR/USD.IDEALPRO-MovingAverageCrossover-MA_CROSS,IDEALPRO-001,IDEALPRO-1-53973,MARKET,SELL,100000.00,GTC,False,False,100000.00,TAKER,1.04746500000025,0.0,['2.09 USD'],NO_TRIGGER,FILLED,OTO,OL-20250224-194500-001-MA_CROSS-16,"['O-20250224-194500-001-MA_CROSS-48', 'O-20250224-194500-001-MA_CROSS-49']",,,,,['MA_CROSS'],6b6075bc-b73c-4879-939b-c30911c23a4a,1740426300000000000,1740426300000000000,,,,,,,
BACKTESTER-001,MovingAverageCrossover-MA_CROSS,EUR/USD.IDEALPRO,IDEALPRO-1-048,EUR/USD.IDEALPRO-MovingAverageCrossover-MA_CROSS,IDEALPRO-001,IDEALPRO-1-54960,STOP_MARKET,BUY,100000.00,GTC,True,False,100000.00,TAKER,1.04997499999975,4.999999750010531e-06,['2.10 USD'],NO_TRIGGER,FILLED,OUO,OL-20250224-194500-001-MA_CROSS-16,['O-20250224-194500-001-MA_CROSS-49'],O-20250224-194500-001-MA_CROSS-47,,,,['MA_CROSS_SL'],10577ddb-ad89-40b1-a2a1-edc630a97610,1740426300000000000,1740486300000000000,1.04997,DEFAULT,,,,,
BACKTESTER-001,MovingAverageCrossover-MA_CROSS,EUR/USD.IDEALPRO,IDEALPRO-1-049,EUR/USD.IDEALPRO-MovingAverageCrossover-MA_CROSS,IDEALPRO-001,,LIMIT,BUY,99999.99,GTC,True,False,0.00,NO_LIQUIDITY_SIDE,,,,NO_TRIGGER,CANCELED,OUO,OL-20250224-194500-001-MA_CROSS-16,['O-20250224-194500-001-MA_CROSS-48'],O-20250224-194500-001-MA_CROSS-47,,,,['MA_CROSS_TP'],095b52a7-d450-4e73-a74c-3518e4d0de8a,1740426300000000000,1740486300000000000,,,,,1.04147,True,
BACKTESTER-001,MovingAverageCrossover-MA_CROSS,EUR/USD.IDEALPRO,IDEALPRO-1-050,EUR/USD.IDEALPRO-MovingAverageCrossover-MA_CROSS,IDEALPRO-001,IDEALPRO-1-55132,MARKET,BUY,100000.00,GTC,False,False,100000.00,TAKER,1.0513149999997502,0.0,['2.10 USD'],NO_TRIGGER,FILLED,OTO,OL-20250225-151500-001-MA_CROSS-17,"['O-20250225-151500-001-MA_CROSS-51', 'O-20250225-151500-001-MA_CROSS-52']",,,,,['MA_CROSS'],4868a099-ad84-4257-ac4d-99791c49b355,1740496500000000000,1740496500000000000,,,,,,,
BACKTESTER-001,MovingAverageCrossover-MA_CROSS,EUR/USD.IDEALPRO,IDEALPRO-1-051,EUR/USD.IDEALPRO-MovingAverageCrossover-MA_CROSS,IDEALPRO-001,IDEALPRO-1-55247,STOP_MARKET,SELL,100000.00,GTC,True,False,100000.00,TAKER,1.04880500000025,4.999999750010531e-06,['2.10 USD'],NO_TRIGGER,FILLED,OUO,OL-20250225-151500-001-MA_CROSS-17,['O-20250225-151500-001-MA_CROSS-52'],O-20250225-151500-001-MA_CROSS-50,,,,['MA_CROSS_SL'],b0c2a941-da98-4aa9-b7c8-b8fe25e5c2b6,1740496500000000000,1740503280000000000,1.04881,DEFAULT,,,,,
BACKTESTER-001,MovingAverageCrossover-MA_CROSS,EUR/USD.IDEALPRO,IDEALPRO-1-052,EUR/USD.IDEALPRO-MovingAverageCrossover-MA_CROSS,IDEALPRO-001,,LIMIT,SELL,99999.99,GTC,True,False,0.00,NO_LIQUIDITY_SIDE,,,,NO_TRIGGER,CANCELED,OUO,OL-20250225-151500-001-MA_CROSS-17,['O-20250225-151500-001-MA_CROSS-51'],O-20250225-151500-001-MA_CROSS-50,,,,['MA_CROSS_TP'],99b14cf6-ab61-4580-9250-0fafc1663596,1740496500000000000,1740503280000000000,,,,,1.05731,True,
BACKTESTER-001,MovingAverageCrossover-MA_CROSS,EUR/USD.IDEALPRO,IDEALPRO-1-053,EUR/USD.IDEALPRO-MovingAverageCrossover-MA_CROSS,IDEALPRO-001,IDEALPRO-1-57296,MARKET,SELL,100000.00,GTC,False,False,100000.00,TAKER,1.04721500000025,0.0,['2.09 USD'],NO_TRIGGER,FILLED,OTO,OL-20250227-034500-001-MA_CROSS-18,"['O-20250227-034500-001-MA_CROSS-54', 'O-20250227-034500-001-MA_CROSS-55']",,,,,['MA_CROSS'],c016a9ba-e38d-427c-836f-95e946cf42cd,1740627900000000000,1740627900000000000,,,,,,,
BACKTESTER-001,MovingAverageCrossover-MA_CROSS,EUR/USD.IDEALPRO,IDEALPRO-1-054,EUR/USD.IDEALPRO-MovingAverageCrossover-MA_CROSS,IDEALPRO-001,,STOP_MARKET,BUY,99999.99,GTC,True,False,0.00,NO_LIQUIDITY_SIDE,,,,NO_TRIGGER,CANCELED,OUO,OL-20250227-034500-001-MA_CROSS-18,['O-20250227-034500-001-MA_CROSS-55'],O-20250227-034500-001-MA_CROSS-53,,,,['MA_CROSS_SL'],4f89ec66-d9c8-42ec-ae12-8fb76ecb46c5,1740627900000000000,1740669060000000000,1.04972,DEFAULT,,,,,
BACKTESTER-001,MovingAverageCrossover-MA_CROSS,EUR/USD.IDEALPRO,IDEALPRO-1-055,EUR/USD.IDEALPRO-MovingAverageCrossover-MA_CROSS,IDEALPRO-001,IDEALPRO-1-57984,LIMIT,BUY,100000.00,GTC,True,False,100000.00,MAKER,1.04122,0.0,['2.08 USD'],NO_TRIGGER,FILLED,OUO,OL-20250227-034500-001-MA_CROSS-18,['O-20250227-034500-001-MA_CROSS-54'],O-20250227-034500-001-MA_CROSS-53,,,,['MA_CROSS_TP'],56317314-919a-46f1-bbd6-ed219bb057bb,1740627900000000000,1740669060000000000,,,,,1.04122,True,
BACKTESTER-001,MovingAverageCrossover-MA_CROSS,EUR/USD.IDEALPRO,IDEALPRO-1-056,EUR/USD.IDEALPRO-MovingAverageCrossover-MA_CROSS,IDEALPRO-001,IDEALPRO-1-60795,MARKET,BUY,100000.00,GTC,False,False,100000.00,TAKER,1.0484649999997502,0.0,['2.10 USD'],NO_TRIGGER,FILLED,OTO,OL-20250303-143000-001-MA_CROSS-19,"['O-20250303-143000-001-MA_CROSS-57', 'O-20250303-143000-001-MA_CROSS-58']",,,,,['MA_CROSS'],a27f9e85-b31d-4062-a9b9-41480588cc71,1741012200000000000,1741012200000000000,,,,,,,
BACKTESTER-001,MovingAverageCrossover-MA_CROSS,EUR/USD.IDEALPRO,IDEALPRO-1-057,EUR/USD.IDEALPRO-MovingAverageCrossover-MA_CROSS,IDEALPRO-001,,STOP_MARKET,SELL,99999.98,GTC,True,False,0.00,NO_LIQUIDITY_SIDE,,,,NO_TRIGGER,CANCELED,OUO,OL-20250303-143000-001-MA_CROSS-19,['O-20250303-143000-001-MA_CROSS-58'],O-20250303-143000-001-MA_CROSS-56,,,,['MA_CROSS_SL'],6d6854f1-55f2-443c-b111-dbc72bb35b8e,1741012200000000000,1741089660000000000,1.04596,DEFAULT,,,,,
BACKTESTER-001,MovingAverageCrossover-MA_CROSS,EUR/USD.IDEALPRO,IDEALPRO-1-058,EUR/USD.IDEALPRO-MovingAverageCrossover-MA_CROSS,IDEALPRO-001,IDEALPRO-1-62074,LIMIT,SELL,100000.00,GTC,True,False,100000.00,MAKER,1.0544600000000002,-2.220446049250313e-16,['2.11 USD'],NO_TRIGGER,FILLED,OUO,OL-20250303-143000-001-MA_CROSS-19,['O-20250303-143000-001-MA_CROSS-57'],O-20250303-143000-001-MA_CROSS-56,,,,['MA_CROSS_TP'],dbc4f3c7-80a1-4dad-b364-76ed3623fe59,1741012200000000000,1741089660000000000,,,,,1.05446,True,
BACKTESTER-001,MovingAverageCrossover-MA_CROSS,EUR/USD.IDEALPRO,IDEALPRO-1-059,EUR/USD.IDEALPRO-MovingAverageCrossover-MA_CROSS,IDEALPRO-001,IDEALPRO-1-71930,MARKET,SELL,100000.00,GTC,False,False,100000.00,TAKER,1.08733500000025,0.0,['2.17 USD'],NO_TRIGGER,FILLED,OTO,OL-20250313-090000-001-MA_CROSS-20,"['O-20250313-090000-001-MA_CROSS-60', 'O-20250313-090000-001-MA_CROSS-61']",,,,,['MA_CROSS'],7d9f1824-16d3-4b1b-bd21-d07b20789c91,1741856400000000000,1741856400000000000,,,,,,,
BACKTESTER-001,MovingAverageCrossover-MA_CROSS,EUR/USD.IDEALPRO,IDEALPRO-1-060,EUR/USD.IDEALPRO-MovingAverageCrossover-MA_CROSS,IDEALPRO-001,IDEALPRO-1-73464,STOP_MARKET,BUY,100000.00,GTC,True,False,100000.00,TAKER,1.08984499999975,4.999999750010531e-06,['2.18 USD'],NO_TRIGGER,FILLED,OUO,OL-20250313-090000-001-MA_CROSS-20,['O-20250313-090000-001-MA_CROSS-61'],O-20250313-090000-001-MA_CROSS-59,,,,['MA_CROSS_SL'],af2b5421-7ed4-4591-930c-9d6e9e6bb6ab,1741856400000000000,1741949220000000000,1.08984,DEFAULT,,,,,
BACKTESTER-001,MovingAverageCrossover-MA_CROSS,EUR/USD.IDEALPRO,IDEALPRO-1-061,EUR/USD.IDEALPRO-MovingAverageCrossover-MA_CROSS,IDEALPRO-001,,LIMIT,BUY,99999.99,GTC,True,False,0.00,NO_LIQUIDITY_SIDE,,,,NO_TRIGGER,CANCELED,OUO,OL-20250313-090000-001-MA_CROSS-20,['O-20250313-090000-001-MA_CROSS-60'],O-20250313-090000-001-MA_CROSS-59,,,,['MA_CROSS_TP'],2eb49797-e52c-4428-9033-f4c288bda29a,1741856400000000000,1741949220000000000,,,,,1.08134,True,
BACKTESTER-001,MovingAverageCrossover-MA_CROSS,EUR/USD.IDEALPRO,IDEALPRO-1-062,EUR/USD.IDEALPRO-MovingAverageCrossover-MA_CROSS,IDEALPRO-001,IDEALPRO-1-73959,MARKET,BUY,100000.00,GTC,False,False,100000.00,TAKER,1.08802499999975,0.0,['2.18 USD'],NO_TRIGGER,FILLED,OTO,OL-20250314-190000-001-MA_CROSS-21,"['O-20250314-190000-001-MA_CROSS-63', 'O-20250314-190000-001-MA_CROSS-64']",,,,,['MA_CROSS'],d66e1025-17a9-49a2-a7f5-ae7efab064e6,1741978800000000000,1741978800000000000,,,,,,,
BACKTESTER-001,MovingAverageCrossover-MA_CROSS,EUR/USD.IDEALPRO,IDEALPRO-1-063,EUR/USD.IDEALPRO-MovingAverageCrossover-MA_CROSS,IDEALPRO-001,,STOP_MARKET,SELL,99999.99,GTC,True,False,0.00,NO_LIQUIDITY_SIDE,,,,NO_TRIGGER,CANCELED,OUO,OL-20250314-190000-001-MA_CROSS-21,['O-20250314-190000-001-MA_CROSS-64'],O-20250314-190000-001-MA_CROSS-62,,,,['MA_CROSS_SL'],c55542d5-a406-46b5-a870-64377716aba7,1741978800000000000,1742285460000000000,1.08552,DEFAULT,,,,,
BACKTESTER-001,MovingAverageCrossover-MA_CROSS,EUR/USD.IDEALPRO,IDEALPRO-1-064,EUR/USD.IDEALPRO-MovingAverageCrossover-MA_CROSS,IDEALPRO-001,IDEALPRO-1-76162,LIMIT,SELL,100000.00,GTC,True,False,100000.00,MAKER,1.09402,0.0,['2.19 USD'],NO_TRIGGER,FILLED,OUO,OL-20250314-190000-001-MA_CROSS-21,['O-20250314-190000-001-MA_CROSS-63'],O-20250314-190000-001-MA_CROSS-62,,,,['MA_CROSS_TP'],73432ee4-dd04-4a60-832a-f4b9bf06b43c,1741978800000000000,1742285460000000000,,,,,1.09402,True,
BACKTESTER-001,MovingAverageCrossover-MA_CROSS,EUR/USD.IDEALPRO,IDEALPRO-1-065,EUR/USD.IDEALPRO-MovingAverageCrossover-MA_CROSS,IDEALPRO-001,IDEALPRO-1-77938,MARKET,SELL,100000.00,GTC,False,False,100000.00,TAKER,1.08944500000025,0.0,['2.18 USD'],NO_TRIGGER,FILLED,OTO,OL-20250319-140000-001-MA_CROSS-22,"['O-20250319-140000-001-MA_CROSS-66', 'O-20250319-140000-001-MA_CROSS-67']",,,,,['MA_CROSS'],63988879-51b3-491c-8dd8-6219b72eaf3b,1742392800000000000,1742392800000000000,,,,,,,
BACKTESTER-001,MovingAverageCrossover-MA_CROSS,EUR/USD.IDEALPRO,IDEALPRO-1-066,EUR/USD.IDEALPRO-MovingAverageCrossover-MA_CROSS,IDEALPRO-001,,STOP_MARKET,BUY,99999.99,GTC,True,False,0.00,NO_LIQUIDITY_SIDE,,,,NO_TRIGGER,CANCELED,OUO,OL-20250319-140000-001-MA_CROSS-22,['O-20250319-140000-001-MA_CROSS-67'],O-20250319-140000-001-MA_CROSS-65,,,,['MA_CROSS_SL'],03240585-b2ef-4378-b948-40fe4c114094,1742392800000000000,1742465940000000000,1.09195,DEFAULT,,,,,
BACKTESTER-001,MovingAverageCrossover-MA_CROSS,EUR/USD.IDEALPRO,IDEALPRO-1-067,EUR/USD.IDEALPRO-MovingAverageCrossover-MA_CROSS,IDEALPRO-001,IDEALPRO-1-79144,LIMIT,BUY,100000.00,GTC,True,False,100000.00,MAKER,1.08345,0.0,['2.17 USD'],NO_TRIGGER,FILLED,OUO,OL-20250319-140000-001-MA_CROSS-22,['O-20250319-140000-001-MA_CROSS-66'],O-20250319-140000-001-MA_CROSS-65,,,,['MA_CROSS_TP'],1267d6ee-a58e-4521-a380-69356e69904b,1742392800000000000,1742465940000000000,,,,,1.08345,True,
BACKTESTER-001,MovingAverageCrossover-MA_CROSS,EUR/USD.IDEALPRO,IDEALPRO-1-068,EUR/USD.IDEALPRO-MovingAverageCrossover-MA_CROSS,IDEALPRO-001,IDEALPRO-1-86837,MARKET,BUY,100000.00,GTC,False,False,100000.00,TAKER,1.0798749999997501,0.0,['2.16 USD'],NO_TRIGGER,FILLED,OTO,OL-20250327-194500-001-MA_CROSS-23,"['O-20250327-194500-001-MA_CROSS-69', 'O-20250327-194500-001-MA_CROSS-70']",,,,,['MA_CROSS'],2d78d367-5575-4ea8-b8a8-df5ae3d61fa2,1743104700000000000,1743104700000000000,,,,,,,
BACKTESTER-001,MovingAverageCrossover-MA_CROSS,EUR/USD.IDEALPRO,IDEALPRO-1-069,EUR/USD.IDEALPRO-MovingAverageCrossover-MA_CROSS,IDEALPRO-001,IDEALPRO-1-87641,STOP_MARKET,SELL,100000.00,GTC,True,False,100000.00,TAKER,1.0773650000002502,4.999999749788486e-06,['2.15 USD'],NO_TRIGGER,FILLED,OUO,OL-20250327-194500-001-MA_CROSS-23,['O-20250327-194500-001-MA_CROSS-70'],O-20250327-194500-001-MA_CROSS-68,,,,['MA_CROSS_SL'],30b01393-df43-407d-9d86-d64f00db3b13,1743104700000000000,1743153720000000000,1.07737,DEFAULT,,,,,
BACKTESTER-001,MovingAverageCrossover-MA_CROSS,EUR/USD.IDEALPRO,IDEALPRO-1-070,EUR/USD.IDEALPRO-MovingAverageCrossover-MA_CROSS,IDEALPRO-001,,LIMIT,SELL,99999.99,GTC,True,False,0.00,NO_LIQUIDITY_SIDE,,,,NO_TRIGGER,CANCELED,OUO,OL-20250327-194500-001-MA_CROSS-23,['O-20250327-194500-001-MA_CROSS-69'],O-20250327-194500-001-MA_CROSS-68,,,,['MA_CROSS_TP'],59ff1f89-2a5c-402e-af67-4174fe3a62f6,1743104700000000000,1743153720000000000,,,,,1.08587,True,
BACKTESTER-001,MovingAverageCrossover-MA_CROSS,EUR/USD.IDEALPRO,IDEALPRO-1-071,EUR/USD.IDEALPRO-MovingAverageCrossover-MA_CROSS,IDEALPRO-001,IDEALPRO-1-90711,MARKET,SELL,100000.00,GTC,False,False,100000.00,TAKER,1.0787150000002501,0.0,['2.16 USD'],NO_TRIGGER,FILLED,OTO,OL-20250401-130000-001-MA_CROSS-24,"['O-20250401-130000-001-MA_CROSS-72', 'O-20250401-130000-001-MA_CROSS-73']",,,,,['MA_CROSS'],f473ae7f-259b-4c02-9478-f5180ff85afc,1743512400000000000,1743512400000000000,,,,,,,
BACKTESTER-001,MovingAverageCrossover-MA_CROSS,EUR/USD.IDEALPRO,IDEALPRO-1-072,EUR/USD.IDEALPRO-MovingAverageCrossover-MA_CROSS,IDEALPRO-001,IDEALPRO-1-90788,STOP_MARKET,BUY,100000.00,GTC,True,False,100000.00,TAKER,1.0812249999997499,4.999999749788486e-06,['2.16 USD'],NO_TRIGGER,FILLED,OUO,OL-20250401-130000-001-MA_CROSS-24,['O-20250401-130000-001-MA_CROSS-73'],O-20250401-130000-001-MA_CROSS-71,,,,['MA_CROSS_SL'],4ae4f6ab-0044-4f49-9752-4706283b842e,1743512400000000000,1743516900000000000,1.08122,DEFAULT,,,,,
BACKTESTER-001,MovingAverageCrossover-MA_CROSS,EUR/USD.IDEALPRO,IDEALPRO-1-073,EUR/USD.IDEALPRO-MovingAverageCrossover-MA_CROSS,IDEALPRO-001,,LIMIT,BUY,99999.99,GTC,True,False,0.00,NO_LIQUIDITY_SIDE,,,,NO_TRIGGER,CANCELED,OUO,OL-20250401-130000-001-MA_CROSS-24,['O-20250401-130000-001-MA_CROSS-72'],O-20250401-130000-001-MA_CROSS-71,,,,['MA_CROSS_TP'],51eaba1d-de9e-4bda-b866-7efbe9344163,1743512400000000000,1743516900000000000,,,,,1.07272,True,
BACKTESTER-001,MovingAverageCrossover-MA_CROSS,EUR/USD.IDEALPRO,IDEALPRO-1-074,EUR/USD.IDEALPRO-MovingAverageCrossover-MA_CROSS,IDEALPRO-001,IDEALPRO-1-92395,MARKET,BUY,100000.00,GTC,False,False,100000.00,TAKER,1.0854349999997501,0.0,['2.17 USD'],NO_TRIGGER,FILLED,OTO,OL-20250402-171500-001-MA_CROSS-25,"['O-20250402-171500-001-MA_CROSS-75', 'O-20250402-171500-001-MA_CROSS-76']",,,,,['MA_CROSS'],f95e25b5-cbe5-45d4-9768-96bce7d036a6,1743614100000000000,1743614100000000000,,,,,,,
BACKTESTER-001,MovingAverageCrossover-MA_CROSS,EUR/USD.IDEALPRO,IDEALPRO-1-075,EUR/USD.IDEALPRO-MovingAverageCrossover-MA_CROSS,IDEALPRO-001,,STOP_MARKET,SELL,99999.99,GTC,True,False,0.00,NO_LIQUIDITY_SIDE,,,,NO_TRIGGER,CANCELED,OUO,OL-20250402-171500-001-MA_CROSS-25,['O-20250402-171500-001-MA_CROSS-76'],O-20250402-171500-001-MA_CROSS-74,,,,['MA_CROSS_SL'],f42ab8a8-1d1e-4c7a-8d7c-ce634eb5c575,1743614100000000000,1743625080000000000,1.08293,DEFAULT,,,,,
BACKTESTER-001,MovingAverageCrossover-MA_CROSS,EUR/USD.IDEALPRO,IDEALPRO-1-076,EUR/USD.IDEALPRO-MovingAverageCrossover-MA_CROSS,IDEALPRO-001,IDEALPRO-1-92580,LIMIT,SELL,100000.00,GTC,True,False,100000.00,MAKER,1.09143,0.0,['2.18 USD'],NO_TRIGGER,FILLED,OUO,OL-20250402-171500-001-MA_CROSS-25,['O-20250402-171500-001-MA_CROSS-75'],O-20250402-171500-001-MA_CROSS-74,,,,['MA_CROSS_TP'],83a6618b-8d6c-4780-a0fa-bc9df5086fc0,1743614100000000000,1743625080000000000,,,,,1.09143,True,
BACKTESTER-001,MovingAverageCrossover-MA_CROSS,EUR/USD.IDEALPRO,IDEALPRO-1-077,EUR/USD.IDEALPRO-MovingAverageCrossover-MA_CROSS,IDEALPRO-001,IDEALPRO-1-95774,MARKET,SELL,100000.00,GTC,False,False,100000.00,TAKER,1.0954950000002501,0.0,['2.19 USD'],NO_TRIGGER,FILLED,OTO,OL-20250407-021500-001-MA_CROSS-26,"['O-20250407-021500-001-MA_CROSS-78', 'O-20250407-021500-001-MA_CROSS-79']",,,,,['MA_CROSS'],e8a39cf3-a719-4e34-9c05-63f997833c10,1743992100000000000,1743992100000000000,,,,,,,
BACKTESTER-001,MovingAverageCrossover-MA_CROSS,EUR/USD.IDEALPRO,IDEALPRO-1-078,EUR/USD.IDEALPRO-MovingAverageCrossover-MA_CROSS,IDEALPRO-001,IDEALPRO-1-95919,STOP_MARKET,BUY,100000.00,GTC,True,False,100000.00,TAKER,1.09800499999975,4.999999750010531e-06,['2.20 USD'],NO_TRIGGER,FILLED,OUO,OL-20250407-021500-001-MA_CROSS-26,['O-20250407-021500-001-MA_CROSS-79'],O-20250407-021500-001-MA_CROSS-77,,,,['MA_CROSS_SL'],d7aa62f1-8e2d-40e8-acde-234e483e0eeb,1743992100000000000,1744000680000000000,1.09800,DEFAULT,,,,,
BACKTESTER-001,MovingAverageCrossover-MA_CROSS,EUR/USD.IDEALPRO,IDEALPRO-1-079,EUR/USD.IDEALPRO-MovingAverageCrossover-MA_CROSS,IDEALPRO-001,,LIMIT,BUY,99999.99,GTC,True,False,0.00,NO_LIQUIDITY_SIDE,,,,NO_TRIGGER,CANCELED,OUO,OL-20250407-021500-001-MA_CROSS-26,['O-20250407-021500-001-MA_CROSS-78'],O-20250407-021500-001-MA_CROSS-77,,,,['MA_CROSS_TP'],e8514362-bda8-4a90-8d03-220caacb7b15,1743992100000000000,1744000680000000000,,,,,1.08950,True,
BACKTESTER-001,MovingAverageCrossover-MA_CROSS,EUR/USD.IDEALPRO,IDEALPRO-1-080,EUR/USD.IDEALPRO-MovingAverageCrossover-MA_CROSS,IDEALPRO-001,IDEALPRO-1-98643,MARKET,BUY,100000.00,GTC,False,False,100000.00,TAKER,1.10235499999975,0.0,['2.20 USD'],NO_TRIGGER,FILLED,OTO,OL-20250409-023000-001-MA_CROSS-27,"['O-20250409-023000-001-MA_CROSS-81', 'O-20250409-023000-001-MA_CROSS-82']",,,,,['MA_CROSS'],f443fc76-2dda-49ee-9fe6-ae25eb3644e1,1744165800000000000,1744165800000000000,,,,,,,
BACKTESTER-001,MovingAverageCrossover-MA_CROSS,EUR/USD.IDEALPRO,IDEALPRO-1-081,EUR/USD.IDEALPRO-MovingAverageCrossover-MA_CROSS,IDEALPRO-001,,STOP_MARKET,SELL,99999.99,GTC,True,False,0.00,NO_LIQUIDITY_SIDE,,,,NO_TRIGGER,CANCELED,OUO,OL-20250409-023000-001-MA_CROSS-27,['O-20250409-023000-001-MA_CROSS-82'],O-20250409-023000-001-MA_CROSS-80,,,,['MA_CROSS_SL'],eee2b876-a6f8-434a-8385-a3b0597851f0,1744165800000000000,1744181640000000000,1.09985,DEFAULT,,,,,
BACKTESTER-001,MovingAverageCrossover-MA_CROSS,EUR/USD.IDEALPRO,IDEALPRO-1-082,EUR/USD.IDEALPRO-MovingAverageCrossover-MA_CROSS,IDEALPRO-001,IDEALPRO-1-98909,LIMIT,SELL,100000.00,GTC,True,False,100000.00,MAKER,1.1083500000000002,-2.220446049250313e-16,['2.22 USD'],NO_TRIGGER,FILLED,OUO,OL-20250409-023000-001-MA_CROSS-27,['O-20250409-023000-001-MA_CROSS-81'],O-20250409-023000-001-MA_CROSS-80,,,,['MA_CROSS_TP'],ec26ca46-3f48-46c5-924f-b4c082763677,1744165800000000000,1744181640000000000,,,,,1.10835,True,
BACKTESTER-001,MovingAverageCrossover-MA_CROSS,EUR/USD.IDEALPRO,IDEALPRO-1-083,EUR/USD.IDEALPRO-MovingAverageCrossover-MA_CROSS,IDEALPRO-001,IDEALPRO-1-100057,MARKET,SELL,100000.00,GTC,False,False,100000.00,TAKER,1.09628500000025,0.0,['2.19 USD'],NO_TRIGGER,FILLED,OTO,OL-20250410-021500-001-MA_CROSS-28,"['O-20250410-021500-001-MA_CROSS-84', 'O-20250410-021500-001-MA_CROSS-85']",,,,,['MA_CROSS'],51740704-b15e-4c5b-8cd8-ce7fa8326808,1744251300000000000,1744251300000000000,,,,,,,
BACKTESTER-001,MovingAverageCrossover-MA_CROSS,EUR/USD.IDEALPRO,IDEALPRO-1-084,EUR/USD.IDEALPRO-MovingAverageCrossover-MA_CROSS,IDEALPRO-001,IDEALPRO-1-100120,STOP_MARKET,BUY,100000.00,GTC,True,False,100000.00,TAKER,1.0987949999997502,4.9999997502325755e-06,['2.20 USD'],NO_TRIGGER,FILLED,OUO,OL-20250410-021500-001-MA_CROSS-28,['O-20250410-021500-001-MA_CROSS-85'],O-20250410-021500-001-MA_CROSS-83,,,,['MA_CROSS_SL'],52cbc93b-e5c9-4210-8be4-0e33235f991f,1744251300000000000,1744254960000000000,1.09879,DEFAULT,,,,,
BACKTESTER-001,MovingAverageCrossover-MA_CROSS,EUR/USD.IDEALPRO,IDEALPRO-1-085,EUR/USD.IDEALPRO-MovingAverageCrossover-MA_CROSS,IDEALPRO-001,,LIMIT,BUY,99999.99,GTC,True,False,0.00,NO_LIQUIDITY_SIDE,,,,NO_TRIGGER,CANCELED,OUO,OL-20250410-021500-001-MA_CROSS-28,['O-20250410-021500-001-MA_CROSS-84'],O-20250410-021500-001-MA_CROSS-83,,,,['MA_CROSS_TP'],28db08db-6e48-4200-99aa-e3a62bbcc248,1744251300000000000,1744254960000000000,,,,,1.09029,True,
BACKTESTER-001,MovingAverageCrossover-MA_CROSS,EUR/USD.IDEALPRO,IDEALPRO-1-086,EUR/USD.IDEALPRO-MovingAverageCrossover-MA_CROSS,IDEALPRO-001,IDEALPRO-1-100406,MARKET,BUY,100000.00,GTC,False,False,100000.00,TAKER,1.10265499999975,0.0,['2.21 USD'],NO_TRIGGER,FILLED,OTO,OL-20250410-080000-001-MA_CROSS-29,"['O-20250410-080000-001-MA_CROSS-87', 'O-20250410-080000-001-MA_CROSS-88']",,,,,['MA_CROSS'],d1620962-160b-4b72-946f-07decb055498,1744272000000000000,1744272000000000000,,,,,,,
BACKTESTER-001,MovingAverageCrossover-MA_CROSS,EUR/USD.IDEALPRO,IDEALPRO-1-087,EUR/USD.IDEALPRO-MovingAverageCrossover-MA_CROSS,IDEALPRO-001,,STOP_MARKET,SELL,99999.99,GTC,True,False,0.00,NO_LIQUIDITY_SIDE,,,,NO_TRIGGER,CANCELED,OUO,OL-20250410-080000-001-MA_CROSS-29,['O-20250410-080000-001-MA_CROSS-88'],O-20250410-080000-001-MA_CROSS-86,,,,['MA_CROSS_SL'],c2b25d24-1784-40cb-a644-b01f15092832,1744272000000000000,1744283220000000000,1.10015,DEFAULT,,,,,
BACKTESTER-001,MovingAverageCrossover-MA_CROSS,EUR/USD.IDEALPRO,IDEALPRO-1-088,EUR/USD.IDEALPRO-MovingAverageCrossover-MA_CROSS,IDEALPRO-001,IDEALPRO-1-100595,LIMIT,SELL,100000.00,GTC,True,False,100000.00,MAKER,1.10865,0.0,['2.22 USD'],NO_TRIGGER,FILLED,OUO,OL-20250410-080000-001-MA_CROSS-29,['O-20250410-080000-001-MA_CROSS-87'],O-20250410-080000-001-MA_CROSS-86,,,,['MA_CROSS_TP'],92ce7e29-16e6-4c10-bac9-fcfc10506e19,1744272000000000000,1744283220000000000,,,,,1.10865,True,
BACKTESTER-001,MovingAverageCrossover-MA_CROSS,EUR/USD.IDEALPRO,IDEALPRO-1-089,EUR/USD.IDEALPRO-MovingAverageCrossover-MA_CROSS,IDEALPRO-001,IDEALPRO-1-105120,MARKET,SELL,100000.00,GTC,False,False,100000.00,TAKER,1.1316650000002502,0.0,['2.26 USD'],NO_TRIGGER,FILLED,OTO,OL-20250415-151500-001-MA_CROSS-30,"['O-20250415-151500-001-MA_CROSS-90', 'O-20250415-151500-001-MA_CROSS-91']",,,,,['MA_CROSS'],104308ea-9c8b-4a62-b58f-b6635eba8379,1744730100000000000,1744730100000000000,,,,,,,
BACKTESTER-001,MovingAverageCrossover-MA_CROSS,EUR/USD.IDEALPRO,IDEALPRO-1-090,EUR/USD.IDEALPRO-MovingAverageCrossover-MA_CROSS,IDEALPRO-001,IDEALPRO-1-105864,STOP_MARKET,BUY,100000.00,GTC,True,False,100000.00,TAKER,1.13417499999975,4.999999750010531e-06,['2.27 USD'],NO_TRIGGER,FILLED,OUO,OL-20250415-151500-001-MA_CROSS-30,['O-20250415-151500-001-MA_CROSS-91'],O-20250415-151500-001-MA_CROSS-89,,,,['MA_CROSS_SL'],bc0c619c-7efd-4cfb-84c8-1c536c0093a3,1744730100000000000,1744775520000000000,1.13417,DEFAULT,,,,,
BACKTESTER-001,MovingAverageCrossover-MA_CROSS,EUR/USD.IDEALPRO,IDEALPRO-1-091,EUR/USD.IDEALPRO-MovingAverageCrossover-MA_CROSS,IDEALPRO-001,,LIMIT,BUY,99999.99,GTC,True,False,0.00,NO_LIQUIDITY_SIDE,,,,NO_TRIGGER,CANCELED,OUO,OL-20250415-151500-001-MA_CROSS-30,['O-20250415-151500-001-MA_CROSS-90'],O-20250415-151500-001-MA_CROSS-89,,,,['MA_CROSS_TP'],178ccd5a-13ed-4525-aa77-94abaa76b42f,1744730100000000000,1744775520000000000,,,,,1.12567,True,
BACKTESTER-001,MovingAverageCrossover-MA_CROSS,EUR/USD.IDEALPRO,IDEALPRO-1-092,EUR/USD.IDEALPRO-MovingAverageCrossover-MA_CROSS,IDEALPRO-001,IDEALPRO-1-106204,MARKET,BUY,100000.00,GTC,False,False,100000.00,TAKER,1.1367149999997501,0.0,['2.27 USD'],NO_TRIGGER,FILLED,OTO,OL-20250416-093000-001-MA_CROSS-31,"['O-20250416-093000-001-MA_CROSS-93', 'O-20250416-093000-001-MA_CROSS-94']",,,,,['MA_CROSS'],bfd27f35-f2d1-4a0f-a2c2-a401fcc9902a,1744795800000000000,1744795800000000000,,,,,,,
BACKTESTER-001,MovingAverageCrossover-MA_CROSS,EUR/USD.IDEALPRO,IDEALPRO-1-093,EUR/USD.IDEALPRO-MovingAverageCrossover-MA_CROSS,IDEALPRO-001,IDEALPRO-1-106394,STOP_MARKET,SELL,100000.00,GTC,True,False,100000.00,TAKER,1.1342050000002502,4.999999749788486e-06,['2.27 USD'],NO_TRIGGER,FILLED,OUO,OL-20250416-093000-001-MA_CROSS-31,['O-20250416-093000-001-MA_CROSS-94'],O-20250416-093000-001-MA_CROSS-92,,,,['MA_CROSS_SL'],13b9f948-8ef9-447d-ba5a-0b5cecd63ce3,1744795800000000000,1744807080000000000,1.13421,DEFAULT,,,,,
BACKTESTER-001,MovingAverageCrossover-MA_CROSS,EUR/USD.IDEALPRO,IDEALPRO-1-094,EUR/USD.IDEALPRO-MovingAverageCrossover-MA_CROSS,IDEALPRO-001,,LIMIT,SELL,99999.99,GTC,True,False,0.00,NO_LIQUIDITY_SIDE,,,,NO_TRIGGER,CANCELED,OUO,OL-20250416-093000-001-MA_CROSS-31,['O-20250416-093000-001-MA_CROSS-93'],O-20250416-093000-001-MA_CROSS-92,,,,['MA_CROSS_TP'],4a83fabf-8c7b-4bdb-972d-07db866623e6,1744795800000000000,1744807080000000000,,,,,1.14271,True,
BACKTESTER-001,MovingAverageCrossover-MA_CROSS,EUR/USD.IDEALPRO,IDEALPRO-1-095,EUR/USD.IDEALPRO-MovingAverageCrossover-MA_CROSS,IDEALPRO-001,IDEALPRO-1-112418,MARKET,SELL,100000.00,GTC,False,False,100000.00,TAKER,1.1418350000002502,0.0,['2.28 USD'],NO_TRIGGER,FILLED,OTO,OL-20250422-204500-001-MA_CROSS-32,"['O-20250422-204500-001-MA_CROSS-96', 'O-20250422-204500-001-MA_CROSS-97']",,,,,['MA_CROSS'],7f3024f1-8d54-4356-99e0-9141d7906449,1745354700000000000,1745354700000000000,,,,,,,
BACKTESTER-001,MovingAverageCrossover-MA_CROSS,EUR/USD.IDEALPRO,IDEALPRO-1-096,EUR/USD.IDEALPRO-MovingAverageCrossover-MA_CROSS,IDEALPRO-001,,STOP_MARKET,BUY,99999.99,GTC,True,False,0.00,NO_LIQUIDITY_SIDE,,,,NO_TRIGGER,CANCELED,OUO,OL-20250422-204500-001-MA_CROSS-32,['O-20250422-204500-001-MA_CROSS-97'],O-20250422-204500-001-MA_CROSS-95,,,,['MA_CROSS_SL'],239f5858-a37c-4e1a-9ed4-ec05a3453647,1745354700000000000,1745359260000000000,1.14434,DEFAULT,,,,,
BACKTESTER-001,MovingAverageCrossover-MA_CROSS,EUR/USD.IDEALPRO,IDEALPRO-1-097,EUR/USD.IDEALPRO-MovingAverageCrossover-MA_CROSS,IDEALPRO-001,IDEALPRO-1-112481,LIMIT,BUY,100000.00,GTC,True,False,100000.00,MAKER,1.1358400000000002,2.220446049250313e-16,['2.27 USD'],NO_TRIGGER,FILLED,OUO,OL-20250422-204500-001-MA_CROSS-32,['O-20250422-204500-001-MA_CROSS-96'],O-20250422-204500-001-MA_CROSS-95,,,,['MA_CROSS_TP'],f35f7e06-3037-4c23-ae3b-c7ee2fc8ac5c,1745354700000000000,1745359260000000000,,,,,1.13584,True,
BACKTESTER-001,MovingAverageCrossover-MA_CROSS,EUR/USD.IDEALPRO,IDEALPRO-1-100,EUR/USD.IDEALPRO-MovingAverageCrossover-MA_CROSS,IDEALPRO-001,,LIMIT,SELL,99999.99,GTC,True,False,0.00,NO_LIQUIDITY_SIDE,,,,NO_TRIGGER,CANCELED,OUO,OL-20250428-001500-001-MA_CROSS-33,['O-20250428-001500-001-MA_CROSS-99'],O-20250428-001500-001-MA_CROSS-98,,,,['MA_CROSS_TP'],84e0d6f9-679e-4bd9-be0c-6f619bd18933,1745799300000000000,1745821800000000000,,,,,1.14176,True,
BACKTESTER-001,MovingAverageCrossover-MA_CROSS,EUR/USD.IDEALPRO,IDEALPRO-1-098,EUR/USD.IDEALPRO-MovingAverageCrossover-MA_CROSS,IDEALPRO-001,IDEALPRO-1-116892,MARKET,BUY,100000.00,GTC,False,False,100000.00,TAKER,1.1357649999997501,0.0,['2.27 USD'],NO_TRIGGER,FILLED,OTO,OL-20250428-001500-001-MA_CROSS-33,"['O-20250428-001500-001-MA_CROSS-99', 'O-20250428-001500-001-MA_CROSS-100']",,,,,['MA_CROSS'],55f849a8-f119-45ea-ace2-c8ff2f94e0bd,1745799300000000000,1745799300000000000,,,,,,,
BACKTESTER-001,MovingAverageCrossover-MA_CROSS,EUR/USD.IDEALPRO,IDEALPRO-1-099,EUR/USD.IDEALPRO-MovingAverageCrossover-MA_CROSS,IDEALPRO-001,,STOP_MARKET,SELL,99999.99,GTC,True,False,0.00,NO_LIQUIDITY_SIDE,,,,NO_TRIGGER,CANCELED,OUO,OL-20250428-001500-001-MA_CROSS-33,['O-20250428-001500-001-MA_CROSS-100'],O-20250428-001500-001-MA_CROSS-98,,,,['MA_CROSS_SL'],2f6eaee0-9671-4fb1-840a-e8cd60e609a0,1745799300000000000,1745821800000000000,1.13326,DEFAULT,,,,,
BACKTESTER-001,MovingAverageCrossover-MA_CROSS,EUR/USD.IDEALPRO,IDEALPRO-1-101,EUR/USD.IDEALPRO-MovingAverageCrossover-MA_CROSS,IDEALPRO-001,IDEALPRO-1-117269,MARKET,SELL,100000.00,GTC,True,False,100000.00,TAKER,1.13652500000025,0.0,['2.27 USD'],NO_TRIGGER,FILLED,NO_CONTINGENCY,,,,,,,,c62a0b2a-ecb1-4ff3-ab25-5bbb7c25badc,1745821800000000000,1745821800000000000,,,,,,,
BACKTESTER-001,MovingAverageCrossover-MA_CROSS,EUR/USD.IDEALPRO,IDEALPRO-1-102,EUR/USD.IDEALPRO-MovingAverageCrossover-MA_CROSS,IDEALPRO-001,IDEALPRO-1-117901,MARKET,BUY,100000.00,GTC,False,False,100000.00,TAKER,1.1411649999997502,0.0,['2.28 USD'],NO_TRIGGER,FILLED,OTO,OL-20250428-170000-001-MA_CROSS-34,"['O-20250428-170000-001-MA_CROSS-103', 'O-20250428-170000-001-MA_CROSS-104']",,,,,['MA_CROSS'],24282d47-e335-48cd-bf1c-608de5653db6,1745859600000000000,1745859600000000000,,,,,,,
BACKTESTER-001,MovingAverageCrossover-MA_CROSS,EUR/USD.IDEALPRO,IDEALPRO-1-103,EUR/USD.IDEALPRO-MovingAverageCrossover-MA_CROSS,IDEALPRO-001,IDEALPRO-1-118536,STOP_MARKET,SELL,100000.00,GTC,True,False,100000.00,TAKER,1.13865500000025,4.999999750010531e-06,['2.28 USD'],NO_TRIGGER,FILLED,OUO,OL-20250428-170000-001-MA_CROSS-34,['O-20250428-170000-001-MA_CROSS-104'],O-20250428-170000-001-MA_CROSS-102,,,,['MA_CROSS_SL'],70a5f087-64b3-4bd1-9f51-27331cb23e48,1745859600000000000,1745898480000000000,1.13866,DEFAULT,,,,,
BACKTESTER-001,MovingAverageCrossover-MA_CROSS,EUR/USD.IDEALPRO,IDEALPRO-1-104,EUR/USD.IDEALPRO-MovingAverageCrossover-MA_CROSS,IDEALPRO-001,,LIMIT,SELL,99999.99,GTC,True,False,0.00,NO_LIQUIDITY_SIDE,,,,NO_TRIGGER,CANCELED,OUO,OL-20250428-170000-001-MA_CROSS-34,['O-20250428-170000-001-MA_CROSS-103'],O-20250428-170000-001-MA_CROSS-102,,,,['MA_CROSS_TP'],a835d102-d319-49f4-ba39-b138a65c0fca,1745859600000000000,1745898480000000000,,,,,1.14716,True,
BACKTESTER-001,MovingAverageCrossover-MA_CROSS,EUR/USD.IDEALPRO,IDEALPRO-1-105,EUR/USD.IDEALPRO-MovingAverageCrossover-MA_CROSS,IDEALPRO-001,IDEALPRO-1-120260,MARKET,SELL,100000.00,GTC,False,False,100000.00,TAKER,1.13643500000025,0.0,['2.27 USD'],NO_TRIGGER,FILLED,OTO,OL-20250430-084500-001-MA_CROSS-35,"['O-20250430-084500-001-MA_CROSS-106', 'O-20250430-084500-001-MA_CROSS-107']",,,,,['MA_CROSS'],ae4b8f7a-d256-40fd-80fd-0c923944c5b5,1746002700000000000,1746002700000000000,,,,,,,
BACKTESTER-001,MovingAverageCrossover-MA_CROSS,EUR/USD.IDEALPRO,IDEALPRO-1-106,EUR/USD.IDEALPRO-MovingAverageCrossover-MA_CROSS,IDEALPRO-001,,STOP_MARKET,BUY,99999.99,GTC,True,False,0.00,NO_LIQUIDITY_SIDE,,,,NO_TRIGGER,CANCELED,OUO,OL-20250430-084500-001-MA_CROSS-35,['O-20250430-084500-001-MA_CROSS-107'],O-20250430-084500-001-MA_CROSS-105,,,,['MA_CROSS_SL'],c04b7c5a-1da3-4313-998d-591acf0afb14,1746002700000000000,1746064680000000000,1.13894,DEFAULT,,,,,
BACKTESTER-001,MovingAverageCrossover-MA_CROSS,EUR/USD.IDEALPRO,IDEALPRO-1-107,EUR/USD.IDEALPRO-MovingAverageCrossover-MA_CROSS,IDEALPRO-001,IDEALPRO-1-121280,LIMIT,BUY,100000.00,GTC,True,False,100000.00,MAKER,1.13044,0.0,['2.26 USD'],NO_TRIGGER,FILLED,OUO,OL-20250430-084500-001-MA_CROSS-35,['O-20250430-084500-001-MA_CROSS-106'],O-20250430-084500-001-MA_CROSS-105,,,,['MA_CROSS_TP'],88f729e9-6dc0-4ab1-a4d9-d9afdf222af3,1746002700000000000,1746064680000000000,,,,,1.13044,True,
BACKTESTER-001,MovingAverageCrossover-MA_CROSS,EUR/USD.IDEALPRO,IDEALPRO-1-108,EUR/USD.IDEALPRO-MovingAverageCrossover-MA_CROSS,IDEALPRO-001,IDEALPRO-1-124539,MARKET,BUY,100000.00,GTC,False,False,100000.00,TAKER,1.13277499999975,0.0,['2.27 USD'],NO_TRIGGER,FILLED,OTO,OL-20250505-084500-001-MA_CROSS-36,"['O-20250505-084500-001-MA_CROSS-109', 'O-20250505-084500-001-MA_CROSS-110']",,,,,['MA_CROSS'],5a368e80-1aa7-45ca-847f-899713c0f2af,1746434700000000000,1746434700000000000,,,,,,,
BACKTESTER-001,MovingAverageCrossover-MA_CROSS,EUR/USD.IDEALPRO,IDEALPRO-1-109,EUR/USD.IDEALPRO-MovingAverageCrossover-MA_CROSS,IDEALPRO-001,IDEALPRO-1-124985,STOP_MARKET,SELL,100000.00,GTC,True,False,100000.00,TAKER,1.13026500000025,4.999999750010531e-06,['2.26 USD'],NO_TRIGGER,FILLED,OUO,OL-20250505-084500-001-MA_CROSS-36,['O-20250505-084500-001-MA_CROSS-110'],O-20250505-084500-001-MA_CROSS-108,,,,['MA_CROSS_SL'],799f63a1-20e5-4223-9c3b-ec4c1beffa64,1746434700000000000,1746461340000000000,1.13027,DEFAULT,,,,,
BACKTESTER-001,MovingAverageCrossover-MA_CROSS,EUR/USD.IDEALPRO,IDEALPRO-1-110,EUR/USD.IDEALPRO-MovingAverageCrossover-MA_CROSS,IDEALPRO-001,,LIMIT,SELL,99999.99,GTC,True,False,0.00,NO_LIQUIDITY_SIDE,,,,NO_TRIGGER,CANCELED,OUO,OL-20250505-084500-001-MA_CROSS-36,['O-20250505-084500-001-MA_CROSS-109'],O-20250505-084500-001-MA_CROSS-108,,,,['MA_CROSS_TP'],ea74bcf1-a5ea-4060-a59e-4909bac0c396,1746434700000000000,1746461340000000000,,,,,1.13877,True,
BACKTESTER-001,MovingAverageCrossover-MA_CROSS,EUR/USD.IDEALPRO,IDEALPRO-1-111,EUR/USD.IDEALPRO-MovingAverageCrossover-MA_CROSS,IDEALPRO-001,IDEALPRO-1-125503,MARKET,SELL,100000.00,GTC,False,False,100000.00,TAKER,1.1286050000002499,0.0,['2.26 USD'],NO_TRIGGER,FILLED,OTO,OL-20250506-010000-001-MA_CROSS-37,"['O-20250506-010000-001-MA_CROSS-112', 'O-20250506-010000-001-MA_CROSS-113']",,,,,['MA_CROSS'],05bea2d9-b6c5-4ad7-8ee8-31981980e708,1746493200000000000,1746493200000000000,,,,,,,
BACKTESTER-001,MovingAverageCrossover-MA_CROSS,EUR/USD.IDEALPRO,IDEALPRO-1-112,EUR/USD.IDEALPRO-MovingAverageCrossover-MA_CROSS,IDEALPRO-001,IDEALPRO-1-125585,STOP_MARKET,BUY,100000.00,GTC,True,False,100000.00,TAKER,1.13111499999975,4.999999750010531e-06,['2.26 USD'],NO_TRIGGER,FILLED,OUO,OL-20250506-010000-001-MA_CROSS-37,['O-20250506-010000-001-MA_CROSS-113'],O-20250506-010000-001-MA_CROSS-111,,,,['MA_CROSS_SL'],925c5e2c-b94f-43cd-ac7a-8d1a6c7d3197,1746493200000000000,1746498000000000000,1.13111,DEFAULT,,,,,
BACKTESTER-001,MovingAverageCrossover-MA_CROSS,EUR/USD.IDEALPRO,IDEALPRO-1-113,EUR/USD.IDEALPRO-MovingAverageCrossover-MA_CROSS,IDEALPRO-001,,LIMIT,BUY,99999.99,GTC,True,False,0.00,NO_LIQUIDITY_SIDE,,,,NO_TRIGGER,CANCELED,OUO,OL-20250506-010000-001-MA_CROSS-37,['O-20250506-010000-001-MA_CROSS-112'],O-20250506-010000-001-MA_CROSS-111,,,,['MA_CROSS_TP'],1171b3e5-12cd-4a81-9e59-20dac1ebcfe3,1746493200000000000,1746498000000000000,,,,,1.12261,True,
BACKTESTER-001,MovingAverageCrossover-MA_CROSS,EUR/USD.IDEALPRO,IDEALPRO-1-114,EUR/USD.IDEALPRO-MovingAverageCrossover-MA_CROSS,IDEALPRO-001,IDEALPRO-1-126122,MARKET,BUY,100000.00,GTC,False,False,100000.00,TAKER,1.13267499999975,0.0,['2.27 USD'],NO_TRIGGER,FILLED,OTO,OL-20250506-111500-001-MA_CROSS-38,"['O-20250506-111500-001-MA_CROSS-115', 'O-20250506-111500-001-MA_CROSS-116']",,,,,['MA_CROSS'],2aa50fed-afe9-4ee5-a78a-23f9644e5c9b,1746530100000000000,1746530100000000000,,,,,,,
BACKTESTER-001,MovingAverageCrossover-MA_CROSS,EUR/USD.IDEALPRO,IDEALPRO-1-115,EUR/USD.IDEALPRO-MovingAverageCrossover-MA_CROSS,IDEALPRO-001,IDEALPRO-1-128057,STOP_MARKET,SELL,100000.00,GTC,True,False,100000.00,TAKER,1.1301650000002499,4.999999750010531e-06,['2.26 USD'],NO_TRIGGER,FILLED,OUO,OL-20250506-111500-001-MA_CROSS-38,['O-20250506-111500-001-MA_CROSS-116'],O-20250506-111500-001-MA_CROSS-114,,,,['MA_CROSS_SL'],b2ce75b1-ae19-4721-b84e-b31b96bf66ea,1746530100000000000,1746646980000000000,1.13017,DEFAULT,,,,,
BACKTESTER-001,MovingAverageCrossover-MA_CROSS,EUR/USD.IDEALPRO,IDEALPRO-1-116,EUR/USD.IDEALPRO-MovingAverageCrossover-MA_CROSS,IDEALPRO-001,,LIMIT,SELL,99999.99,GTC,True,False,0.00,NO_LIQUIDITY_SIDE,,,,NO_TRIGGER,CANCELED,OUO,OL-20250506-111500-001-MA_CROSS-38,['O-20250506-111500-001-MA_CROSS-115'],O-20250506-111500-001-MA_CROSS-114,,,,['MA_CROSS_TP'],62a66f25-4144-42d0-a69b-617e6ab29484,1746530100000000000,1746646980000000000,,,,,1.13867,True,
BACKTESTER-001,MovingAverageCrossover-MA_CROSS,EUR/USD.IDEALPRO,IDEALPRO-1-117,EUR/USD.IDEALPRO-MovingAverageCrossover-MA_CROSS,IDEALPRO-001,IDEALPRO-1-128241,MARKET,SELL,100000.00,GTC,False,False,100000.00,TAKER,1.1301250000002503,0.0,['2.26 USD'],NO_TRIGGER,FILLED,OTO,OL-20250507-230000-001-MA_CROSS-39,"['O-20250507-230000-001-MA_CROSS-118', 'O-20250507-230000-001-MA_CROSS-119']",,,,,['MA_CROSS'],5694ddc5-6a17-4a49-996b-84e6da609e03,1746658800000000000,1746658800000000000,,,,,,,
BACKTESTER-001,MovingAverageCrossover-MA_CROSS,EUR/USD.IDEALPRO,IDEALPRO-1-118,EUR/USD.IDEALPRO-MovingAverageCrossover-MA_CROSS,IDEALPRO-001,IDEALPRO-1-128415,STOP_MARKET,BUY,100000.00,GTC,True,False,100000.00,TAKER,1.1326349999997503,4.9999997502325755e-06,['2.27 USD'],NO_TRIGGER,FILLED,OUO,OL-20250507-230000-001-MA_CROSS-39,['O-20250507-230000-001-MA_CROSS-119'],O-20250507-230000-001-MA_CROSS-117,,,,['MA_CROSS_SL'],0343ac0a-a1c6-4311-8d49-0b9b4a962fcd,1746658800000000000,1746669120000000000,1.13263,DEFAULT,,,,,
BACKTESTER-001,MovingAverageCrossover-MA_CROSS,EUR/USD.IDEALPRO,IDEALPRO-1-119,EUR/USD.IDEALPRO-MovingAverageCrossover-MA_CROSS,IDEALPRO-001,,LIMIT,BUY,99999.99,GTC,True,False,0.00,NO_LIQUIDITY_SIDE,,,,NO_TRIGGER,CANCELED,OUO,OL-20250507-230000-001-MA_CROSS-39,['O-20250507-230000-001-MA_CROSS-118'],O-20250507-230000-001-MA_CROSS-117,,,,['MA_CROSS_TP'],0914f13c-184c-4dea-ab01-1a442be91efa,1746658800000000000,1746669120000000000,,,,,1.12413,True,
BACKTESTER-001,MovingAverageCrossover-MA_CROSS,EUR/USD.IDEALPRO,IDEALPRO-1-120,EUR/USD.IDEALPRO-MovingAverageCrossover-MA_CROSS,IDEALPRO-001,IDEALPRO-1-134035,MARKET,BUY,100000.00,GTC,False,False,100000.00,TAKER,1.11936499999975,0.0,['2.24 USD'],NO_TRIGGER,FILLED,OTO,OL-20250514-003000-001-MA_CROSS-40,"['O-20250514-003000-001-MA_CROSS-121', 'O-20250514-003000-001-MA_CROSS-122']",,,,,['MA_CROSS'],e83ea612-0a46-447c-9ab8-3fcb112c08dd,1747182600000000000,1747182600000000000,,,,,,,
BACKTESTER-001,MovingAverageCrossover-MA_CROSS,EUR/USD.IDEALPRO,IDEALPRO-1-121,EUR/USD.IDEALPRO-MovingAverageCrossover-MA_CROSS,IDEALPRO-001,,STOP_MARKET,SELL,99999.99,GTC,True,False,0.00,NO_LIQUIDITY_SIDE,,,,NO_TRIGGER,CANCELED,OUO,OL-20250514-003000-001-MA_CROSS-40,['O-20250514-003000-001-MA_CROSS-122'],O-20250514-003000-001-MA_CROSS-120,,,,['MA_CROSS_SL'],701a4ea9-9456-497f-a63c-2ee1c97b1d1f,1747182600000000000,1747214220000000000,1.11686,DEFAULT,,,,,
BACKTESTER-001,MovingAverageCrossover-MA_CROSS,EUR/USD.IDEALPRO,IDEALPRO-1-122,EUR/USD.IDEALPRO-MovingAverageCrossover-MA_CROSS,IDEALPRO-001,IDEALPRO-1-134564,LIMIT,SELL,100000.00,GTC,True,False,100000.00,MAKER,1.12536,0.0,['2.25 USD'],NO_TRIGGER,FILLED,OUO,OL-20250514-003000-001-MA_CROSS-40,['O-20250514-003000-001-MA_CROSS-121'],O-20250514-003000-001-MA_CROSS-120,,,,['MA_CROSS_TP'],c2505ca9-7924-4cf0-a87c-db2ed344e5ad,1747182600000000000,1747214220000000000,,,,,1.12536,True,
BACKTESTER-001,MovingAverageCrossover-MA_CROSS,EUR/USD.IDEALPRO,IDEALPRO-1-123,EUR/USD.IDEALPRO-MovingAverageCrossover-MA_CROSS,IDEALPRO-001,IDEALPRO-1-137819,MARKET,SELL,100000.00,GTC,False,False,100000.00,TAKER,1.1140250000002503,0.0,['2.23 USD'],NO_TRIGGER,FILLED,OTO,OL-20250516-160000-001-MA_CROSS-41,"['O-20250516-160000-001-MA_CROSS-124', 'O-20250516-160000-001-MA_CROSS-125']",,,,,['MA_CROSS'],35a77d41-c89a-40db-b825-4f16917d5622,1747411200000000000,1747411200000000000,,,,,,,
BACKTESTER-001,MovingAverageCrossover-MA_CROSS,EUR/USD.IDEALPRO,IDEALPRO-1-124,EUR/USD.IDEALPRO-MovingAverageCrossover-MA_CROSS,IDEALPRO-001,IDEALPRO-1-138118,STOP_MARKET,BUY,100000.00,GTC,True,False,100000.00,TAKER,1.1165349999997503,4.9999997502325755e-06,['2.23 USD'],NO_TRIGGER,FILLED,OUO,OL-20250516-160000-001-MA_CROSS-41,['O-20250516-160000-001-MA_CROSS-125'],O-20250516-160000-001-MA_CROSS-123,,,,['MA_CROSS_SL'],1854cc80-e41c-4164-8ada-d4db7c7f20a2,1747411200000000000,1747429020000000000,1.11653,DEFAULT,,,,,
BACKTESTER-001,MovingAverageCrossover-MA_CROSS,EUR/USD.IDEALPRO,IDEALPRO-1-125,EUR/USD.IDEALPRO-MovingAverageCrossover-MA_CROSS,IDEALPRO-001,,LIMIT,BUY,99999.99,GTC,True,False,0.00,NO_LIQUIDITY_SIDE,,,,NO_TRIGGER,CANCELED,OUO,OL-20250516-160000-001-MA_CROSS-41,['O-20250516-160000-001-MA_CROSS-124'],O-20250516-160000-001-MA_CROSS-123,,,,['MA_CROSS_TP'],6a9cf9b8-50c7-4b5d-99ee-5539014f2122,1747411200000000000,1747429020000000000,,,,,1.10803,True,
BACKTESTER-001,MovingAverageCrossover-MA_CROSS,EUR/USD.IDEALPRO,IDEALPRO-1-126,EUR/USD.IDEALPRO-MovingAverageCrossover-MA_CROSS,IDEALPRO-001,IDEALPRO-1-138783,MARKET,BUY,100000.00,GTC,False,False,100000.00,TAKER,1.1248349999997502,0.0,['2.25 USD'],NO_TRIGGER,FILLED,OTO,OL-20250519-081500-001-MA_CROSS-42,"['O-20250519-081500-001-MA_CROSS-127', 'O-20250519-081500-001-MA_CROSS-128']",,,,,['MA_CROSS'],952ad364-8b9d-4e66-b2fb-7642e06ea6d3,1747642500000000000,1747642500000000000,,,,,,,
BACKTESTER-001,MovingAverageCrossover-MA_CROSS,EUR/USD.IDEALPRO,IDEALPRO-1-127,EUR/USD.IDEALPRO-MovingAverageCrossover-MA_CROSS,IDEALPRO-001,IDEALPRO-1-139739,STOP_MARKET,SELL,100000.00,GTC,True,False,100000.00,TAKER,1.12232500000025,4.999999750010531e-06,['2.24 USD'],NO_TRIGGER,FILLED,OUO,OL-20250519-081500-001-MA_CROSS-42,['O-20250519-081500-001-MA_CROSS-128'],O-20250519-081500-001-MA_CROSS-126,,,,['MA_CROSS_SL'],689cdb5e-a16f-4539-89de-c91fb06485c9,1747642500000000000,1747700640000000000,1.12233,DEFAULT,,,,,
BACKTESTER-001,MovingAverageCrossover-MA_CROSS,EUR/USD.IDEALPRO,IDEALPRO-1-128,EUR/USD.IDEALPRO-MovingAverageCrossover-MA_CROSS,IDEALPRO-001,,LIMIT,SELL,99999.99,GTC,True,False,0.00,NO_LIQUIDITY_SIDE,,,,NO_TRIGGER,CANCELED,OUO,OL-20250519-081500-001-MA_CROSS-42,['O-20250519-081500-001-MA_CROSS-127'],O-20250519-081500-001-MA_CROSS-126,,,,['MA_CROSS_TP'],0a9985f0-9adf-414a-8a77-e0a1d52ab5ba,1747642500000000000,1747700640000000000,,,,,1.13083,True,
BACKTESTER-001,MovingAverageCrossover-MA_CROSS,EUR/USD.IDEALPRO,IDEALPRO-1-129,EUR/USD.IDEALPRO-MovingAverageCrossover-MA_CROSS,IDEALPRO-001,IDEALPRO-1-143977,MARKET,SELL,100000.00,GTC,False,False,100000.00,TAKER,1.12836500000025,0.0,['2.26 USD'],NO_TRIGGER,FILLED,OTO,OL-20250522-234500-001-MA_CROSS-43,"['O-20250522-234500-001-MA_CROSS-130', 'O-20250522-234500-001-MA_CROSS-131']",,,,,['MA_CROSS'],6f6ec326-be58-4467-a804-be10dbcfe2a8,1747957500000000000,1747957500000000000,,,,,,,
BACKTESTER-001,MovingAverageCrossover-MA_CROSS,EUR/USD.IDEALPRO,IDEALPRO-1-130,EUR/USD.IDEALPRO-MovingAverageCrossover-MA_CROSS,IDEALPRO-001,IDEALPRO-1-144094,STOP_MARKET,BUY,100000.00,GTC,True,False,100000.00,TAKER,1.1308749999997503,4.9999997502325755e-06,['2.26 USD'],NO_TRIGGER,FILLED,OUO,OL-20250522-234500-001-MA_CROSS-43,['O-20250522-234500-001-MA_CROSS-131'],O-20250522-234500-001-MA_CROSS-129,,,,['MA_CROSS_SL'],d8a9fcc8-e45b-453f-a628-31ffaf64436f,1747957500000000000,1747964400000000000,1.13087,DEFAULT,,,,,
BACKTESTER-001,MovingAverageCrossover-MA_CROSS,EUR/USD.IDEALPRO,IDEALPRO-1-131,EUR/USD.IDEALPRO-MovingAverageCrossover-MA_CROSS,IDEALPRO-001,,LIMIT,BUY,99999.99,GTC,True,False,0.00,NO_LIQUIDITY_SIDE,,,,NO_TRIGGER,CANCELED,OUO,OL-20250522-234500-001-MA_CROSS-43,['O-20250522-234500-001-MA_CROSS-130'],O-20250522-234500-001-MA_CROSS-129,,,,['MA_CROSS_TP'],8c5f2d6c-9e63-4d8c-9eae-1835e5f063bc,1747957500000000000,1747964400000000000,,,,,1.12237,True,
BACKTESTER-001,MovingAverageCrossover-MA_CROSS,EUR/USD.IDEALPRO,IDEALPRO-1-132,EUR/USD.IDEALPRO-MovingAverageCrossover-MA_CROSS,IDEALPRO-001,IDEALPRO-1-144491,MARKET,BUY,100000.00,GTC,False,False,100000.00,TAKER,1.1344149999997502,0.0,['2.27 USD'],NO_TRIGGER,FILLED,OTO,OL-20250523-081500-001-MA_CROSS-44,"['O-20250523-081500-001-MA_CROSS-133', 'O-20250523-081500-001-MA_CROSS-134']",,,,,['MA_CROSS'],baa1c9be-c736-4706-bc59-9b53edd232c3,1747988100000000000,1747988100000000000,,,,,,,
BACKTESTER-001,MovingAverageCrossover-MA_CROSS,EUR/USD.IDEALPRO,IDEALPRO-1-133,EUR/USD.IDEALPRO-MovingAverageCrossover-MA_CROSS,IDEALPRO-001,IDEALPRO-1-144710,STOP_MARKET,SELL,100000.00,GTC,True,False,100000.00,TAKER,1.1319050000002502,4.999999749788486e-06,['2.26 USD'],NO_TRIGGER,FILLED,OUO,OL-20250523-081500-001-MA_CROSS-44,['O-20250523-081500-001-MA_CROSS-134'],O-20250523-081500-001-MA_CROSS-132,,,,['MA_CROSS_SL'],816fe15d-b1f3-41c9-9fd0-f2fe15469271,1747988100000000000,1748001120000000000,1.13191,DEFAULT,,,,,
BACKTESTER-001,MovingAverageCrossover-MA_CROSS,EUR/USD.IDEALPRO,IDEALPRO-1-134,EUR/USD.IDEALPRO-MovingAverageCrossover-MA_CROSS,IDEALPRO-001,,LIMIT,SELL,99999.99,GTC,True,False,0.00,NO_LIQUIDITY_SIDE,,,,NO_TRIGGER,CANCELED,OUO,OL-20250523-081500-001-MA_CROSS-44,['O-20250523-081500-001-MA_CROSS-133'],O-20250523-081500-001-MA_CROSS-132,,,,['MA_CROSS_TP'],cb240399-3513-4838-894a-c26f14b30a1e,1747988100000000000,1748001120000000000,,,,,1.14041,True,
BACKTESTER-001,MovingAverageCrossover-MA_CROSS,EUR/USD.IDEALPRO,IDEALPRO-1-135,EUR/USD.IDEALPRO-MovingAverageCrossover-MA_CROSS,IDEALPRO-001,IDEALPRO-1-147750,MARKET,SELL,100000.00,GTC,False,False,100000.00,TAKER,1.1341050000002502,0.0,['2.27 USD'],NO_TRIGGER,FILLED,OTO,OL-20250527-150000-001-MA_CROSS-45,"['O-20250527-150000-001-MA_CROSS-136', 'O-20250527-150000-001-MA_CROSS-137']",,,,,['MA_CROSS'],58f9a60d-0f9a-4827-bd3e-1c6688eed68a,1748358000000000000,1748358000000000000,,,,,,,
BACKTESTER-001,MovingAverageCrossover-MA_CROSS,EUR/USD.IDEALPRO,IDEALPRO-1-136,EUR/USD.IDEALPRO-MovingAverageCrossover-MA_CROSS,IDEALPRO-001,,STOP_MARKET,BUY,99999.99,GTC,True,False,0.00,NO_LIQUIDITY_SIDE,,,,NO_TRIGGER,CANCELED,OUO,OL-20250527-150000-001-MA_CROSS-45,['O-20250527-150000-001-MA_CROSS-137'],O-20250527-150000-001-MA_CROSS-135,,,,['MA_CROSS_SL'],34ebe496-b726-4119-ade4-5c571a869187,1748358000000000000,1748473860000000000,1.13661,DEFAULT,,,,,
BACKTESTER-001,MovingAverageCrossover-MA_CROSS,EUR/USD.IDEALPRO,IDEALPRO-1-137,EUR/USD.IDEALPRO-MovingAverageCrossover-MA_CROSS,IDEALPRO-001,IDEALPRO-1-149653,LIMIT,BUY,100000.00,GTC,True,False,100000.00,MAKER,1.1281100000000002,2.220446049250313e-16,['2.26 USD'],NO_TRIGGER,FILLED,OUO,OL-20250527-150000-001-MA_CROSS-45,['O-20250527-150000-001-MA_CROSS-136'],O-20250527-150000-001-MA_CROSS-135,,,,['MA_CROSS_TP'],5da8b8db-8df9-4066-9c58-2fcafeab8474,1748358000000000000,1748473860000000000,,,,,1.12811,True,
BACKTESTER-001,MovingAverageCrossover-MA_CROSS,EUR/USD.IDEALPRO,IDEALPRO-1-138,EUR/USD.IDEALPRO-MovingAverageCrossover-MA_CROSS,IDEALPRO-001,IDEALPRO-1-150799,MARKET,BUY,100000.00,GTC,False,False,100000.00,TAKER,1.1382749999997501,0.0,['2.28 USD'],NO_TRIGGER,FILLED,OTO,OL-20250529-181500-001-MA_CROSS-46,"['O-20250529-181500-001-MA_CROSS-139', 'O-20250529-181500-001-MA_CROSS-140']",,,,,['MA_CROSS'],7de98a3a-6b5b-4d4e-a861-2d8c5dc95fb9,1748542500000000000,1748542500000000000,,,,,,,
BACKTESTER-001,MovingAverageCrossover-MA_CROSS,EUR/USD.IDEALPRO,IDEALPRO-1-139,EUR/USD.IDEALPRO-MovingAverageCrossover-MA_CROSS,IDEALPRO-001,IDEALPRO-1-151243,STOP_MARKET,SELL,100000.00,GTC,True,False,100000.00,TAKER,1.1357650000002502,4.999999749788486e-06,['2.27 USD'],NO_TRIGGER,FILLED,OUO,OL-20250529-181500-001-MA_CROSS-46,['O-20250529-181500-001-MA_CROSS-140'],O-20250529-181500-001-MA_CROSS-138,,,,['MA_CROSS_SL'],d0422a6d-2ec1-4ff1-a5a9-27a61f316ff9,1748542500000000000,1748569920000000000,1.13577,DEFAULT,,,,,
BACKTESTER-001,MovingAverageCrossover-MA_CROSS,EUR/USD.IDEALPRO,IDEALPRO-1-140,EUR/USD.IDEALPRO-MovingAverageCrossover-MA_CROSS,IDEALPRO-001,,LIMIT,SELL,99999.99,GTC,True,False,0.00,NO_LIQUIDITY_SIDE,,,,NO_TRIGGER,CANCELED,OUO,OL-20250529-181500-001-MA_CROSS-46,['O-20250529-181500-001-MA_CROSS-139'],O-20250529-181500-001-MA_CROSS-138,,,,['MA_CROSS_TP'],76f34581-cf3a-4ae2-98aa-030b5ba5b42b,1748542500000000000,1748569920000000000,,,,,1.14427,True,
BACKTESTER-001,MovingAverageCrossover-MA_CROSS,EUR/USD.IDEALPRO,IDEALPRO-1-141,EUR/USD.IDEALPRO-MovingAverageCrossover-MA_CROSS,IDEALPRO-001,IDEALPRO-1-155153,MARKET,SELL,100000.00,GTC,False,False,100000.00,TAKER,1.13722500000025,0.0,['2.27 USD'],NO_TRIGGER,FILLED,OTO,OL-20250603-193000-001-MA_CROSS-47,"['O-20250603-193000-001-MA_CROSS-142', 'O-20250603-193000-001-MA_CROSS-143']",,,,,['MA_CROSS'],8dd34876-1db1-4d18-acb4-92155ed5d51d,1748979000000000000,1748979000000000000,,,,,,,
BACKTESTER-001,MovingAverageCrossover-MA_CROSS,EUR/USD.IDEALPRO,IDEALPRO-1-142,EUR/USD.IDEALPRO-MovingAverageCrossover-MA_CROSS,IDEALPRO-001,IDEALPRO-1-155929,STOP_MARKET,BUY,100000.00,GTC,True,False,100000.00,TAKER,1.1397349999997501,4.9999997502325755e-06,['2.28 USD'],NO_TRIGGER,FILLED,OUO,OL-20250603-193000-001-MA_CROSS-47,['O-20250603-193000-001-MA_CROSS-143'],O-20250603-193000-001-MA_CROSS-141,,,,['MA_CROSS_SL'],69bcd709-5748-4512-8de3-dbeaa361804d,1748979000000000000,1749026340000000000,1.13973,DEFAULT,,,,,
BACKTESTER-001,MovingAverageCrossover-MA_CROSS,EUR/USD.IDEALPRO,IDEALPRO-1-143,EUR/USD.IDEALPRO-MovingAverageCrossover-MA_CROSS,IDEALPRO-001,,LIMIT,BUY,99999.99,GTC,True,False,0.00,NO_LIQUIDITY_SIDE,,,,NO_TRIGGER,CANCELED,OUO,OL-20250603-193000-001-MA_CROSS-47,['O-20250603-193000-001-MA_CROSS-142'],O-20250603-193000-001-MA_CROSS-141,,,,['MA_CROSS_TP'],fce986ba-c894-4729-95ad-54a7e7bc2df0,1748979000000000000,1749026340000000000,,,,,1.13123,True,
BACKTESTER-001,MovingAverageCrossover-MA_CROSS,EUR/USD.IDEALPRO,IDEALPRO-1-144,EUR/USD.IDEALPRO-MovingAverageCrossover-MA_CROSS,IDEALPRO-001,IDEALPRO-1-156447,MARKET,BUY,100000.00,GTC,False,False,100000.00,TAKER,1.1429849999997501,0.0,['2.29 USD'],NO_TRIGGER,FILLED,OTO,OL-20250604-171500-001-MA_CROSS-48,"['O-20250604-171500-001-MA_CROSS-145', 'O-20250604-171500-001-MA_CROSS-146']",,,,,['MA_CROSS'],2d2b640a-0b92-43c6-b11b-882b3a09203d,1749057300000000000,1749057300000000000,,,,,,,
BACKTESTER-001,MovingAverageCrossover-MA_CROSS,EUR/USD.IDEALPRO,IDEALPRO-1-145,EUR/USD.IDEALPRO-MovingAverageCrossover-MA_CROSS,IDEALPRO-001,IDEALPRO-1-157195,STOP_MARKET,SELL,100000.00,GTC,True,False,100000.00,TAKER,1.1404750000002501,4.999999749788486e-06,['2.28 USD'],NO_TRIGGER,FILLED,OUO,OL-20250604-171500-001-MA_CROSS-48,['O-20250604-171500-001-MA_CROSS-146'],O-20250604-171500-001-MA_CROSS-144,,,,['MA_CROSS_SL'],b07171d9-059f-41e5-a4fb-75cd77234daa,1749057300000000000,1749102960000000000,1.14048,DEFAULT,,,,,
BACKTESTER-001,MovingAverageCrossover-MA_CROSS,EUR/USD.IDEALPRO,IDEALPRO-1-146,EUR/USD.IDEALPRO-MovingAverageCrossover-MA_CROSS,IDEALPRO-001,,LIMIT,SELL,99999.99,GTC,True,False,0.00,NO_LIQUIDITY_SIDE,,,,NO_TRIGGER,CANCELED,OUO,OL-20250604-171500-001-MA_CROSS-48,['O-20250604-171500-001-MA_CROSS-145'],O-20250604-171500-001-MA_CROSS-144,,,,['MA_CROSS_TP'],889e88e4-92b4-4d12-8e27-14ee3e72ba01,1749057300000000000,1749102960000000000,,,,,1.14898,True,
BACKTESTER-001,MovingAverageCrossover-MA_CROSS,EUR/USD.IDEALPRO,IDEALPRO-1-147,EUR/USD.IDEALPRO-MovingAverageCrossover-MA_CROSS,IDEALPRO-001,IDEALPRO-1-159286,MARKET,SELL,100000.00,GTC,False,False,100000.00,TAKER,1.1387150000002502,0.0,['2.28 USD'],NO_TRIGGER,FILLED,OTO,OL-20250606-170000-001-MA_CROSS-49,"['O-20250606-170000-001-MA_CROSS-148', 'O-20250606-170000-001-MA_CROSS-149']",,,,,['MA_CROSS'],e012ad3f-d562-48a7-a9f6-4dd4adf84403,1749229200000000000,1749229200000000000,,,,,,,
BACKTESTER-001,MovingAverageCrossover-MA_CROSS,EUR/USD.IDEALPRO,IDEALPRO-1-148,EUR/USD.IDEALPRO-MovingAverageCrossover-MA_CROSS,IDEALPRO-001,IDEALPRO-1-159799,STOP_MARKET,BUY,100000.00,GTC,True,False,100000.00,TAKER,1.1412249999997501,4.9999997502325755e-06,['2.28 USD'],NO_TRIGGER,FILLED,OUO,OL-20250606-170000-001-MA_CROSS-49,['O-20250606-170000-001-MA_CROSS-149'],O-20250606-170000-001-MA_CROSS-147,,,,['MA_CROSS_SL'],6078779c-77b1-4992-a75d-7a2754b7b429,1749229200000000000,1749433560000000000,1.14122,DEFAULT,,,,,
BACKTESTER-001,MovingAverageCrossover-MA_CROSS,EUR/USD.IDEALPRO,IDEALPRO-1-149,EUR/USD.IDEALPRO-MovingAverageCrossover-MA_CROSS,IDEALPRO-001,,LIMIT,BUY,99999.99,GTC,True,False,0.00,NO_LIQUIDITY_SIDE,,,,NO_TRIGGER,CANCELED,OUO,OL-20250606-170000-001-MA_CROSS-49,['O-20250606-170000-001-MA_CROSS-148'],O-20250606-170000-001-MA_CROSS-147,,,,['MA_CROSS_TP'],faa9051d-23fa-4a4e-9739-935037af29ed,1749229200000000000,1749433560000000000,,,,,1.13272,True,
BACKTESTER-001,MovingAverageCrossover-MA_CROSS,EUR/USD.IDEALPRO,IDEALPRO-1-150,EUR/USD.IDEALPRO-MovingAverageCrossover-MA_CROSS,IDEALPRO-001,IDEALPRO-1-162200,MARKET,BUY,100000.00,GTC,False,False,100000.00,TAKER,1.14230499999975,0.0,['2.28 USD'],NO_TRIGGER,FILLED,OTO,OL-20250610-180000-001-MA_CROSS-50,"['O-20250610-180000-001-MA_CROSS-151', 'O-20250610-180000-001-MA_CROSS-152']",,,,,['MA_CROSS'],9b3dba2e-d4dc-4704-8a0d-b9b5384cdc39,1749578400000000000,1749578400000000000,,,,,,,
BACKTESTER-001,MovingAverageCrossover-MA_CROSS,EUR/USD.IDEALPRO,IDEALPRO-1-151,EUR/USD.IDEALPRO-MovingAverageCrossover-MA_CROSS,IDEALPRO-001,,STOP_MARKET,SELL,99999.99,GTC,True,False,0.00,NO_LIQUIDITY_SIDE,,,,NO_TRIGGER,CANCELED,OUO,OL-20250610-180000-001-MA_CROSS-50,['O-20250610-180000-001-MA_CROSS-152'],O-20250610-180000-001-MA_CROSS-150,,,,['MA_CROSS_SL'],3190883c-50fe-4f25-968b-3aab2072d18d,1749578400000000000,1749645360000000000,1.13980,DEFAULT,,,,,
BACKTESTER-001,MovingAverageCrossover-MA_CROSS,EUR/USD.IDEALPRO,IDEALPRO-1-152,EUR/USD.IDEALPRO-MovingAverageCrossover-MA_CROSS,IDEALPRO-001,IDEALPRO-1-163303,LIMIT,SELL,100000.00,GTC,True,False,100000.00,MAKER,1.1483000000000003,-2.220446049250313e-16,['2.30 USD'],NO_TRIGGER,FILLED,OUO,OL-20250610-180000-001-MA_CROSS-50,['O-20250610-180000-001-MA_CROSS-151'],O-20250610-180000-001-MA_CROSS-150,,,,['MA_CROSS_TP'],d8b15f43-1574-40de-bb86-c490ba138b31,1749578400000000000,1749645360000000000,,,,,1.14830,True,
BACKTESTER-001,MovingAverageCrossover-MA_CROSS,EUR/USD.IDEALPRO,IDEALPRO-1-153,EUR/USD.IDEALPRO-MovingAverageCrossover-MA_CROSS,IDEALPRO-001,IDEALPRO-1-168609,MARKET,SELL,100000.00,GTC,False,False,100000.00,TAKER,1.1557950000002502,0.0,['2.31 USD'],NO_TRIGGER,FILLED,OTO,OL-20250617-060000-001-MA_CROSS-51,"['O-20250617-060000-001-MA_CROSS-154', 'O-20250617-060000-001-MA_CROSS-155']",,,,,['MA_CROSS'],a81e0fd8-2e54-4b6b-8559-f8b2d236acfe,1750140000000000000,1750140000000000000,,,,,,,
BACKTESTER-001,MovingAverageCrossover-MA_CROSS,EUR/USD.IDEALPRO,IDEALPRO-1-154,EUR/USD.IDEALPRO-MovingAverageCrossover-MA_CROSS,IDEALPRO-001,,STOP_MARKET,BUY,99999.99,GTC,True,False,0.00,NO_LIQUIDITY_SIDE,,,,NO_TRIGGER,CANCELED,OUO,OL-20250617-060000-001-MA_CROSS-51,['O-20250617-060000-001-MA_CROSS-155'],O-20250617-060000-001-MA_CROSS-153,,,,['MA_CROSS_SL'],c647f8db-5596-467e-975f-a5c81d811f2f,1750140000000000000,1750152600000000000,1.15830,DEFAULT,,,,,
BACKTESTER-001,MovingAverageCrossover-MA_CROSS,EUR/USD.IDEALPRO,IDEALPRO-1-155,EUR/USD.IDEALPRO-MovingAverageCrossover-MA_CROSS,IDEALPRO-001,,LIMIT,BUY,99999.99,GTC,True,False,0.00,NO_LIQUIDITY_SIDE,,,,NO_TRIGGER,CANCELED,OUO,OL-20250617-060000-001-MA_CROSS-51,['O-20250617-060000-001-MA_CROSS-154'],O-20250617-060000-001-MA_CROSS-153,,,,['MA_CROSS_TP'],d4bfb664-c183-441f-abce-47810d5e663b,1750140000000000000,1750152600000000000,,,,,1.14980,True,
BACKTESTER-001,MovingAverageCrossover-MA_CROSS,EUR/USD.IDEALPRO,IDEALPRO-1-156,EUR/USD.IDEALPRO-MovingAverageCrossover-MA_CROSS,IDEALPRO-001,IDEALPRO-1-168821,MARKET,BUY,100000.00,GTC,True,False,100000.00,TAKER,1.15565499999975,0.0,['2.31 USD'],NO_TRIGGER,FILLED,NO_CONTINGENCY,,,,,,,,5f61cbe6-d45d-41b0-9be5-0f81fa1d1d19,1750152600000000000,1750152600000000000,,,,,,,
BACKTESTER-001,MovingAverageCrossover-MA_CROSS,EUR/USD.IDEALPRO,IDEALPRO-1-157,EUR/USD.IDEALPRO-MovingAverageCrossover-MA_CROSS,IDEALPRO-001,IDEALPRO-1-169258,MARKET,SELL,100000.00,GTC,False,False,100000.00,TAKER,1.15205500000025,0.0,['2.30 USD'],NO_TRIGGER,FILLED,OTO,OL-20250617-164500-001-MA_CROSS-52,"['O-20250617-164500-001-MA_CROSS-158', 'O-20250617-164500-001-MA_CROSS-159']",,,,,['MA_CROSS'],b4978081-d61d-4fa8-ad31-705ab7e020a6,1750178700000000000,1750178700000000000,,,,,,,
BACKTESTER-001,MovingAverageCrossover-MA_CROSS,EUR/USD.IDEALPRO,IDEALPRO-1-158,EUR/USD.IDEALPRO-MovingAverageCrossover-MA_CROSS,IDEALPRO-001,,STOP_MARKET,BUY,99999.99,GTC,True,False,0.00,NO_LIQUIDITY_SIDE,,,,NO_TRIGGER,CANCELED,OUO,OL-20250617-164500-001-MA_CROSS-52,['O-20250617-164500-001-MA_CROSS-159'],O-20250617-164500-001-MA_CROSS-157,,,,['MA_CROSS_SL'],5b6e93f7-87d9-4e14-9cb4-11dc3d462608,1750178700000000000,1750298280000000000,1.15456,DEFAULT,,,,,
BACKTESTER-001,MovingAverageCrossover-MA_CROSS,EUR/USD.IDEALPRO,IDEALPRO-1-159,EUR/USD.IDEALPRO-MovingAverageCrossover-MA_CROSS,IDEALPRO-001,IDEALPRO-1-171223,LIMIT,BUY,100000.00,GTC,True,False,100000.00,MAKER,1.1460600000000003,2.220446049250313e-16,['2.29 USD'],NO_TRIGGER,FILLED,OUO,OL-20250617-164500-001-MA_CROSS-52,['O-20250617-164500-001-MA_CROSS-158'],O-20250617-164500-001-MA_CROSS-157,,,,['MA_CROSS_TP'],d89f15d8-dbc3-4e7e-823e-859a6ad9dd4a,1750178700000000000,1750298280000000000,,,,,1.14606,True,
BACKTESTER-001,MovingAverageCrossover-MA_CROSS,EUR/USD.IDEALPRO,IDEALPRO-1-160,EUR/USD.IDEALPRO-MovingAverageCrossover-MA_CROSS,IDEALPRO-001,IDEALPRO-1-172727,MARKET,BUY,100000.00,GTC,False,False,100000.00,TAKER,1.1523049999997503,0.0,['2.30 USD'],NO_TRIGGER,FILLED,OTO,OL-20250620-031500-001-MA_CROSS-53,"['O-20250620-031500-001-MA_CROSS-161', 'O-20250620-031500-001-MA_CROSS-162']",,,,,['MA_CROSS'],e0b588f8-6b1c-4ba0-946d-3a41c03824f6,1750389300000000000,1750389300000000000,,,,,,,
BACKTESTER-001,MovingAverageCrossover-MA_CROSS,EUR/USD.IDEALPRO,IDEALPRO-1-161,EUR/USD.IDEALPRO-MovingAverageCrossover-MA_CROSS,IDEALPRO-001,IDEALPRO-1-173420,STOP_MARKET,SELL,100000.00,GTC,True,False,100000.00,TAKER,1.14979500000025,4.999999750010531e-06,['2.30 USD'],NO_TRIGGER,FILLED,OUO,OL-20250620-031500-001-MA_CROSS-53,['O-20250620-031500-001-MA_CROSS-162'],O-20250620-031500-001-MA_CROSS-160,,,,['MA_CROSS_SL'],13672307-9f22-4fd3-927f-5850ad31ba41,1750389300000000000,1750430760000000000,1.14980,DEFAULT,,,,,
BACKTESTER-001,MovingAverageCrossover-MA_CROSS,EUR/USD.IDEALPRO,IDEALPRO-1-162,EUR/USD.IDEALPRO-MovingAverageCrossover-MA_CROSS,IDEALPRO-001,,LIMIT,SELL,99999.99,GTC,True,False,0.00,NO_LIQUIDITY_SIDE,,,,NO_TRIGGER,CANCELED,OUO,OL-20250620-031500-001-MA_CROSS-53,['O-20250620-031500-001-MA_CROSS-161'],O-20250620-031500-001-MA_CROSS-160,,,,['MA_CROSS_TP'],4a0806a7-3021-4e01-895f-119209bf9b5e,1750389300000000000,1750430760000000000,,,,,1.15830,True,
BACKTESTER-001,MovingAverageCrossover-MA_CROSS,EUR/USD.IDEALPRO,IDEALPRO-1-163,EUR/USD.IDEALPRO-MovingAverageCrossover-MA_CROSS,IDEALPRO-001,IDEALPRO-1-174366,MARKET,SELL,100000.00,GTC,False,False,100000.00,TAKER,1.15070500000025,0.0,['2.30 USD'],NO_TRIGGER,FILLED,OTO,OL-20250623-064500-001-MA_CROSS-54,"['O-20250623-064500-001-MA_CROSS-164', 'O-20250623-064500-001-MA_CROSS-165']",,,,,['MA_CROSS'],32b4b29a-629c-4791-9287-32953e560cc0,1750661100000000000,1750661100000000000,,,,,,,
BACKTESTER-001,MovingAverageCrossover-MA_CROSS,EUR/USD.IDEALPRO,IDEALPRO-1-164,EUR/USD.IDEALPRO-MovingAverageCrossover-MA_CROSS,IDEALPRO-001,IDEALPRO-1-174830,STOP_MARKET,BUY,100000.00,GTC,True,False,100000.00,TAKER,1.15321499999975,4.999999750010531e-06,['2.31 USD'],NO_TRIGGER,FILLED,OUO,OL-20250623-064500-001-MA_CROSS-54,['O-20250623-064500-001-MA_CROSS-165'],O-20250623-064500-001-MA_CROSS-163,,,,['MA_CROSS_SL'],adfd36e2-400d-46e7-a379-b0c49c5aea38,1750661100000000000,1750688820000000000,1.15321,DEFAULT,,,,,
BACKTESTER-001,MovingAverageCrossover-MA_CROSS,EUR/USD.IDEALPRO,IDEALPRO-1-165,EUR/USD.IDEALPRO-MovingAverageCrossover-MA_CROSS,IDEALPRO-001,,LIMIT,BUY,99999.99,GTC,True,False,0.00,NO_LIQUIDITY_SIDE,,,,NO_TRIGGER,CANCELED,OUO,OL-20250623-064500-001-MA_CROSS-54,['O-20250623-064500-001-MA_CROSS-164'],O-20250623-064500-001-MA_CROSS-163,,,,['MA_CROSS_TP'],ef4ee6ab-fe49-4cb5-a75d-b930bea6b2bf,1750661100000000000,1750688820000000000,,,,,1.14471,True,
BACKTESTER-001,MovingAverageCrossover-MA_CROSS,EUR/USD.IDEALPRO,IDEALPRO-1-166,EUR/USD.IDEALPRO-MovingAverageCrossover-MA_CROSS,IDEALPRO-001,IDEALPRO-1-175015,MARKET,BUY,100000.00,GTC,False,False,100000.00,TAKER,1.15584499999975,0.0,['2.31 USD'],NO_TRIGGER,FILLED,OTO,OL-20250623-173000-001-MA_CROSS-55,"['O-20250623-173000-001-MA_CROSS-167', 'O-20250623-173000-001-MA_CROSS-168']",,,,,['MA_CROSS'],74579a77-6857-4e20-bbee-17b0e686458a,1750699800000000000,1750699800000000000,,,,,,,
BACKTESTER-001,MovingAverageCrossover-MA_CROSS,EUR/USD.IDEALPRO,IDEALPRO-1-167,EUR/USD.IDEALPRO-MovingAverageCrossover-MA_CROSS,IDEALPRO-001,,STOP_MARKET,SELL,99999.99,GTC,True,False,0.00,NO_LIQUIDITY_SIDE,,,,NO_TRIGGER,CANCELED,OUO,OL-20250623-173000-001-MA_CROSS-55,['O-20250623-173000-001-MA_CROSS-168'],O-20250623-173000-001-MA_CROSS-166,,,,['MA_CROSS_SL'],fe41ccbd-52c3-47c0-ba99-a5fa3d201205,1750699800000000000,1750745880000000000,1.15334,DEFAULT,,,,,
BACKTESTER-001,MovingAverageCrossover-MA_CROSS,EUR/USD.IDEALPRO,IDEALPRO-1-168,EUR/USD.IDEALPRO-MovingAverageCrossover-MA_CROSS,IDEALPRO-001,IDEALPRO-1-175770,LIMIT,SELL,100000.00,GTC,True,False,100000.00,MAKER,1.16184,0.0,['2.32 USD'],NO_TRIGGER,FILLED,OUO,OL-20250623-173000-001-MA_CROSS-55,['O-20250623-173000-001-MA_CROSS-167'],O-20250623-173000-001-MA_CROSS-166,,,,['MA_CROSS_TP'],346d1213-bd42-4cda-8e8f-cea9d51a1d9a,1750699800000000000,1750745880000000000,,,,,1.16184,True,
BACKTESTER-001,MovingAverageCrossover-MA_CROSS,EUR/USD.IDEALPRO,IDEALPRO-1-169,EUR/USD.IDEALPRO-MovingAverageCrossover-MA_CROSS,IDEALPRO-001,IDEALPRO-1-186254,MARKET,SELL,100000.00,GTC,False,False,100000.00,TAKER,1.17579500000025,0.0,['2.35 USD'],NO_TRIGGER,FILLED,OTO,OL-20250703-144500-001-MA_CROSS-56,"['O-20250703-144500-001-MA_CROSS-170', 'O-20250703-144500-001-MA_CROSS-171']",,,,,['MA_CROSS'],5e16a4fa-4236-4d25-88d6-924c5e322c21,1751553900000000000,1751553900000000000,,,,,,,
BACKTESTER-001,MovingAverageCrossover-MA_CROSS,EUR/USD.IDEALPRO,IDEALPRO-1-170,EUR/USD.IDEALPRO-MovingAverageCrossover-MA_CROSS,IDEALPRO-001,IDEALPRO-1-187107,STOP_MARKET,BUY,100000.00,GTC,True,False,100000.00,TAKER,1.17830499999975,4.999999750010531e-06,['2.36 USD'],NO_TRIGGER,FILLED,OUO,OL-20250703-144500-001-MA_CROSS-56,['O-20250703-144500-001-MA_CROSS-171'],O-20250703-144500-001-MA_CROSS-169,,,,['MA_CROSS_SL'],3ec14e6b-6b4b-439d-8a41-b0635a83257a,1751553900000000000,1751605860000000000,1.17830,DEFAULT,,,,,
BACKTESTER-001,MovingAverageCrossover-MA_CROSS,EUR/USD.IDEALPRO,IDEALPRO-1-171,EUR/USD.IDEALPRO-MovingAverageCrossover-MA_CROSS,IDEALPRO-001,,LIMIT,BUY,99999.99,GTC,True,False,0.00,NO_LIQUIDITY_SIDE,,,,NO_TRIGGER,CANCELED,OUO,OL-20250703-144500-001-MA_CROSS-56,['O-20250703-144500-001-MA_CROSS-170'],O-20250703-144500-001-MA_CROSS-169,,,,['MA_CROSS_TP'],2c129f05-7456-4460-b942-05b866246c8e,1751553900000000000,1751605860000000000,,,,,1.16980,True,
BACKTESTER-001,MovingAverageCrossover-MA_CROSS,EUR/USD.IDEALPRO,IDEALPRO-1-172,EUR/USD.IDEALPRO-MovingAverageCrossover-MA_CROSS,IDEALPRO-001,IDEALPRO-1-192813,MARKET,BUY,100000.00,GTC,False,False,100000.00,TAKER,1.17370499999975,0.0,['2.35 USD'],NO_TRIGGER,FILLED,OTO,OL-20250710-051500-001-MA_CROSS-57,"['O-20250710-051500-001-MA_CROSS-173', 'O-20250710-051500-001-MA_CROSS-174']",,,,,['MA_CROSS'],00275267-b016-4763-a383-ede2978b0be0,1752124500000000000,1752124500000000000,,,,,,,
BACKTESTER-001,MovingAverageCrossover-MA_CROSS,EUR/USD.IDEALPRO,IDEALPRO-1-173,EUR/USD.IDEALPRO-MovingAverageCrossover-MA_CROSS,IDEALPRO-001,IDEALPRO-1-193194,STOP_MARKET,SELL,100000.00,GTC,True,False,100000.00,TAKER,1.17119500000025,4.999999750010531e-06,['2.34 USD'],NO_TRIGGER,FILLED,OUO,OL-20250710-051500-001-MA_CROSS-57,['O-20250710-051500-001-MA_CROSS-174'],O-20250710-051500-001-MA_CROSS-172,,,,['MA_CROSS_SL'],39015398-8b46-49f2-986b-9421b34948ea,1752124500000000000,1752147240000000000,1.17120,DEFAULT,,,,,
BACKTESTER-001,MovingAverageCrossover-MA_CROSS,EUR/USD.IDEALPRO,IDEALPRO-1-174,EUR/USD.IDEALPRO-MovingAverageCrossover-MA_CROSS,IDEALPRO-001,,LIMIT,SELL,99999.99,GTC,True,False,0.00,NO_LIQUIDITY_SIDE,,,,NO_TRIGGER,CANCELED,OUO,OL-20250710-051500-001-MA_CROSS-57,['O-20250710-051500-001-MA_CROSS-173'],O-20250710-051500-001-MA_CROSS-172,,,,['MA_CROSS_TP'],cdb2a5f5-ef21-4acf-b673-0c88d16f331a,1752124500000000000,1752147240000000000,,,,,1.17970,True,
BACKTESTER-001,MovingAverageCrossover-MA_CROSS,EUR/USD.IDEALPRO,IDEALPRO-1-175,EUR/USD.IDEALPRO-MovingAverageCrossover-MA_CROSS,IDEALPRO-001,IDEALPRO-1-193507,MARKET,SELL,100000.00,GTC,False,False,100000.00,TAKER,1.1683950000002503,0.0,['2.34 USD'],NO_TRIGGER,FILLED,OTO,OL-20250710-164500-001-MA_CROSS-58,"['O-20250710-164500-001-MA_CROSS-176', 'O-20250710-164500-001-MA_CROSS-177']",,,,,['MA_CROSS'],3ae121ec-59d8-437e-93a1-5732c70d4544,1752165900000000000,1752165900000000000,,,,,,,
BACKTESTER-001,MovingAverageCrossover-MA_CROSS,EUR/USD.IDEALPRO,IDEALPRO-1-176,EUR/USD.IDEALPRO-MovingAverageCrossover-MA_CROSS,IDEALPRO-001,IDEALPRO-1-194751,STOP_MARKET,BUY,100000.00,GTC,True,False,100000.00,TAKER,1.17090499999975,4.999999750010531e-06,['2.34 USD'],NO_TRIGGER,FILLED,OUO,OL-20250710-164500-001-MA_CROSS-58,['O-20250710-164500-001-MA_CROSS-177'],O-20250710-164500-001-MA_CROSS-175,,,,['MA_CROSS_SL'],542a7ef2-08b3-4e83-a2ca-86aaeecd5eb5,1752165900000000000,1752241320000000000,1.17090,DEFAULT,,,,,
BACKTESTER-001,MovingAverageCrossover-MA_CROSS,EUR/USD.IDEALPRO,IDEALPRO-1-177,EUR/USD.IDEALPRO-MovingAverageCrossover-MA_CROSS,IDEALPRO-001,,LIMIT,BUY,99999.99,GTC,True,False,0.00,NO_LIQUIDITY_SIDE,,,,NO_TRIGGER,CANCELED,OUO,OL-20250710-164500-001-MA_CROSS-58,['O-20250710-164500-001-MA_CROSS-176'],O-20250710-164500-001-MA_CROSS-175,,,,['MA_CROSS_TP'],f7db20d1-f6be-465a-aae6-5a4fa84338cf,1752165900000000000,1752241320000000000,,,,,1.16240,True,
BACKTESTER-001,MovingAverageCrossover-MA_CROSS,EUR/USD.IDEALPRO,IDEALPRO-1-178,EUR/USD.IDEALPRO-MovingAverageCrossover-MA_CROSS,IDEALPRO-001,IDEALPRO-1-201476,MARKET,BUY,100000.00,GTC,False,False,100000.00,TAKER,1.16206499999975,0.0,['2.32 USD'],NO_TRIGGER,FILLED,OTO,OL-20250718-070000-001-MA_CROSS-59,"['O-20250718-070000-001-MA_CROSS-179', 'O-20250718-070000-001-MA_CROSS-180']",,,,,['MA_CROSS'],9e4cddb2-b885-41ab-a0e3-4468e79d2e76,1752822000000000000,1752822000000000000,,,,,,,
BACKTESTER-001,MovingAverageCrossover-MA_CROSS,EUR/USD.IDEALPRO,IDEALPRO-1-179,EUR/USD.IDEALPRO-MovingAverageCrossover-MA_CROSS,IDEALPRO-001,,STOP_MARKET,SELL,99999.99,GTC,True,False,0.00,NO_LIQUIDITY_SIDE,,,,NO_TRIGGER,CANCELED,OUO,OL-20250718-070000-001-MA_CROSS-59,['O-20250718-070000-001-MA_CROSS-180'],O-20250718-070000-001-MA_CROSS-178,,,,['MA_CROSS_SL'],ff6613dd-b55f-4a4f-9732-c0a5c4f417b4,1752822000000000000,1753106760000000000,1.15956,DEFAULT,,,,,
BACKTESTER-001,MovingAverageCrossover-MA_CROSS,EUR/USD.IDEALPRO,IDEALPRO-1-180,EUR/USD.IDEALPRO-MovingAverageCrossover-MA_CROSS,IDEALPRO-001,IDEALPRO-1-203329,LIMIT,SELL,100000.00,GTC,True,False,100000.00,MAKER,1.16806,0.0,['2.34 USD'],NO_TRIGGER,FILLED,OUO,OL-20250718-070000-001-MA_CROSS-59,['O-20250718-070000-001-MA_CROSS-179'],O-20250718-070000-001-MA_CROSS-178,,,,['MA_CROSS_TP'],f861cb3f-dc7b-44ba-9aad-01fe39c75a84,1752822000000000000,1753106760000000000,,,,,1.16806,True,
BACKTESTER-001,MovingAverageCrossover-MA_CROSS,EUR/USD.IDEALPRO,IDEALPRO-1-181,EUR/USD.IDEALPRO-MovingAverageCrossover-MA_CROSS,IDEALPRO-001,IDEALPRO-1-208680,MARKET,SELL,100000.00,GTC,False,False,100000.00,TAKER,1.17437500000025,0.0,['2.35 USD'],NO_TRIGGER,FILLED,OTO,OL-20250725-081500-001-MA_CROSS-60,"['O-20250725-081500-001-MA_CROSS-182', 'O-20250725-081500-001-MA_CROSS-183']",,,,,['MA_CROSS'],fa7d2503-d733-4ae0-b53a-09819e651158,1753431300000000000,1753431300000000000,,,,,,,
BACKTESTER-001,MovingAverageCrossover-MA_CROSS,EUR/USD.IDEALPRO,IDEALPRO-1-182,EUR/USD.IDEALPRO-MovingAverageCrossover-MA_CROSS,IDEALPRO-001,IDEALPRO-1-209494,STOP_MARKET,BUY,100000.00,GTC,True,False,100000.00,TAKER,1.17688499999975,4.999999750010531e-06,['2.35 USD'],NO_TRIGGER,FILLED,OUO,OL-20250725-081500-001-MA_CROSS-60,['O-20250725-081500-001-MA_CROSS-183'],O-20250725-081500-001-MA_CROSS-181,,,,['MA_CROSS_SL'],1086b5d2-17c1-4a21-ba2a-7e2524bfbe26,1753431300000000000,1753653720000000000,1.17688,DEFAULT,,,,,
BACKTESTER-001,MovingAverageCrossover-MA_CROSS,EUR/USD.IDEALPRO,IDEALPRO-1-183,EUR/USD.IDEALPRO-MovingAverageCrossover-MA_CROSS,IDEALPRO-001,,LIMIT,BUY,99999.99,GTC,True,False,0.00,NO_LIQUIDITY_SIDE,,,,NO_TRIGGER,CANCELED,OUO,OL-20250725-081500-001-MA_CROSS-60,['O-20250725-081500-001-MA_CROSS-182'],O-20250725-081500-001-MA_CROSS-181,,,,['MA_CROSS_TP'],d3be445d-4e55-42a4-b84d-b68a508e5411,1753431300000000000,1753653720000000000,,,,,1.16838,True,
