trader_id,strategy_id,instrument_id,account_id,opening_order_id,closing_order_id,entry,side,quantity,peak_qty,ts_init,ts_opened,ts_last,ts_closed,duration_ns,avg_px_open,avg_px_close,commissions,realized_return,realized_pnl,is_snapshot
BACKTESTER-001,MovingAverageCrossover-MA_CROSS,EUR/USD.IDEALPRO,IDEALPRO-001,O-20250102-044600-001-MA_CROSS-1,O-20250102-072800-001-MA_CROSS-4,SELL,FLAT,0.00,100000.00,1735793160000000000,2025-01-02 04:46:00+00:00,1735802880000000000,2025-01-02 07:28:00+00:00,9720000000000.0,1.0366900000009998,1.0367899999990002,['4.14 USD'],-0.0001,-14.14 USD,True
BACKTESTER-001,MovingAverageCrossover-MA_CROSS,EUR/USD.IDEALPRO,IDEALPRO-001,O-20250102-080600-001-MA_CROSS-5,O-20250102-085200-001-MA_CROSS-8,SELL,FLAT,0.00,100000.00,1735805160000000000,2025-01-02 08:06:00+00:00,1735807920000000000,2025-01-02 08:52:00+00:00,2760000000000.0,1.036730000001,1.035849999999,['4.14 USD'],0.00085,83.86 USD,True
BACKTESTER-001,MovingAverageCrossover-MA_CROSS,EUR/USD.IDEALPRO,IDEALPRO-001,O-20250102-094000-001-MA_CROSS-9,O-20250102-094000-001-MA_CROSS-11,SELL,FLAT,0.00,100000.00,1735810800000000000,2025-01-02 09:40:00+00:00,1735814940000000000,2025-01-02 10:49:00+00:00,4140000000000.0,1.035880000001,1.03332,['4.14 USD'],0.00247,251.86 USD,True
BACKTESTER-001,MovingAverageCrossover-MA_CROSS,EUR/USD.IDEALPRO,IDEALPRO-001,O-20250102-170000-001-MA_CROSS-12,O-20250102-173400-001-MA_CROSS-15,BUY,FLAT,0.00,100000.00,1735837200000000000,2025-01-02 17:00:00+00:00,1735839240000000000,2025-01-02 17:34:00+00:00,2040000000000.0,1.0261299999990001,1.0254000000010002,['4.10 USD'],-0.00071,-77.10 USD,True
BACKTESTER-001,MovingAverageCrossover-MA_CROSS,EUR/USD.IDEALPRO,IDEALPRO-001,O-20250102-175800-001-MA_CROSS-16,O-20250102-190200-001-MA_CROSS-19,BUY,FLAT,0.00,100000.00,1735840680000000000,2025-01-02 17:58:00+00:00,1735844520000000000,2025-01-02 19:02:00+00:00,3840000000000.0,1.026319999999,1.025540000001,['4.10 USD'],-0.00076,-82.10 USD,True
BACKTESTER-001,MovingAverageCrossover-MA_CROSS,EUR/USD.IDEALPRO,IDEALPRO-001,O-20250102-193800-001-MA_CROSS-20,O-20250102-194800-001-MA_CROSS-23,BUY,FLAT,0.00,100000.00,1735846680000000000,2025-01-02 19:38:00+00:00,1735847280000000000,2025-01-02 19:48:00+00:00,600000000000.0,1.0256199999989999,1.025050000001,['4.10 USD'],-0.00056,-61.10 USD,True
BACKTESTER-001,MovingAverageCrossover-MA_CROSS,EUR/USD.IDEALPRO,IDEALPRO-001,O-20250102-201600-001-MA_CROSS-24,O-20250103-040000-001-MA_CROSS-27,BUY,FLAT,0.00,100000.00,1735848960000000000,2025-01-02 20:16:00+00:00,1735876800000000000,2025-01-03 04:00:00+00:00,27840000000000.0,1.0255899999990001,1.027070000001,['4.10 USD'],0.00144,143.90 USD,True
BACKTESTER-001,MovingAverageCrossover-MA_CROSS,EUR/USD.IDEALPRO,IDEALPRO-001,O-20250103-053200-001-MA_CROSS-28,O-20250103-083400-001-MA_CROSS-31,BUY,FLAT,0.00,100000.00,1735882320000000000,2025-01-03 05:32:00+00:00,1735893240000000000,2025-01-03 08:34:00+00:00,10920000000000.0,1.027309999999,1.0279100000010002,['4.11 USD'],0.00058,55.89 USD,True
BACKTESTER-001,MovingAverageCrossover-MA_CROSS,EUR/USD.IDEALPRO,IDEALPRO-001,O-20250103-090000-001-MA_CROSS-32,O-20250103-100000-001-MA_CROSS-35,BUY,FLAT,0.00,100000.00,1735894800000000000,2025-01-03 09:00:00+00:00,1735898400000000000,2025-01-03 10:00:00+00:00,3600000000000.0,1.028059999999,1.029020000001,['4.12 USD'],0.00093,91.88 USD,True
BACKTESTER-001,MovingAverageCrossover-MA_CROSS,EUR/USD.IDEALPRO,IDEALPRO-001,O-20250103-111600-001-MA_CROSS-36,O-20250103-133000-001-MA_CROSS-39,BUY,FLAT,0.00,100000.00,1735902960000000000,2025-01-03 11:16:00+00:00,1735911000000000000,2025-01-03 13:30:00+00:00,8040000000000.0,1.028849999999,1.0293900000010001,['4.12 USD'],0.00052,49.88 USD,True
BACKTESTER-001,MovingAverageCrossover-MA_CROSS,EUR/USD.IDEALPRO,IDEALPRO-001,O-20250103-134600-001-MA_CROSS-40,O-20250103-140000-001-MA_CROSS-43,BUY,FLAT,0.00,100000.00,1735911960000000000,2025-01-03 13:46:00+00:00,1735912800000000000,2025-01-03 14:00:00+00:00,840000000000.0,1.029979999999,1.029320000001,['4.12 USD'],-0.00064,-70.12 USD,True
BACKTESTER-001,MovingAverageCrossover-MA_CROSS,EUR/USD.IDEALPRO,IDEALPRO-001,O-20250103-144600-001-MA_CROSS-44,O-20250103-151800-001-MA_CROSS-47,BUY,FLAT,0.00,100000.00,1735915560000000000,2025-01-03 14:46:00+00:00,1735917480000000000,2025-01-03 15:18:00+00:00,1920000000000.0,1.0295999999990002,1.028730000001,['4.12 USD'],-0.00084,-91.12 USD,True
BACKTESTER-001,MovingAverageCrossover-MA_CROSS,EUR/USD.IDEALPRO,IDEALPRO-001,O-20250103-160000-001-MA_CROSS-48,O-20250103-164600-001-MA_CROSS-51,BUY,FLAT,0.00,100000.00,1735920000000000000,2025-01-03 16:00:00+00:00,1735922760000000000,2025-01-03 16:46:00+00:00,2760000000000.0,1.028939999999,1.028940000001,['4.12 USD'],0.0,-4.12 USD,True
BACKTESTER-001,MovingAverageCrossover-MA_CROSS,EUR/USD.IDEALPRO,IDEALPRO-001,O-20250103-170800-001-MA_CROSS-52,O-20250103-190400-001-MA_CROSS-55,BUY,FLAT,0.00,100000.00,1735924080000000000,2025-01-03 17:08:00+00:00,1735931040000000000,2025-01-03 19:04:00+00:00,6960000000000.0,1.030219999999,1.029460000001,['4.12 USD'],-0.00074,-80.12 USD,True
BACKTESTER-001,MovingAverageCrossover-MA_CROSS,EUR/USD.IDEALPRO,IDEALPRO-001,O-20250103-192000-001-MA_CROSS-56,O-20250103-204600-001-MA_CROSS-59,BUY,FLAT,0.00,100000.00,1735932000000000000,2025-01-03 19:20:00+00:00,1735937160000000000,2025-01-03 20:46:00+00:00,5160000000000.0,1.0301699999990002,1.030200000001,['4.12 USD'],3e-05,-1.12 USD,True
BACKTESTER-001,MovingAverageCrossover-MA_CROSS,EUR/USD.IDEALPRO,IDEALPRO-001,O-20250103-210000-001-MA_CROSS-60,O-20250105-230000-001-MA_CROSS-63,BUY,FLAT,0.00,100000.00,1735938000000000000,2025-01-03 21:00:00+00:00,1736118000000000000,2025-01-05 23:00:00+00:00,180000000000000.0,1.030599999999,1.0301800000010002,['4.12 USD'],-0.00041,-46.12 USD,True
BACKTESTER-001,MovingAverageCrossover-MA_CROSS,EUR/USD.IDEALPRO,IDEALPRO-001,O-20250106-010000-001-MA_CROSS-64,O-20250106-051000-001-MA_CROSS-67,BUY,FLAT,0.00,100000.00,1736125200000000000,2025-01-06 01:00:00+00:00,1736140200000000000,2025-01-06 05:10:00+00:00,15000000000000.0,1.030319999999,1.0314300000010002,['4.12 USD'],0.00108,106.88 USD,True
BACKTESTER-001,MovingAverageCrossover-MA_CROSS,EUR/USD.IDEALPRO,IDEALPRO-001,O-20250106-053200-001-MA_CROSS-68,O-20250106-054800-001-MA_CROSS-71,BUY,FLAT,0.00,100000.00,1736141520000000000,2025-01-06 05:32:00+00:00,1736142480000000000,2025-01-06 05:48:00+00:00,960000000000.0,1.031749999999,1.0313700000009998,['4.12 USD'],-0.00037,-42.12 USD,True
BACKTESTER-001,MovingAverageCrossover-MA_CROSS,EUR/USD.IDEALPRO,IDEALPRO-001,O-20250106-064600-001-MA_CROSS-72,O-20250106-064600-001-MA_CROSS-74,BUY,FLAT,0.00,100000.00,1736145960000000000,2025-01-06 06:46:00+00:00,1736151360000000000,2025-01-06 08:16:00+00:00,5400000000000.0,1.031509999999,1.034,['4.13 USD'],0.00241,244.87 USD,True
BACKTESTER-001,MovingAverageCrossover-MA_CROSS,EUR/USD.IDEALPRO,IDEALPRO-001,O-20250106-101600-001-MA_CROSS-75,O-20250106-101600-001-MA_CROSS-76,SELL,FLAT,0.00,100000.00,1736158560000000000,2025-01-06 10:16:00+00:00,1736161920000000000,2025-01-06 11:12:00+00:00,3360000000000.0,1.034570000001,1.035589999999,['4.14 USD'],-0.00099,-106.14 USD,True
BACKTESTER-001,MovingAverageCrossover-MA_CROSS,EUR/USD.IDEALPRO,IDEALPRO-001,O-20250106-111600-001-MA_CROSS-78,O-20250106-111600-001-MA_CROSS-79,BUY,FLAT,0.00,100000.00,1736162160000000000,2025-01-06 11:16:00+00:00,1736162160000000000,2025-01-06 11:16:00+00:00,,1.0396999999990002,1.0386800000010001,['4.16 USD'],-0.00098,-106.16 USD,True
BACKTESTER-001,MovingAverageCrossover-MA_CROSS,EUR/USD.IDEALPRO,IDEALPRO-001,O-20250106-141600-001-MA_CROSS-81,O-20250106-141600-001-MA_CROSS-82,SELL,FLAT,0.00,100000.00,1736172960000000000,2025-01-06 14:16:00+00:00,1736172960000000000,2025-01-06 14:16:00+00:00,,1.0388500000010001,1.0398699999990002,['4.16 USD'],-0.00098,-106.16 USD,True
BACKTESTER-001,MovingAverageCrossover-MA_CROSS,EUR/USD.IDEALPRO,IDEALPRO-001,O-20250106-150000-001-MA_CROSS-84,O-20250106-150000-001-MA_CROSS-85,BUY,FLAT,0.00,100000.00,1736175600000000000,2025-01-06 15:00:00+00:00,1736176320000000000,2025-01-06 15:12:00+00:00,720000000000.0,1.039279999999,1.038260000001,['4.16 USD'],-0.00098,-106.16 USD,True
BACKTESTER-001,MovingAverageCrossover-MA_CROSS,EUR/USD.IDEALPRO,IDEALPRO-001,O-20250106-152000-001-MA_CROSS-87,O-20250106-152000-001-MA_CROSS-88,SELL,FLAT,0.00,100000.00,1736176800000000000,2025-01-06 15:20:00+00:00,1736178780000000000,2025-01-06 15:53:00+00:00,1980000000000.0,1.0379000000010001,1.0389199999990002,['4.16 USD'],-0.00098,-106.16 USD,True
BACKTESTER-001,MovingAverageCrossover-MA_CROSS,EUR/USD.IDEALPRO,IDEALPRO-001,O-20250106-160000-001-MA_CROSS-90,O-20250106-160000-001-MA_CROSS-91,BUY,FLAT,0.00,100000.00,1736179200000000000,2025-01-06 16:00:00+00:00,1736183580000000000,2025-01-06 17:13:00+00:00,4380000000000.0,1.0393799999989999,1.038360000001,['4.16 USD'],-0.00098,-106.16 USD,True
BACKTESTER-001,MovingAverageCrossover-MA_CROSS,EUR/USD.IDEALPRO,IDEALPRO-001,O-20250106-171600-001-MA_CROSS-93,O-20250106-180000-001-MA_CROSS-96,SELL,FLAT,0.00,100000.00,1736183760000000000,2025-01-06 17:16:00+00:00,1736186400000000000,2025-01-06 18:00:00+00:00,2640000000000.0,1.038240000001,1.038759999999,['4.16 USD'],-0.0005,-56.16 USD,True
BACKTESTER-001,MovingAverageCrossover-MA_CROSS,EUR/USD.IDEALPRO,IDEALPRO-001,O-20250106-190400-001-MA_CROSS-97,O-20250106-193000-001-MA_CROSS-100,SELL,FLAT,0.00,100000.00,1736190240000000000,2025-01-06 19:04:00+00:00,1736191800000000000,2025-01-06 19:30:00+00:00,1560000000000.0,1.037930000001,1.038829999999,['4.16 USD'],-0.00087,-94.16 USD,True
BACKTESTER-001,MovingAverageCrossover-MA_CROSS,EUR/USD.IDEALPRO,IDEALPRO-001,O-20250106-230000-001-MA_CROSS-101,O-20250107-010000-001-MA_CROSS-104,SELL,FLAT,0.00,100000.00,1736204400000000000,2025-01-06 23:00:00+00:00,1736211600000000000,2025-01-07 01:00:00+00:00,7200000000000.0,1.039000000001,1.038459999999,['4.16 USD'],0.00052,49.84 USD,True
BACKTESTER-001,MovingAverageCrossover-MA_CROSS,EUR/USD.IDEALPRO,IDEALPRO-001,O-20250107-030200-001-MA_CROSS-105,O-20250107-032200-001-MA_CROSS-108,SELL,FLAT,0.00,100000.00,1736218920000000000,2025-01-07 03:02:00+00:00,1736220120000000000,2025-01-07 03:22:00+00:00,1200000000000.0,1.0380400000010002,1.038459999999,['4.16 USD'],-0.0004,-46.16 USD,True
BACKTESTER-001,MovingAverageCrossover-MA_CROSS,EUR/USD.IDEALPRO,IDEALPRO-001,O-20250107-064600-001-MA_CROSS-109,O-20250107-064600-001-MA_CROSS-110,SELL,FLAT,0.00,100000.00,1736232360000000000,2025-01-07 06:46:00+00:00,1736233860000000000,2025-01-07 07:11:00+00:00,1500000000000.0,1.039720000001,1.040739999999,['4.16 USD'],-0.00098,-106.16 USD,True
BACKTESTER-001,MovingAverageCrossover-MA_CROSS,EUR/USD.IDEALPRO,IDEALPRO-001,O-20250107-071600-001-MA_CROSS-112,O-20250107-082000-001-MA_CROSS-115,BUY,FLAT,0.00,100000.00,1736234160000000000,2025-01-07 07:16:00+00:00,1736238000000000000,2025-01-07 08:20:00+00:00,3840000000000.0,1.040799999999,1.0405800000010001,['4.16 USD'],-0.00021,-26.16 USD,True
BACKTESTER-001,MovingAverageCrossover-MA_CROSS,EUR/USD.IDEALPRO,IDEALPRO-001,O-20250107-085000-001-MA_CROSS-116,O-20250107-103200-001-MA_CROSS-119,BUY,FLAT,0.00,100000.00,1736239800000000000,2025-01-07 08:50:00+00:00,1736245920000000000,2025-01-07 10:32:00+00:00,6120000000000.0,1.041949999999,1.0421700000010001,['4.16 USD'],0.00021,17.84 USD,True
BACKTESTER-001,MovingAverageCrossover-MA_CROSS,EUR/USD.IDEALPRO,IDEALPRO-001,O-20250107-105200-001-MA_CROSS-120,O-20250107-105200-001-MA_CROSS-121,BUY,FLAT,0.00,100000.00,1736247120000000000,2025-01-07 10:52:00+00:00,1736248320000000000,2025-01-07 11:12:00+00:00,1200000000000.0,1.0431599999990002,1.042130000001,['4.17 USD'],-0.00099,-107.17 USD,True
BACKTESTER-001,MovingAverageCrossover-MA_CROSS,EUR/USD.IDEALPRO,IDEALPRO-001,O-20250107-111600-001-MA_CROSS-123,O-20250107-111600-001-MA_CROSS-125,SELL,FLAT,0.00,100000.00,1736248560000000000,2025-01-07 11:16:00+00:00,1736253780000000000,2025-01-07 12:43:00+00:00,5220000000000.0,1.0419300000010001,1.03944,['4.16 USD'],0.00239,244.84 USD,True
BACKTESTER-001,MovingAverageCrossover-MA_CROSS,EUR/USD.IDEALPRO,IDEALPRO-001,O-20250107-164600-001-MA_CROSS-126,O-20250107-164600-001-MA_CROSS-127,BUY,FLAT,0.00,100000.00,1736268360000000000,2025-01-07 16:46:00+00:00,1736268720000000000,2025-01-07 16:52:00+00:00,360000000000.0,1.037489999999,1.036470000001,['4.14 USD'],-0.00098,-106.14 USD,True
BACKTESTER-001,MovingAverageCrossover-MA_CROSS,EUR/USD.IDEALPRO,IDEALPRO-001,O-20250107-170000-001-MA_CROSS-129,O-20250107-195000-001-MA_CROSS-132,SELL,FLAT,0.00,100000.00,1736269200000000000,2025-01-07 17:00:00+00:00,1736279400000000000,2025-01-07 19:50:00+00:00,10200000000000.0,1.0368200000010002,1.035789999999,['4.14 USD'],0.00099,98.86 USD,True
BACKTESTER-001,MovingAverageCrossover-MA_CROSS,EUR/USD.IDEALPRO,IDEALPRO-001,O-20250107-200600-001-MA_CROSS-133,O-20250108-001600-001-MA_CROSS-136,SELL,FLAT,0.00,100000.00,1736280360000000000,2025-01-07 20:06:00+00:00,1736295360000000000,2025-01-08 00:16:00+00:00,15000000000000.0,1.035250000001,1.0345699999990001,['4.14 USD'],0.00066,63.86 USD,True
BACKTESTER-001,MovingAverageCrossover-MA_CROSS,EUR/USD.IDEALPRO,IDEALPRO-001,O-20250108-033200-001-MA_CROSS-137,O-20250108-041600-001-MA_CROSS-140,SELL,FLAT,0.00,100000.00,1736307120000000000,2025-01-08 03:32:00+00:00,1736309760000000000,2025-01-08 04:16:00+00:00,2640000000000.0,1.034970000001,1.035179999999,['4.14 USD'],-0.0002,-25.14 USD,True
BACKTESTER-001,MovingAverageCrossover-MA_CROSS,EUR/USD.IDEALPRO,IDEALPRO-001,O-20250108-045200-001-MA_CROSS-141,O-20250108-053000-001-MA_CROSS-144,SELL,FLAT,0.00,100000.00,1736311920000000000,2025-01-08 04:52:00+00:00,1736314200000000000,2025-01-08 05:30:00+00:00,2280000000000.0,1.0349200000010002,1.0354999999990002,['4.14 USD'],-0.00056,-62.14 USD,True
BACKTESTER-001,MovingAverageCrossover-MA_CROSS,EUR/USD.IDEALPRO,IDEALPRO-001,O-20250108-070000-001-MA_CROSS-145,O-20250108-070000-001-MA_CROSS-147,SELL,FLAT,0.00,100000.00,1736319600000000000,2025-01-08 07:00:00+00:00,1736323620000000000,2025-01-08 08:07:00+00:00,4020000000000.0,1.035150000001,1.03266,['4.14 USD'],0.00241,244.86 USD,True
BACKTESTER-001,MovingAverageCrossover-MA_CROSS,EUR/USD.IDEALPRO,IDEALPRO-001,O-20250108-133000-001-MA_CROSS-148,O-20250108-143000-001-MA_CROSS-151,BUY,FLAT,0.00,100000.00,1736343000000000000,2025-01-08 13:30:00+00:00,1736346600000000000,2025-01-08 14:30:00+00:00,3600000000000.0,1.029579999999,1.0293300000010002,['4.12 USD'],-0.00024,-29.12 USD,True
BACKTESTER-001,MovingAverageCrossover-MA_CROSS,EUR/USD.IDEALPRO,IDEALPRO-001,O-20250108-151600-001-MA_CROSS-152,O-20250108-154600-001-MA_CROSS-155,BUY,FLAT,0.00,100000.00,1736349360000000000,2025-01-08 15:16:00+00:00,1736351160000000000,2025-01-08 15:46:00+00:00,1800000000000.0,1.030489999999,1.0298300000010001,['4.12 USD'],-0.00064,-70.12 USD,True
BACKTESTER-001,MovingAverageCrossover-MA_CROSS,EUR/USD.IDEALPRO,IDEALPRO-001,O-20250108-163600-001-MA_CROSS-156,O-20250108-171600-001-MA_CROSS-159,BUY,FLAT,0.00,100000.00,1736354160000000000,2025-01-08 16:36:00+00:00,1736356560000000000,2025-01-08 17:16:00+00:00,2400000000000.0,1.030469999999,1.0302500000010002,['4.12 USD'],-0.00021,-26.12 USD,True
BACKTESTER-001,MovingAverageCrossover-MA_CROSS,EUR/USD.IDEALPRO,IDEALPRO-001,O-20250108-175800-001-MA_CROSS-160,O-20250108-194600-001-MA_CROSS-163,BUY,FLAT,0.00,100000.00,1736359080000000000,2025-01-08 17:58:00+00:00,1736365560000000000,2025-01-08 19:46:00+00:00,6480000000000.0,1.030469999999,1.031200000001,['4.12 USD'],0.00071,68.88 USD,True
BACKTESTER-001,MovingAverageCrossover-MA_CROSS,EUR/USD.IDEALPRO,IDEALPRO-001,O-20250108-204600-001-MA_CROSS-164,O-20250109-000600-001-MA_CROSS-167,BUY,FLAT,0.00,100000.00,1736369160000000000,2025-01-08 20:46:00+00:00,1736381160000000000,2025-01-09 00:06:00+00:00,12000000000000.0,1.031479999999,1.0313700000009998,['4.12 USD'],-0.00011,-15.12 USD,True
BACKTESTER-001,MovingAverageCrossover-MA_CROSS,EUR/USD.IDEALPRO,IDEALPRO-001,O-20250109-031600-001-MA_CROSS-168,O-20250109-035000-001-MA_CROSS-171,BUY,FLAT,0.00,100000.00,1736392560000000000,2025-01-09 03:16:00+00:00,1736394600000000000,2025-01-09 03:50:00+00:00,2040000000000.0,1.032089999999,1.0314300000010002,['4.12 USD'],-0.00064,-70.12 USD,True
BACKTESTER-001,MovingAverageCrossover-MA_CROSS,EUR/USD.IDEALPRO,IDEALPRO-001,O-20250109-064600-001-MA_CROSS-172,O-20250109-070200-001-MA_CROSS-175,BUY,FLAT,0.00,100000.00,1736405160000000000,2025-01-09 06:46:00+00:00,1736406120000000000,2025-01-09 07:02:00+00:00,960000000000.0,1.030599999999,1.030230000001,['4.12 USD'],-0.00036,-41.12 USD,True
BACKTESTER-001,MovingAverageCrossover-MA_CROSS,EUR/USD.IDEALPRO,IDEALPRO-001,O-20250109-082000-001-MA_CROSS-176,O-20250109-104600-001-MA_CROSS-179,BUY,FLAT,0.00,100000.00,1736410800000000000,2025-01-09 08:20:00+00:00,1736419560000000000,2025-01-09 10:46:00+00:00,8760000000000.0,1.029749999999,1.030270000001,['4.12 USD'],0.0005,47.88 USD,True
BACKTESTER-001,MovingAverageCrossover-MA_CROSS,EUR/USD.IDEALPRO,IDEALPRO-001,O-20250109-130400-001-MA_CROSS-180,O-20250109-140000-001-MA_CROSS-183,BUY,FLAT,0.00,100000.00,1736427840000000000,2025-01-09 13:04:00+00:00,1736431200000000000,2025-01-09 14:00:00+00:00,3360000000000.0,1.030329999999,1.0307800000010001,['4.12 USD'],0.00044,40.88 USD,True
BACKTESTER-001,MovingAverageCrossover-MA_CROSS,EUR/USD.IDEALPRO,IDEALPRO-001,O-20250109-164600-001-MA_CROSS-184,O-20250109-173200-001-MA_CROSS-187,BUY,FLAT,0.00,100000.00,1736441160000000000,2025-01-09 16:46:00+00:00,1736443920000000000,2025-01-09 17:32:00+00:00,2760000000000.0,1.0300599999989999,1.0295000000010002,['4.12 USD'],-0.00054,-60.12 USD,True
BACKTESTER-001,MovingAverageCrossover-MA_CROSS,EUR/USD.IDEALPRO,IDEALPRO-001,O-20250109-203400-001-MA_CROSS-188,O-20250109-223800-001-MA_CROSS-191,BUY,FLAT,0.00,100000.00,1736454840000000000,2025-01-09 20:34:00+00:00,1736462280000000000,2025-01-09 22:38:00+00:00,7440000000000.0,1.030229999999,1.029800000001,['4.12 USD'],-0.00042,-47.12 USD,True
BACKTESTER-001,MovingAverageCrossover-MA_CROSS,EUR/USD.IDEALPRO,IDEALPRO-001,O-20250110-001600-001-MA_CROSS-192,O-20250110-003000-001-MA_CROSS-195,BUY,FLAT,0.00,100000.00,1736468160000000000,2025-01-10 00:16:00+00:00,1736469000000000000,2025-01-10 00:30:00+00:00,840000000000.0,1.029859999999,1.029430000001,['4.12 USD'],-0.00042,-47.12 USD,True
BACKTESTER-001,MovingAverageCrossover-MA_CROSS,EUR/USD.IDEALPRO,IDEALPRO-001,O-20250110-031400-001-MA_CROSS-196,O-20250110-040600-001-MA_CROSS-199,BUY,FLAT,0.00,100000.00,1736478840000000000,2025-01-10 03:14:00+00:00,1736481960000000000,2025-01-10 04:06:00+00:00,3120000000000.0,1.0302999999990001,1.029790000001,['4.12 USD'],-0.0005,-55.12 USD,True
BACKTESTER-001,MovingAverageCrossover-MA_CROSS,EUR/USD.IDEALPRO,IDEALPRO-001,O-20250110-073000-001-MA_CROSS-200,O-20250110-093000-001-MA_CROSS-203,BUY,FLAT,0.00,100000.00,1736494200000000000,2025-01-10 07:30:00+00:00,1736501400000000000,2025-01-10 09:30:00+00:00,7200000000000.0,1.028849999999,1.030090000001,['4.12 USD'],0.00121,119.88 USD,True
BACKTESTER-001,MovingAverageCrossover-MA_CROSS,EUR/USD.IDEALPRO,IDEALPRO-001,O-20250110-094600-001-MA_CROSS-204,O-20250110-100200-001-MA_CROSS-207,BUY,FLAT,0.00,100000.00,1736502360000000000,2025-01-10 09:46:00+00:00,1736503320000000000,2025-01-10 10:02:00+00:00,960000000000.0,1.0304999999989999,1.0300400000010002,['4.12 USD'],-0.00045,-50.12 USD,True
BACKTESTER-001,MovingAverageCrossover-MA_CROSS,EUR/USD.IDEALPRO,IDEALPRO-001,O-20250110-103200-001-MA_CROSS-208,O-20250110-105800-001-MA_CROSS-211,BUY,FLAT,0.00,100000.00,1736505120000000000,2025-01-10 10:32:00+00:00,1736506680000000000,2025-01-10 10:58:00+00:00,1560000000000.0,1.030459999999,1.030170000001,['4.12 USD'],-0.00028,-33.12 USD,True
BACKTESTER-001,MovingAverageCrossover-MA_CROSS,EUR/USD.IDEALPRO,IDEALPRO-001,O-20250110-132200-001-MA_CROSS-212,O-20250110-132200-001-MA_CROSS-213,BUY,FLAT,0.00,100000.00,1736515320000000000,2025-01-10 13:22:00+00:00,1736515860000000000,2025-01-10 13:31:00+00:00,540000000000.0,1.0308899999990002,1.0298700000010002,['4.12 USD'],-0.00099,-106.12 USD,True
BACKTESTER-001,MovingAverageCrossover-MA_CROSS,EUR/USD.IDEALPRO,IDEALPRO-001,O-20250110-133200-001-MA_CROSS-215,O-20250110-133200-001-MA_CROSS-217,SELL,FLAT,0.00,100000.00,1736515920000000000,2025-01-10 13:32:00+00:00,1736516040000000000,2025-01-10 13:34:00+00:00,120000000000.0,1.025680000001,1.02319,['4.10 USD'],0.00243,244.90 USD,True
BACKTESTER-001,MovingAverageCrossover-MA_CROSS,EUR/USD.IDEALPRO,IDEALPRO-001,O-20250110-143000-001-MA_CROSS-218,O-20250110-143000-001-MA_CROSS-219,BUY,FLAT,0.00,100000.00,1736519400000000000,2025-01-10 14:30:00+00:00,1736519580000000000,2025-01-10 14:33:00+00:00,180000000000.0,1.026089999999,1.025070000001,['4.10 USD'],-0.00099,-106.10 USD,True
BACKTESTER-001,MovingAverageCrossover-MA_CROSS,EUR/USD.IDEALPRO,IDEALPRO-001,O-20250110-150000-001-MA_CROSS-221,O-20250110-150000-001-MA_CROSS-222,SELL,FLAT,0.00,100000.00,1736521200000000000,2025-01-10 15:00:00+00:00,1736522280000000000,2025-01-10 15:18:00+00:00,1080000000000.0,1.0252600000010001,1.0262799999990002,['4.10 USD'],-0.00099,-106.10 USD,True
BACKTESTER-001,MovingAverageCrossover-MA_CROSS,EUR/USD.IDEALPRO,IDEALPRO-001,O-20250110-152000-001-MA_CROSS-224,O-20250110-152000-001-MA_CROSS-225,BUY,FLAT,0.00,100000.00,1736522400000000000,2025-01-10 15:20:00+00:00,1736523840000000000,2025-01-10 15:44:00+00:00,1440000000000.0,1.0265599999989998,1.025540000001,['4.10 USD'],-0.00099,-106.10 USD,True
BACKTESTER-001,MovingAverageCrossover-MA_CROSS,EUR/USD.IDEALPRO,IDEALPRO-001,O-20250110-155000-001-MA_CROSS-227,O-20250110-155000-001-MA_CROSS-229,SELL,FLAT,0.00,100000.00,1736524200000000000,2025-01-10 15:50:00+00:00,1736526060000000000,2025-01-10 16:21:00+00:00,1860000000000.0,1.025490000001,1.023,['4.10 USD'],0.00243,244.90 USD,True
BACKTESTER-001,MovingAverageCrossover-MA_CROSS,EUR/USD.IDEALPRO,IDEALPRO-001,O-20250110-174600-001-MA_CROSS-230,O-20250110-174600-001-MA_CROSS-231,BUY,FLAT,0.00,100000.00,1736531160000000000,2025-01-10 17:46:00+00:00,1736533020000000000,2025-01-10 18:17:00+00:00,1860000000000.0,1.0247199999990002,1.023700000001,['4.10 USD'],-0.001,-106.10 USD,True
BACKTESTER-001,MovingAverageCrossover-MA_CROSS,EUR/USD.IDEALPRO,IDEALPRO-001,O-20250110-201400-001-MA_CROSS-233,O-20250110-205200-001-MA_CROSS-236,SELL,FLAT,0.00,100000.00,1736540040000000000,2025-01-10 20:14:00+00:00,1736542320000000000,2025-01-10 20:52:00+00:00,2280000000000.0,1.024100000001,1.024229999999,['4.10 USD'],-0.00013,-17.10 USD,True
BACKTESTER-001,MovingAverageCrossover-MA_CROSS,EUR/USD.IDEALPRO,IDEALPRO-001,O-20250112-221700-001-MA_CROSS-237,O-20250112-230000-001-MA_CROSS-240,SELL,FLAT,0.00,100000.00,1736720220000000000,2025-01-12 22:17:00+00:00,1736722800000000000,2025-01-12 23:00:00+00:00,2580000000000.0,1.024300000001,1.024669999999,['4.10 USD'],-0.00036,-41.10 USD,True
BACKTESTER-001,MovingAverageCrossover-MA_CROSS,EUR/USD.IDEALPRO,IDEALPRO-001,O-20250113-000600-001-MA_CROSS-241,O-20250113-000600-001-MA_CROSS-243,SELL,FLAT,0.00,100000.00,1736726760000000000,2025-01-13 00:06:00+00:00,1736739960000000000,2025-01-13 03:46:00+00:00,13200000000000.0,1.0241700000010001,1.02168,['4.09 USD'],0.00243,244.91 USD,True
BACKTESTER-001,MovingAverageCrossover-MA_CROSS,EUR/USD.IDEALPRO,IDEALPRO-001,O-20250113-060000-001-MA_CROSS-244,O-20250113-063000-001-MA_CROSS-247,BUY,FLAT,0.00,100000.00,1736748000000000000,2025-01-13 06:00:00+00:00,1736749800000000000,2025-01-13 06:30:00+00:00,1800000000000.0,1.0219599999990001,1.0217300000010001,['4.08 USD'],-0.00023,-27.08 USD,True
BACKTESTER-001,MovingAverageCrossover-MA_CROSS,EUR/USD.IDEALPRO,IDEALPRO-001,O-20250113-071600-001-MA_CROSS-248,O-20250113-071600-001-MA_CROSS-249,BUY,FLAT,0.00,100000.00,1736752560000000000,2025-01-13 07:16:00+00:00,1736753280000000000,2025-01-13 07:28:00+00:00,720000000000.0,1.0219099999990002,1.0208900000010002,['4.08 USD'],-0.001,-106.08 USD,True
BACKTESTER-001,MovingAverageCrossover-MA_CROSS,EUR/USD.IDEALPRO,IDEALPRO-001,O-20250113-073000-001-MA_CROSS-251,O-20250113-073000-001-MA_CROSS-252,SELL,FLAT,0.00,100000.00,1736753400000000000,2025-01-13 07:30:00+00:00,1736754540000000000,2025-01-13 07:49:00+00:00,1140000000000.0,1.0207900000010002,1.0218099999990002,['4.08 USD'],-0.001,-106.08 USD,True
BACKTESTER-001,MovingAverageCrossover-MA_CROSS,EUR/USD.IDEALPRO,IDEALPRO-001,O-20250113-080400-001-MA_CROSS-254,O-20250113-084600-001-MA_CROSS-257,BUY,FLAT,0.00,100000.00,1736755440000000000,2025-01-13 08:04:00+00:00,1736757960000000000,2025-01-13 08:46:00+00:00,2520000000000.0,1.022169999999,1.0219400000010002,['4.08 USD'],-0.00023,-27.08 USD,True
BACKTESTER-001,MovingAverageCrossover-MA_CROSS,EUR/USD.IDEALPRO,IDEALPRO-001,O-20250113-101600-001-MA_CROSS-258,O-20250113-104400-001-MA_CROSS-261,BUY,FLAT,0.00,100000.00,1736763360000000000,2025-01-13 10:16:00+00:00,1736765040000000000,2025-01-13 10:44:00+00:00,1680000000000.0,1.0204799999990002,1.0198800000009998,['4.08 USD'],-0.00059,-64.08 USD,True
BACKTESTER-001,MovingAverageCrossover-MA_CROSS,EUR/USD.IDEALPRO,IDEALPRO-001,O-20250113-114600-001-MA_CROSS-262,O-20250113-114600-001-MA_CROSS-263,BUY,FLAT,0.00,100000.00,1736768760000000000,2025-01-13 11:46:00+00:00,1736771400000000000,2025-01-13 12:30:00+00:00,2640000000000.0,1.019949999999,1.0189300000009998,['4.08 USD'],-0.001,-106.08 USD,True
BACKTESTER-001,MovingAverageCrossover-MA_CROSS,EUR/USD.IDEALPRO,IDEALPRO-001,O-20250113-140200-001-MA_CROSS-265,O-20250113-143000-001-MA_CROSS-268,SELL,FLAT,0.00,100000.00,1736776920000000000,2025-01-13 14:02:00+00:00,1736778600000000000,2025-01-13 14:30:00+00:00,1680000000000.0,1.020540000001,1.0210899999990002,['4.08 USD'],-0.00054,-59.08 USD,True
BACKTESTER-001,MovingAverageCrossover-MA_CROSS,EUR/USD.IDEALPRO,IDEALPRO-001,O-20250113-144600-001-MA_CROSS-269,O-20250113-163000-001-MA_CROSS-272,SELL,FLAT,0.00,100000.00,1736779560000000000,2025-01-13 14:46:00+00:00,1736785800000000000,2025-01-13 16:30:00+00:00,6240000000000.0,1.020270000001,1.020709999999,['4.08 USD'],-0.00043,-48.08 USD,True
BACKTESTER-001,MovingAverageCrossover-MA_CROSS,EUR/USD.IDEALPRO,IDEALPRO-001,O-20250113-191600-001-MA_CROSS-273,O-20250113-210000-001-MA_CROSS-276,SELL,FLAT,0.00,100000.00,1736795760000000000,2025-01-13 19:16:00+00:00,1736802000000000000,2025-01-13 21:00:00+00:00,6240000000000.0,1.021240000001,1.021679999999,['4.08 USD'],-0.00043,-48.08 USD,True
BACKTESTER-001,MovingAverageCrossover-MA_CROSS,EUR/USD.IDEALPRO,IDEALPRO-001,O-20250114-001600-001-MA_CROSS-277,O-20250114-030200-001-MA_CROSS-280,SELL,FLAT,0.00,100000.00,1736813760000000000,2025-01-14 00:16:00+00:00,1736823720000000000,2025-01-14 03:02:00+00:00,9960000000000.0,1.0251600000010002,1.024559999999,['4.10 USD'],0.00059,55.90 USD,True
BACKTESTER-001,MovingAverageCrossover-MA_CROSS,EUR/USD.IDEALPRO,IDEALPRO-001,O-20250114-040000-001-MA_CROSS-281,O-20250114-043400-001-MA_CROSS-284,SELL,FLAT,0.00,100000.00,1736827200000000000,2025-01-14 04:00:00+00:00,1736829240000000000,2025-01-14 04:34:00+00:00,2040000000000.0,1.024850000001,1.0252999999990002,['4.10 USD'],-0.00044,-49.10 USD,True
BACKTESTER-001,MovingAverageCrossover-MA_CROSS,EUR/USD.IDEALPRO,IDEALPRO-001,O-20250114-051600-001-MA_CROSS-285,O-20250114-054600-001-MA_CROSS-288,SELL,FLAT,0.00,100000.00,1736831760000000000,2025-01-14 05:16:00+00:00,1736833560000000000,2025-01-14 05:46:00+00:00,1800000000000.0,1.024650000001,1.024969999999,['4.10 USD'],-0.00031,-36.10 USD,True
BACKTESTER-001,MovingAverageCrossover-MA_CROSS,EUR/USD.IDEALPRO,IDEALPRO-001,O-20250114-075000-001-MA_CROSS-289,O-20250114-081600-001-MA_CROSS-292,SELL,FLAT,0.00,100000.00,1736841000000000000,2025-01-14 07:50:00+00:00,1736842560000000000,2025-01-14 08:16:00+00:00,1560000000000.0,1.025620000001,1.0264799999990002,['4.10 USD'],-0.00084,-90.10 USD,True
BACKTESTER-001,MovingAverageCrossover-MA_CROSS,EUR/USD.IDEALPRO,IDEALPRO-001,O-20250114-090000-001-MA_CROSS-293,O-20250114-095000-001-MA_CROSS-296,SELL,FLAT,0.00,100000.00,1736845200000000000,2025-01-14 09:00:00+00:00,1736848200000000000,2025-01-14 09:50:00+00:00,3000000000000.0,1.0261500000009998,1.026399999999,['4.10 USD'],-0.00024,-29.10 USD,True
BACKTESTER-001,MovingAverageCrossover-MA_CROSS,EUR/USD.IDEALPRO,IDEALPRO-001,O-20250114-103400-001-MA_CROSS-297,O-20250114-111200-001-MA_CROSS-300,SELL,FLAT,0.00,100000.00,1736850840000000000,2025-01-14 10:34:00+00:00,1736853120000000000,2025-01-14 11:12:00+00:00,2280000000000.0,1.025800000001,1.0262099999990002,['4.10 USD'],-0.0004,-45.10 USD,True
BACKTESTER-001,MovingAverageCrossover-MA_CROSS,EUR/USD.IDEALPRO,IDEALPRO-001,O-20250114-115800-001-MA_CROSS-301,O-20250114-132000-001-MA_CROSS-304,SELL,FLAT,0.00,100000.00,1736855880000000000,2025-01-14 11:58:00+00:00,1736860800000000000,2025-01-14 13:20:00+00:00,4920000000000.0,1.025410000001,1.025339999999,['4.10 USD'],7e-05,2.90 USD,True
BACKTESTER-001,MovingAverageCrossover-MA_CROSS,EUR/USD.IDEALPRO,IDEALPRO-001,O-20250114-133000-001-MA_CROSS-305,O-20250114-133000-001-MA_CROSS-306,SELL,FLAT,0.00,100000.00,1736861400000000000,2025-01-14 13:30:00+00:00,1736861460000000000,2025-01-14 13:31:00+00:00,60000000000.0,1.024330000001,1.0253499999990001,['4.10 USD'],-0.001,-106.10 USD,True
BACKTESTER-001,MovingAverageCrossover-MA_CROSS,EUR/USD.IDEALPRO,IDEALPRO-001,O-20250114-134800-001-MA_CROSS-308,O-20250114-134800-001-MA_CROSS-309,BUY,FLAT,0.00,100000.00,1736862480000000000,2025-01-14 13:48:00+00:00,1736863140000000000,2025-01-14 13:59:00+00:00,660000000000.0,1.026119999999,1.025100000001,['4.10 USD'],-0.00099,-106.10 USD,True
BACKTESTER-001,MovingAverageCrossover-MA_CROSS,EUR/USD.IDEALPRO,IDEALPRO-001,O-20250114-140400-001-MA_CROSS-311,O-20250114-140400-001-MA_CROSS-312,SELL,FLAT,0.00,100000.00,1736863440000000000,2025-01-14 14:04:00+00:00,1736864280000000000,2025-01-14 14:18:00+00:00,840000000000.0,1.0245200000010002,1.025539999999,['4.10 USD'],-0.001,-106.10 USD,True
BACKTESTER-001,MovingAverageCrossover-MA_CROSS,EUR/USD.IDEALPRO,IDEALPRO-001,O-20250114-143000-001-MA_CROSS-314,O-20250114-143000-001-MA_CROSS-316,BUY,FLAT,0.00,100000.00,1736865000000000000,2025-01-14 14:30:00+00:00,1736869740000000000,2025-01-14 15:49:00+00:00,4740000000000.0,1.026529999999,1.02902,['4.11 USD'],0.00243,244.89 USD,True
BACKTESTER-001,MovingAverageCrossover-MA_CROSS,EUR/USD.IDEALPRO,IDEALPRO-001,O-20250114-164600-001-MA_CROSS-317,O-20250114-174600-001-MA_CROSS-320,SELL,FLAT,0.00,100000.00,1736873160000000000,2025-01-14 16:46:00+00:00,1736876760000000000,2025-01-14 17:46:00+00:00,3600000000000.0,1.028640000001,1.028709999999,['4.12 USD'],-7e-05,-11.12 USD,True
BACKTESTER-001,MovingAverageCrossover-MA_CROSS,EUR/USD.IDEALPRO,IDEALPRO-001,O-20250115-003000-001-MA_CROSS-321,O-20250115-031600-001-MA_CROSS-324,SELL,FLAT,0.00,100000.00,1736901000000000000,2025-01-15 00:30:00+00:00,1736910960000000000,2025-01-15 03:16:00+00:00,9960000000000.0,1.0300800000010002,1.0300599999989999,['4.12 USD'],2e-05,-2.12 USD,True
BACKTESTER-001,MovingAverageCrossover-MA_CROSS,EUR/USD.IDEALPRO,IDEALPRO-001,O-20250115-041600-001-MA_CROSS-325,O-20250115-045000-001-MA_CROSS-328,SELL,FLAT,0.00,100000.00,1736914560000000000,2025-01-15 04:16:00+00:00,1736916600000000000,2025-01-15 04:50:00+00:00,2040000000000.0,1.0298100000009998,1.0301699999990002,['4.12 USD'],-0.00035,-40.12 USD,True
BACKTESTER-001,MovingAverageCrossover-MA_CROSS,EUR/USD.IDEALPRO,IDEALPRO-001,O-20250115-054200-001-MA_CROSS-329,O-20250115-064000-001-MA_CROSS-332,SELL,FLAT,0.00,100000.00,1736919720000000000,2025-01-15 05:42:00+00:00,1736923200000000000,2025-01-15 06:40:00+00:00,3480000000000.0,1.029970000001,1.029849999999,['4.12 USD'],0.00012,7.88 USD,True
BACKTESTER-001,MovingAverageCrossover-MA_CROSS,EUR/USD.IDEALPRO,IDEALPRO-001,O-20250115-070200-001-MA_CROSS-333,O-20250115-073600-001-MA_CROSS-336,SELL,FLAT,0.00,100000.00,1736924520000000000,2025-01-15 07:02:00+00:00,1736926560000000000,2025-01-15 07:36:00+00:00,2040000000000.0,1.0291900000010001,1.0295899999990001,['4.12 USD'],-0.00039,-44.12 USD,True
BACKTESTER-001,MovingAverageCrossover-MA_CROSS,EUR/USD.IDEALPRO,IDEALPRO-001,O-20250115-083000-001-MA_CROSS-337,O-20250115-092000-001-MA_CROSS-340,SELL,FLAT,0.00,100000.00,1736929800000000000,2025-01-15 08:30:00+00:00,1736932800000000000,2025-01-15 09:20:00+00:00,3000000000000.0,1.030170000001,1.0305899999989998,['4.12 USD'],-0.00041,-46.12 USD,True
BACKTESTER-001,MovingAverageCrossover-MA_CROSS,EUR/USD.IDEALPRO,IDEALPRO-001,O-20250115-102800-001-MA_CROSS-341,O-20250115-110600-001-MA_CROSS-344,SELL,FLAT,0.00,100000.00,1736936880000000000,2025-01-15 10:28:00+00:00,1736939160000000000,2025-01-15 11:06:00+00:00,2280000000000.0,1.0308200000010002,1.0311899999990002,['4.12 USD'],-0.00036,-41.12 USD,True
BACKTESTER-001,MovingAverageCrossover-MA_CROSS,EUR/USD.IDEALPRO,IDEALPRO-001,O-20250115-114600-001-MA_CROSS-345,O-20250115-114600-001-MA_CROSS-346,SELL,FLAT,0.00,100000.00,1736941560000000000,2025-01-15 11:46:00+00:00,1736947860000000000,2025-01-15 13:31:00+00:00,6300000000000.0,1.0302100000010002,1.0312299999990002,['4.12 USD'],-0.00099,-106.12 USD,True
BACKTESTER-001,MovingAverageCrossover-MA_CROSS,EUR/USD.IDEALPRO,IDEALPRO-001,O-20250115-133200-001-MA_CROSS-348,O-20250115-133200-001-MA_CROSS-349,BUY,FLAT,0.00,100000.00,1736947920000000000,2025-01-15 13:32:00+00:00,1736948160000000000,2025-01-15 13:36:00+00:00,240000000000.0,1.034489999999,1.0334700000010002,['4.14 USD'],-0.00099,-106.14 USD,True
BACKTESTER-001,MovingAverageCrossover-MA_CROSS,EUR/USD.IDEALPRO,IDEALPRO-001,O-20250115-144600-001-MA_CROSS-351,O-20250115-153600-001-MA_CROSS-354,SELL,FLAT,0.00,100000.00,1736952360000000000,2025-01-15 14:46:00+00:00,1736955360000000000,2025-01-15 15:36:00+00:00,3000000000000.0,1.0331200000010001,1.032559999999,['4.14 USD'],0.00054,51.86 USD,True
BACKTESTER-001,MovingAverageCrossover-MA_CROSS,EUR/USD.IDEALPRO,IDEALPRO-001,O-20250115-154600-001-MA_CROSS-355,O-20250115-154600-001-MA_CROSS-357,SELL,FLAT,0.00,100000.00,1736955960000000000,2025-01-15 15:46:00+00:00,1736957520000000000,2025-01-15 16:12:00+00:00,1560000000000.0,1.0314700000010002,1.0289800000000002,['4.12 USD'],0.00241,244.88 USD,True
BACKTESTER-001,MovingAverageCrossover-MA_CROSS,EUR/USD.IDEALPRO,IDEALPRO-001,O-20250115-171600-001-MA_CROSS-358,O-20250115-180000-001-MA_CROSS-361,BUY,FLAT,0.00,100000.00,1736961360000000000,2025-01-15 17:16:00+00:00,1736964000000000000,2025-01-15 18:00:00+00:00,2640000000000.0,1.0285499999990002,1.0285500000010002,['4.12 USD'],0.0,-4.12 USD,True
BACKTESTER-001,MovingAverageCrossover-MA_CROSS,EUR/USD.IDEALPRO,IDEALPRO-001,O-20250115-203000-001-MA_CROSS-362,O-20250116-002000-001-MA_CROSS-365,BUY,FLAT,0.00,100000.00,1736973000000000000,2025-01-15 20:30:00+00:00,1736986800000000000,2025-01-16 00:20:00+00:00,13800000000000.0,1.0297399999990002,1.0291600000010002,['4.12 USD'],-0.00056,-62.12 USD,True
BACKTESTER-001,MovingAverageCrossover-MA_CROSS,EUR/USD.IDEALPRO,IDEALPRO-001,O-20250116-003600-001-MA_CROSS-366,O-20250116-003600-001-MA_CROSS-367,BUY,FLAT,0.00,100000.00,1736987760000000000,2025-01-16 00:36:00+00:00,1736988600000000000,2025-01-16 00:50:00+00:00,840000000000.0,1.0299599999990001,1.028940000001,['4.12 USD'],-0.00099,-106.12 USD,True
BACKTESTER-001,MovingAverageCrossover-MA_CROSS,EUR/USD.IDEALPRO,IDEALPRO-001,O-20250116-030200-001-MA_CROSS-369,O-20250116-041600-001-MA_CROSS-372,SELL,FLAT,0.00,100000.00,1736996520000000000,2025-01-16 03:02:00+00:00,1737000960000000000,2025-01-16 04:16:00+00:00,4440000000000.0,1.028590000001,1.029309999999,['4.12 USD'],-0.0007,-76.12 USD,True
BACKTESTER-001,MovingAverageCrossover-MA_CROSS,EUR/USD.IDEALPRO,IDEALPRO-001,O-20250116-044200-001-MA_CROSS-373,O-20250116-063000-001-MA_CROSS-376,SELL,FLAT,0.00,100000.00,1737002520000000000,2025-01-16 04:42:00+00:00,1737009000000000000,2025-01-16 06:30:00+00:00,6480000000000.0,1.0285800000010001,1.0288599999990002,['4.12 USD'],-0.00027,-32.12 USD,True
BACKTESTER-001,MovingAverageCrossover-MA_CROSS,EUR/USD.IDEALPRO,IDEALPRO-001,O-20250116-081600-001-MA_CROSS-377,O-20250116-101800-001-MA_CROSS-380,SELL,FLAT,0.00,100000.00,1737015360000000000,2025-01-16 08:16:00+00:00,1737022680000000000,2025-01-16 10:18:00+00:00,7320000000000.0,1.029370000001,1.028909999999,['4.12 USD'],0.00045,41.88 USD,True
BACKTESTER-001,MovingAverageCrossover-MA_CROSS,EUR/USD.IDEALPRO,IDEALPRO-001,O-20250116-105200-001-MA_CROSS-381,O-20250116-115000-001-MA_CROSS-384,SELL,FLAT,0.00,100000.00,1737024720000000000,2025-01-16 10:52:00+00:00,1737028200000000000,2025-01-16 11:50:00+00:00,3480000000000.0,1.0286600000009998,1.028969999999,['4.12 USD'],-0.0003,-35.12 USD,True
BACKTESTER-001,MovingAverageCrossover-MA_CROSS,EUR/USD.IDEALPRO,IDEALPRO-001,O-20250116-133000-001-MA_CROSS-385,O-20250116-133000-001-MA_CROSS-386,SELL,FLAT,0.00,100000.00,1737034200000000000,2025-01-16 13:30:00+00:00,1737034260000000000,2025-01-16 13:31:00+00:00,60000000000.0,1.0266900000010002,1.0277099999989998,['4.11 USD'],-0.00099,-106.11 USD,True
BACKTESTER-001,MovingAverageCrossover-MA_CROSS,EUR/USD.IDEALPRO,IDEALPRO-001,O-20250116-134600-001-MA_CROSS-388,O-20250116-141600-001-MA_CROSS-391,BUY,FLAT,0.00,100000.00,1737035160000000000,2025-01-16 13:46:00+00:00,1737036960000000000,2025-01-16 14:16:00+00:00,1800000000000.0,1.027679999999,1.0271900000010001,['4.11 USD'],-0.00048,-53.11 USD,True
BACKTESTER-001,MovingAverageCrossover-MA_CROSS,EUR/USD.IDEALPRO,IDEALPRO-001,O-20250116-144800-001-MA_CROSS-392,O-20250116-144800-001-MA_CROSS-394,BUY,FLAT,0.00,100000.00,1737038880000000000,2025-01-16 14:48:00+00:00,1737043440000000000,2025-01-16 16:04:00+00:00,4560000000000.0,1.028089999999,1.03058,['4.12 USD'],0.00242,244.88 USD,True
BACKTESTER-001,MovingAverageCrossover-MA_CROSS,EUR/USD.IDEALPRO,IDEALPRO-001,O-20250116-161800-001-MA_CROSS-395,O-20250116-161800-001-MA_CROSS-396,SELL,FLAT,0.00,100000.00,1737044280000000000,2025-01-16 16:18:00+00:00,1737044760000000000,2025-01-16 16:26:00+00:00,480000000000.0,1.028760000001,1.029779999999,['4.12 USD'],-0.00099,-106.12 USD,True
BACKTESTER-001,MovingAverageCrossover-MA_CROSS,EUR/USD.IDEALPRO,IDEALPRO-001,O-20250116-163400-001-MA_CROSS-398,O-20250116-163400-001-MA_CROSS-399,BUY,FLAT,0.00,100000.00,1737045240000000000,2025-01-16 16:34:00+00:00,1737046860000000000,2025-01-16 17:01:00+00:00,1620000000000.0,1.030829999999,1.0298100000009998,['4.12 USD'],-0.00099,-106.12 USD,True
BACKTESTER-001,MovingAverageCrossover-MA_CROSS,EUR/USD.IDEALPRO,IDEALPRO-001,O-20250116-180000-001-MA_CROSS-401,O-20250116-180000-001-MA_CROSS-402,SELL,FLAT,0.00,100000.00,1737050400000000000,2025-01-16 18:00:00+00:00,1737054960000000000,2025-01-16 19:16:00+00:00,4560000000000.0,1.029650000001,1.0306699999989999,['4.12 USD'],-0.00099,-106.12 USD,True
BACKTESTER-001,MovingAverageCrossover-MA_CROSS,EUR/USD.IDEALPRO,IDEALPRO-001,O-20250116-191600-001-MA_CROSS-404,O-20250116-200400-001-MA_CROSS-407,BUY,FLAT,0.00,100000.00,1737054960000000000,2025-01-16 19:16:00+00:00,1737057840000000000,2025-01-16 20:04:00+00:00,2880000000000.0,1.0306199999990002,1.029800000001,['4.12 USD'],-0.0008,-86.12 USD,True
BACKTESTER-001,MovingAverageCrossover-MA_CROSS,EUR/USD.IDEALPRO,IDEALPRO-001,O-20250116-203600-001-MA_CROSS-408,O-20250117-001400-001-MA_CROSS-411,BUY,FLAT,0.00,100000.00,1737059760000000000,2025-01-16 20:36:00+00:00,1737072840000000000,2025-01-17 00:14:00+00:00,13080000000000.0,1.0303899999989998,1.029930000001,['4.12 USD'],-0.00045,-50.12 USD,True
BACKTESTER-001,MovingAverageCrossover-MA_CROSS,EUR/USD.IDEALPRO,IDEALPRO-001,O-20250117-003400-001-MA_CROSS-412,O-20250117-030200-001-MA_CROSS-415,BUY,FLAT,0.00,100000.00,1737074040000000000,2025-01-17 00:34:00+00:00,1737082920000000000,2025-01-17 03:02:00+00:00,8880000000000.0,1.030399999999,1.0303600000009998,['4.12 USD'],-4e-05,-8.12 USD,True
BACKTESTER-001,MovingAverageCrossover-MA_CROSS,EUR/USD.IDEALPRO,IDEALPRO-001,O-20250117-070000-001-MA_CROSS-416,O-20250117-071600-001-MA_CROSS-419,BUY,FLAT,0.00,100000.00,1737097200000000000,2025-01-17 07:00:00+00:00,1737098160000000000,2025-01-17 07:16:00+00:00,960000000000.0,1.0290599999990002,1.0281800000010002,['4.12 USD'],-0.00086,-92.12 USD,True
BACKTESTER-001,MovingAverageCrossover-MA_CROSS,EUR/USD.IDEALPRO,IDEALPRO-001,O-20250117-080000-001-MA_CROSS-420,O-20250117-094600-001-MA_CROSS-423,BUY,FLAT,0.00,100000.00,1737100800000000000,2025-01-17 08:00:00+00:00,1737107160000000000,2025-01-17 09:46:00+00:00,6360000000000.0,1.0284599999989998,1.0291300000010002,['4.12 USD'],0.00065,62.88 USD,True
BACKTESTER-001,MovingAverageCrossover-MA_CROSS,EUR/USD.IDEALPRO,IDEALPRO-001,O-20250117-100600-001-MA_CROSS-424,O-20250117-114600-001-MA_CROSS-427,BUY,FLAT,0.00,100000.00,1737108360000000000,2025-01-17 10:06:00+00:00,1737114360000000000,2025-01-17 11:46:00+00:00,6000000000000.0,1.029979999999,1.0300800000010002,['4.12 USD'],0.0001,5.88 USD,True
BACKTESTER-001,MovingAverageCrossover-MA_CROSS,EUR/USD.IDEALPRO,IDEALPRO-001,O-20250117-144600-001-MA_CROSS-428,O-20250117-144600-001-MA_CROSS-430,BUY,FLAT,0.00,100000.00,1737125160000000000,2025-01-17 14:46:00+00:00,1737126180000000000,2025-01-17 15:03:00+00:00,1020000000000.0,1.028229999999,1.03072,['4.12 USD'],0.00242,244.88 USD,True
BACKTESTER-001,MovingAverageCrossover-MA_CROSS,EUR/USD.IDEALPRO,IDEALPRO-001,O-20250117-154600-001-MA_CROSS-431,O-20250117-163600-001-MA_CROSS-434,SELL,FLAT,0.00,100000.00,1737128760000000000,2025-01-17 15:46:00+00:00,1737131760000000000,2025-01-17 16:36:00+00:00,3000000000000.0,1.030530000001,1.029979999999,['4.12 USD'],0.00053,50.88 USD,True
BACKTESTER-001,MovingAverageCrossover-MA_CROSS,EUR/USD.IDEALPRO,IDEALPRO-001,O-20250117-170000-001-MA_CROSS-435,O-20250120-000200-001-MA_CROSS-438,SELL,FLAT,0.00,100000.00,1737133200000000000,2025-01-17 17:00:00+00:00,1737331320000000000,2025-01-20 00:02:00+00:00,198120000000000.0,1.0286200000010002,1.028229999999,['4.12 USD'],0.00038,34.88 USD,True
BACKTESTER-001,MovingAverageCrossover-MA_CROSS,EUR/USD.IDEALPRO,IDEALPRO-001,O-20250120-061600-001-MA_CROSS-439,O-20250120-063200-001-MA_CROSS-442,SELL,FLAT,0.00,100000.00,1737353760000000000,2025-01-20 06:16:00+00:00,1737354720000000000,2025-01-20 06:32:00+00:00,960000000000.0,1.030060000001,1.0306899999990002,['4.12 USD'],-0.00061,-67.12 USD,True
BACKTESTER-001,MovingAverageCrossover-MA_CROSS,EUR/USD.IDEALPRO,IDEALPRO-001,O-20250120-083000-001-MA_CROSS-443,O-20250120-091600-001-MA_CROSS-446,SELL,FLAT,0.00,100000.00,1737361800000000000,2025-01-20 08:30:00+00:00,1737364560000000000,2025-01-20 09:16:00+00:00,2760000000000.0,1.0309300000009998,1.031209999999,['4.12 USD'],-0.00027,-32.12 USD,True
BACKTESTER-001,MovingAverageCrossover-MA_CROSS,EUR/USD.IDEALPRO,IDEALPRO-001,O-20250120-100000-001-MA_CROSS-447,O-20250120-101600-001-MA_CROSS-450,SELL,FLAT,0.00,100000.00,1737367200000000000,2025-01-20 10:00:00+00:00,1737368160000000000,2025-01-20 10:16:00+00:00,960000000000.0,1.0306100000010001,1.0315999999990002,['4.12 USD'],-0.00096,-103.12 USD,True
BACKTESTER-001,MovingAverageCrossover-MA_CROSS,EUR/USD.IDEALPRO,IDEALPRO-001,O-20250120-110000-001-MA_CROSS-451,O-20250120-111600-001-MA_CROSS-454,SELL,FLAT,0.00,100000.00,1737370800000000000,2025-01-20 11:00:00+00:00,1737371760000000000,2025-01-20 11:16:00+00:00,960000000000.0,1.031500000001,1.032249999999,['4.12 USD'],-0.00073,-79.12 USD,True
BACKTESTER-001,MovingAverageCrossover-MA_CROSS,EUR/USD.IDEALPRO,IDEALPRO-001,O-20250120-130200-001-MA_CROSS-455,O-20250120-130200-001-MA_CROSS-456,SELL,FLAT,0.00,100000.00,1737378120000000000,2025-01-20 13:02:00+00:00,1737379860000000000,2025-01-20 13:31:00+00:00,1740000000000.0,1.031750000001,1.032769999999,['4.13 USD'],-0.00099,-106.13 USD,True
BACKTESTER-001,MovingAverageCrossover-MA_CROSS,EUR/USD.IDEALPRO,IDEALPRO-001,O-20250120-134600-001-MA_CROSS-458,O-20250120-134600-001-MA_CROSS-460,BUY,FLAT,0.00,100000.00,1737380760000000000,2025-01-20 13:46:00+00:00,1737384120000000000,2025-01-20 14:42:00+00:00,3360000000000.0,1.038209999999,1.0407,['4.16 USD'],0.0024,244.84 USD,True
BACKTESTER-001,MovingAverageCrossover-MA_CROSS,EUR/USD.IDEALPRO,IDEALPRO-001,O-20250120-154600-001-MA_CROSS-461,O-20250120-154600-001-MA_CROSS-462,SELL,FLAT,0.00,100000.00,1737387960000000000,2025-01-20 15:46:00+00:00,1737388380000000000,2025-01-20 15:53:00+00:00,420000000000.0,1.0385200000010002,1.039539999999,['4.16 USD'],-0.00098,-106.16 USD,True
BACKTESTER-001,MovingAverageCrossover-MA_CROSS,EUR/USD.IDEALPRO,IDEALPRO-001,O-20250120-163000-001-MA_CROSS-464,O-20250120-163000-001-MA_CROSS-465,BUY,FLAT,0.00,100000.00,1737390600000000000,2025-01-20 16:30:00+00:00,1737392640000000000,2025-01-20 17:04:00+00:00,2040000000000.0,1.0402699999990002,1.039250000001,['4.16 USD'],-0.00098,-106.16 USD,True
BACKTESTER-001,MovingAverageCrossover-MA_CROSS,EUR/USD.IDEALPRO,IDEALPRO-001,O-20250120-170400-001-MA_CROSS-467,O-20250120-170400-001-MA_CROSS-469,SELL,FLAT,0.00,100000.00,1737392640000000000,2025-01-20 17:04:00+00:00,1737393960000000000,2025-01-20 17:26:00+00:00,1320000000000.0,1.039270000001,1.03678,['4.15 USD'],0.0024,244.85 USD,True
BACKTESTER-001,MovingAverageCrossover-MA_CROSS,EUR/USD.IDEALPRO,IDEALPRO-001,O-20250120-174600-001-MA_CROSS-470,O-20250120-174600-001-MA_CROSS-472,BUY,FLAT,0.00,100000.00,1737395160000000000,2025-01-20 17:46:00+00:00,1737402600000000000,2025-01-20 19:50:00+00:00,7440000000000.0,1.038899999999,1.04139,['4.16 USD'],0.0024,244.84 USD,True
BACKTESTER-001,MovingAverageCrossover-MA_CROSS,EUR/USD.IDEALPRO,IDEALPRO-001,O-20250121-000200-001-MA_CROSS-473,O-20250121-004600-001-MA_CROSS-476,BUY,FLAT,0.00,100000.00,1737417720000000000,2025-01-21 00:02:00+00:00,1737420360000000000,2025-01-21 00:46:00+00:00,2640000000000.0,1.042149999999,1.042200000001,['4.16 USD'],5e-05,0.84 USD,True
BACKTESTER-001,MovingAverageCrossover-MA_CROSS,EUR/USD.IDEALPRO,IDEALPRO-001,O-20250121-030200-001-MA_CROSS-477,O-20250121-040000-001-MA_CROSS-480,BUY,FLAT,0.00,100000.00,1737428520000000000,2025-01-21 03:02:00+00:00,1737432000000000000,2025-01-21 04:00:00+00:00,3480000000000.0,1.038999999999,1.0387500000010002,['4.16 USD'],-0.00024,-29.16 USD,True
BACKTESTER-001,MovingAverageCrossover-MA_CROSS,EUR/USD.IDEALPRO,IDEALPRO-001,O-20250121-042200-001-MA_CROSS-481,O-20250121-051200-001-MA_CROSS-484,BUY,FLAT,0.00,100000.00,1737433320000000000,2025-01-21 04:22:00+00:00,1737436320000000000,2025-01-21 05:12:00+00:00,3000000000000.0,1.0395299999990002,1.038840000001,['4.16 USD'],-0.00066,-73.16 USD,True
BACKTESTER-001,MovingAverageCrossover-MA_CROSS,EUR/USD.IDEALPRO,IDEALPRO-001,O-20250121-073000-001-MA_CROSS-485,O-20250121-080000-001-MA_CROSS-488,BUY,FLAT,0.00,100000.00,1737444600000000000,2025-01-21 07:30:00+00:00,1737446400000000000,2025-01-21 08:00:00+00:00,1800000000000.0,1.0377199999989999,1.037350000001,['4.15 USD'],-0.00036,-41.15 USD,True
BACKTESTER-001,MovingAverageCrossover-MA_CROSS,EUR/USD.IDEALPRO,IDEALPRO-001,O-20250121-120000-001-MA_CROSS-489,O-20250121-120000-001-MA_CROSS-491,BUY,FLAT,0.00,100000.00,1737460800000000000,2025-01-21 12:00:00+00:00,1737468060000000000,2025-01-21 14:01:00+00:00,7260000000000.0,1.0353399999989998,1.03783,['4.15 USD'],0.00241,244.85 USD,True
BACKTESTER-001,MovingAverageCrossover-MA_CROSS,EUR/USD.IDEALPRO,IDEALPRO-001,O-20250121-191800-001-MA_CROSS-492,O-20250121-224600-001-MA_CROSS-495,SELL,FLAT,0.00,100000.00,1737487080000000000,2025-01-21 19:18:00+00:00,1737499560000000000,2025-01-21 22:46:00+00:00,12480000000000.0,1.042640000001,1.042929999999,['4.18 USD'],-0.00028,-33.18 USD,True
BACKTESTER-001,MovingAverageCrossover-MA_CROSS,EUR/USD.IDEALPRO,IDEALPRO-001,O-20250122-040200-001-MA_CROSS-496,O-20250122-041600-001-MA_CROSS-499,SELL,FLAT,0.00,100000.00,1737518520000000000,2025-01-22 04:02:00+00:00,1737519360000000000,2025-01-22 04:16:00+00:00,840000000000.0,1.0412200000010001,1.041689999999,['4.16 USD'],-0.00045,-51.16 USD,True
BACKTESTER-001,MovingAverageCrossover-MA_CROSS,EUR/USD.IDEALPRO,IDEALPRO-001,O-20250122-050400-001-MA_CROSS-500,O-20250122-060000-001-MA_CROSS-503,SELL,FLAT,0.00,100000.00,1737522240000000000,2025-01-22 05:04:00+00:00,1737525600000000000,2025-01-22 06:00:00+00:00,3360000000000.0,1.0417000000010002,1.0415699999990002,['4.16 USD'],0.00012,8.84 USD,True
BACKTESTER-001,MovingAverageCrossover-MA_CROSS,EUR/USD.IDEALPRO,IDEALPRO-001,O-20250122-061800-001-MA_CROSS-504,O-20250122-071600-001-MA_CROSS-507,SELL,FLAT,0.00,100000.00,1737526680000000000,2025-01-22 06:18:00+00:00,1737530160000000000,2025-01-22 07:16:00+00:00,3480000000000.0,1.0407900000010002,1.041279999999,['4.16 USD'],-0.00047,-53.16 USD,True
BACKTESTER-001,MovingAverageCrossover-MA_CROSS,EUR/USD.IDEALPRO,IDEALPRO-001,O-20250122-080200-001-MA_CROSS-508,O-20250122-084600-001-MA_CROSS-511,SELL,FLAT,0.00,100000.00,1737532920000000000,2025-01-22 08:02:00+00:00,1737535560000000000,2025-01-22 08:46:00+00:00,2640000000000.0,1.041370000001,1.041989999999,['4.16 USD'],-0.0006,-66.16 USD,True
BACKTESTER-001,MovingAverageCrossover-MA_CROSS,EUR/USD.IDEALPRO,IDEALPRO-001,O-20250122-114600-001-MA_CROSS-512,O-20250122-131600-001-MA_CROSS-515,SELL,FLAT,0.00,100000.00,1737546360000000000,2025-01-22 11:46:00+00:00,1737551760000000000,2025-01-22 13:16:00+00:00,5400000000000.0,1.044490000001,1.0443799999990002,['4.18 USD'],0.00011,6.82 USD,True
BACKTESTER-001,MovingAverageCrossover-MA_CROSS,EUR/USD.IDEALPRO,IDEALPRO-001,O-20250122-133400-001-MA_CROSS-516,O-20250122-133400-001-MA_CROSS-518,SELL,FLAT,0.00,100000.00,1737552840000000000,2025-01-22 13:34:00+00:00,1737562920000000000,2025-01-22 16:22:00+00:00,10080000000000.0,1.0438000000010002,1.04131,['4.17 USD'],0.00239,244.83 USD,True
BACKTESTER-001,MovingAverageCrossover-MA_CROSS,EUR/USD.IDEALPRO,IDEALPRO-001,O-20250122-170000-001-MA_CROSS-519,O-20250122-171600-001-MA_CROSS-522,BUY,FLAT,0.00,100000.00,1737565200000000000,2025-01-22 17:00:00+00:00,1737566160000000000,2025-01-22 17:16:00+00:00,960000000000.0,1.0419599999990001,1.041460000001,['4.16 USD'],-0.00048,-54.16 USD,True
BACKTESTER-001,MovingAverageCrossover-MA_CROSS,EUR/USD.IDEALPRO,IDEALPRO-001,O-20250122-191800-001-MA_CROSS-523,O-20250122-204600-001-MA_CROSS-526,BUY,FLAT,0.00,100000.00,1737573480000000000,2025-01-22 19:18:00+00:00,1737578760000000000,2025-01-22 20:46:00+00:00,5280000000000.0,1.042119999999,1.0415600000010001,['4.16 USD'],-0.00054,-60.16 USD,True
BACKTESTER-001,MovingAverageCrossover-MA_CROSS,EUR/USD.IDEALPRO,IDEALPRO-001,O-20250123-000600-001-MA_CROSS-527,O-20250123-000600-001-MA_CROSS-528,BUY,FLAT,0.00,100000.00,1737590760000000000,2025-01-23 00:06:00+00:00,1737597960000000000,2025-01-23 02:06:00+00:00,7200000000000.0,1.040899999999,1.039950000001,['4.16 USD'],-0.00091,-99.16 USD,True
BACKTESTER-001,MovingAverageCrossover-MA_CROSS,EUR/USD.IDEALPRO,IDEALPRO-001,O-20250123-053000-001-MA_CROSS-530,O-20250123-061600-001-MA_CROSS-533,SELL,FLAT,0.00,100000.00,1737610200000000000,2025-01-23 05:30:00+00:00,1737612960000000000,2025-01-23 06:16:00+00:00,2760000000000.0,1.040700000001,1.040869999999,['4.16 USD'],-0.00016,-21.16 USD,True
BACKTESTER-001,MovingAverageCrossover-MA_CROSS,EUR/USD.IDEALPRO,IDEALPRO-001,O-20250123-064600-001-MA_CROSS-534,O-20250123-080000-001-MA_CROSS-537,SELL,FLAT,0.00,100000.00,1737614760000000000,2025-01-23 06:46:00+00:00,1737619200000000000,2025-01-23 08:00:00+00:00,4440000000000.0,1.0405200000009998,1.0400299999990001,['4.16 USD'],0.00047,44.84 USD,True
BACKTESTER-001,MovingAverageCrossover-MA_CROSS,EUR/USD.IDEALPRO,IDEALPRO-001,O-20250123-083400-001-MA_CROSS-538,O-20250123-083400-001-MA_CROSS-539,SELL,FLAT,0.00,100000.00,1737621240000000000,2025-01-23 08:34:00+00:00,1737623640000000000,2025-01-23 09:14:00+00:00,2400000000000.0,1.0394300000010002,1.0404499999990002,['4.16 USD'],-0.00098,-106.16 USD,True
BACKTESTER-001,MovingAverageCrossover-MA_CROSS,EUR/USD.IDEALPRO,IDEALPRO-001,O-20250123-091600-001-MA_CROSS-541,O-20250123-112200-001-MA_CROSS-544,BUY,FLAT,0.00,100000.00,1737623760000000000,2025-01-23 09:16:00+00:00,1737631320000000000,2025-01-23 11:22:00+00:00,7560000000000.0,1.040459999999,1.0409500000010001,['4.16 USD'],0.00047,44.84 USD,True
BACKTESTER-001,MovingAverageCrossover-MA_CROSS,EUR/USD.IDEALPRO,IDEALPRO-001,O-20250123-130200-001-MA_CROSS-545,O-20250123-131800-001-MA_CROSS-548,BUY,FLAT,0.00,100000.00,1737637320000000000,2025-01-23 13:02:00+00:00,1737638280000000000,2025-01-23 13:18:00+00:00,960000000000.0,1.040739999999,1.0399700000010001,['4.16 USD'],-0.00074,-81.16 USD,True
BACKTESTER-001,MovingAverageCrossover-MA_CROSS,EUR/USD.IDEALPRO,IDEALPRO-001,O-20250123-133200-001-MA_CROSS-549,O-20250123-151600-001-MA_CROSS-552,BUY,FLAT,0.00,100000.00,1737639120000000000,2025-01-23 13:32:00+00:00,1737645360000000000,2025-01-23 15:16:00+00:00,6240000000000.0,1.0406499999990002,1.040030000001,['4.16 USD'],-0.0006,-66.16 USD,True
BACKTESTER-001,MovingAverageCrossover-MA_CROSS,EUR/USD.IDEALPRO,IDEALPRO-001,O-20250123-160400-001-MA_CROSS-553,O-20250123-160400-001-MA_CROSS-554,BUY,FLAT,0.00,100000.00,1737648240000000000,2025-01-23 16:04:00+00:00,1737648720000000000,2025-01-23 16:12:00+00:00,480000000000.0,1.039959999999,1.038940000001,['4.16 USD'],-0.00098,-106.16 USD,True
BACKTESTER-001,MovingAverageCrossover-MA_CROSS,EUR/USD.IDEALPRO,IDEALPRO-001,O-20250123-190200-001-MA_CROSS-556,O-20250123-201600-001-MA_CROSS-559,SELL,FLAT,0.00,100000.00,1737658920000000000,2025-01-23 19:02:00+00:00,1737663360000000000,2025-01-23 20:16:00+00:00,4440000000000.0,1.0422800000010002,1.042699999999,['4.17 USD'],-0.0004,-46.17 USD,True
BACKTESTER-001,MovingAverageCrossover-MA_CROSS,EUR/USD.IDEALPRO,IDEALPRO-001,O-20250123-204600-001-MA_CROSS-560,O-20250124-001200-001-MA_CROSS-563,SELL,FLAT,0.00,100000.00,1737665160000000000,2025-01-23 20:46:00+00:00,1737677520000000000,2025-01-24 00:12:00+00:00,12360000000000.0,1.041990000001,1.041889999999,['4.16 USD'],0.0001,5.84 USD,True
BACKTESTER-001,MovingAverageCrossover-MA_CROSS,EUR/USD.IDEALPRO,IDEALPRO-001,O-20250124-053200-001-MA_CROSS-564,O-20250124-060000-001-MA_CROSS-567,SELL,FLAT,0.00,100000.00,1737696720000000000,2025-01-24 05:32:00+00:00,1737698400000000000,2025-01-24 06:00:00+00:00,1680000000000.0,1.044530000001,1.0451599999990002,['4.18 USD'],-0.0006,-67.18 USD,True
BACKTESTER-001,MovingAverageCrossover-MA_CROSS,EUR/USD.IDEALPRO,IDEALPRO-001,O-20250124-070200-001-MA_CROSS-568,O-20250124-080000-001-MA_CROSS-571,SELL,FLAT,0.00,100000.00,1737702120000000000,2025-01-24 07:02:00+00:00,1737705600000000000,2025-01-24 08:00:00+00:00,3480000000000.0,1.0456000000010002,1.046119999999,['4.18 USD'],-0.0005,-56.18 USD,True
BACKTESTER-001,MovingAverageCrossover-MA_CROSS,EUR/USD.IDEALPRO,IDEALPRO-001,O-20250124-102000-001-MA_CROSS-572,O-20250124-102000-001-MA_CROSS-574,SELL,FLAT,0.00,100000.00,1737714000000000000,2025-01-24 10:20:00+00:00,1737724800000000000,2025-01-24 13:20:00+00:00,10800000000000.0,1.0491600000010002,1.04667,['4.19 USD'],0.00237,244.81 USD,True
BACKTESTER-001,MovingAverageCrossover-MA_CROSS,EUR/USD.IDEALPRO,IDEALPRO-001,O-20250124-141600-001-MA_CROSS-575,O-20250124-141600-001-MA_CROSS-577,BUY,FLAT,0.00,100000.00,1737728160000000000,2025-01-24 14:16:00+00:00,1737731040000000000,2025-01-24 15:04:00+00:00,2880000000000.0,1.0473499999990001,1.0498400000000003,['4.19 USD'],0.00238,244.81 USD,True
BACKTESTER-001,MovingAverageCrossover-MA_CROSS,EUR/USD.IDEALPRO,IDEALPRO-001,O-20250124-170800-001-MA_CROSS-578,O-20250124-180000-001-MA_CROSS-581,BUY,FLAT,0.00,100000.00,1737738480000000000,2025-01-24 17:08:00+00:00,1737741600000000000,2025-01-24 18:00:00+00:00,3120000000000.0,1.051739999999,1.0511200000010001,['4.20 USD'],-0.00059,-66.20 USD,True
BACKTESTER-001,MovingAverageCrossover-MA_CROSS,EUR/USD.IDEALPRO,IDEALPRO-001,O-20250127-004800-001-MA_CROSS-582,O-20250127-004800-001-MA_CROSS-583,BUY,FLAT,0.00,100000.00,1737938880000000000,2025-01-27 00:48:00+00:00,1737942000000000000,2025-01-27 01:40:00+00:00,3120000000000.0,1.047439999999,1.0464200000009998,['4.18 USD'],-0.00097,-106.18 USD,True
BACKTESTER-001,MovingAverageCrossover-MA_CROSS,EUR/USD.IDEALPRO,IDEALPRO-001,O-20250127-034600-001-MA_CROSS-585,O-20250127-063000-001-MA_CROSS-588,SELL,FLAT,0.00,100000.00,1737949560000000000,2025-01-27 03:46:00+00:00,1737959400000000000,2025-01-27 06:30:00+00:00,9840000000000.0,1.0466800000010001,1.0463999999990001,['4.18 USD'],0.00027,23.82 USD,True
BACKTESTER-001,MovingAverageCrossover-MA_CROSS,EUR/USD.IDEALPRO,IDEALPRO-001,O-20250127-064800-001-MA_CROSS-589,O-20250127-073000-001-MA_CROSS-592,SELL,FLAT,0.00,100000.00,1737960480000000000,2025-01-27 06:48:00+00:00,1737963000000000000,2025-01-27 07:30:00+00:00,2520000000000.0,1.0458000000010002,1.046189999999,['4.18 USD'],-0.00037,-43.18 USD,True
BACKTESTER-001,MovingAverageCrossover-MA_CROSS,EUR/USD.IDEALPRO,IDEALPRO-001,O-20250127-080200-001-MA_CROSS-593,O-20250127-080200-001-MA_CROSS-594,SELL,FLAT,0.00,100000.00,1737964920000000000,2025-01-27 08:02:00+00:00,1737965580000000000,2025-01-27 08:13:00+00:00,660000000000.0,1.0457600000010001,1.0467799999990002,['4.18 USD'],-0.00098,-106.18 USD,True
BACKTESTER-001,MovingAverageCrossover-MA_CROSS,EUR/USD.IDEALPRO,IDEALPRO-001,O-20250127-081600-001-MA_CROSS-596,O-20250127-081600-001-MA_CROSS-598,BUY,FLAT,0.00,100000.00,1737965760000000000,2025-01-27 08:16:00+00:00,1737972240000000000,2025-01-27 10:04:00+00:00,6480000000000.0,1.047169999999,1.04966,['4.19 USD'],0.00238,244.81 USD,True
BACKTESTER-001,MovingAverageCrossover-MA_CROSS,EUR/USD.IDEALPRO,IDEALPRO-001,O-20250127-133000-001-MA_CROSS-599,O-20250127-133000-001-MA_CROSS-600,SELL,FLAT,0.00,100000.00,1737984600000000000,2025-01-27 13:30:00+00:00,1737985440000000000,2025-01-27 13:44:00+00:00,840000000000.0,1.051350000001,1.052369999999,['4.20 USD'],-0.00097,-106.20 USD,True
BACKTESTER-001,MovingAverageCrossover-MA_CROSS,EUR/USD.IDEALPRO,IDEALPRO-001,O-20250127-134600-001-MA_CROSS-602,O-20250127-142600-001-MA_CROSS-605,BUY,FLAT,0.00,100000.00,1737985560000000000,2025-01-27 13:46:00+00:00,1737987960000000000,2025-01-27 14:26:00+00:00,2400000000000.0,1.052289999999,1.051640000001,['4.20 USD'],-0.00062,-69.20 USD,True
BACKTESTER-001,MovingAverageCrossover-MA_CROSS,EUR/USD.IDEALPRO,IDEALPRO-001,O-20250127-193000-001-MA_CROSS-606,O-20250127-230000-001-MA_CROSS-609,BUY,FLAT,0.00,100000.00,1738006200000000000,2025-01-27 19:30:00+00:00,1738018800000000000,2025-01-27 23:00:00+00:00,12600000000000.0,1.048769999999,1.048910000001,['4.20 USD'],0.00013,9.80 USD,True
BACKTESTER-001,MovingAverageCrossover-MA_CROSS,EUR/USD.IDEALPRO,IDEALPRO-001,O-20250128-033200-001-MA_CROSS-610,O-20250128-035600-001-MA_CROSS-613,BUY,FLAT,0.00,100000.00,1738035120000000000,2025-01-28 03:32:00+00:00,1738036560000000000,2025-01-28 03:56:00+00:00,1440000000000.0,1.043819999999,1.043250000001,['4.18 USD'],-0.00055,-61.18 USD,True
BACKTESTER-001,MovingAverageCrossover-MA_CROSS,EUR/USD.IDEALPRO,IDEALPRO-001,O-20250128-050000-001-MA_CROSS-614,O-20250128-070000-001-MA_CROSS-617,BUY,FLAT,0.00,100000.00,1738040400000000000,2025-01-28 05:00:00+00:00,1738047600000000000,2025-01-28 07:00:00+00:00,7200000000000.0,1.0433799999989999,1.043750000001,['4.18 USD'],0.00035,32.82 USD,True
BACKTESTER-001,MovingAverageCrossover-MA_CROSS,EUR/USD.IDEALPRO,IDEALPRO-001,O-20250128-071800-001-MA_CROSS-618,O-20250128-071800-001-MA_CROSS-619,BUY,FLAT,0.00,100000.00,1738048680000000000,2025-01-28 07:18:00+00:00,1738050060000000000,2025-01-28 07:41:00+00:00,1380000000000.0,1.0440099999990002,1.0429900000010002,['4.18 USD'],-0.00098,-106.18 USD,True
BACKTESTER-001,MovingAverageCrossover-MA_CROSS,EUR/USD.IDEALPRO,IDEALPRO-001,O-20250128-074600-001-MA_CROSS-621,O-20250128-091600-001-MA_CROSS-624,SELL,FLAT,0.00,100000.00,1738050360000000000,2025-01-28 07:46:00+00:00,1738055760000000000,2025-01-28 09:16:00+00:00,5400000000000.0,1.043100000001,1.0433799999989999,['4.18 USD'],-0.00027,-32.18 USD,True
BACKTESTER-001,MovingAverageCrossover-MA_CROSS,EUR/USD.IDEALPRO,IDEALPRO-001,O-20250128-102000-001-MA_CROSS-625,O-20250128-131600-001-MA_CROSS-628,SELL,FLAT,0.00,100000.00,1738059600000000000,2025-01-28 10:20:00+00:00,1738070160000000000,2025-01-28 13:16:00+00:00,10560000000000.0,1.0430900000010002,1.042519999999,['4.18 USD'],0.00055,52.82 USD,True
BACKTESTER-001,MovingAverageCrossover-MA_CROSS,EUR/USD.IDEALPRO,IDEALPRO-001,O-20250128-150000-001-MA_CROSS-629,O-20250128-151600-001-MA_CROSS-632,SELL,FLAT,0.00,100000.00,1738076400000000000,2025-01-28 15:00:00+00:00,1738077360000000000,2025-01-28 15:16:00+00:00,960000000000.0,1.043180000001,1.0436299999990002,['4.18 USD'],-0.00043,-49.18 USD,True
BACKTESTER-001,MovingAverageCrossover-MA_CROSS,EUR/USD.IDEALPRO,IDEALPRO-001,O-20250128-154600-001-MA_CROSS-633,O-20250128-172800-001-MA_CROSS-636,SELL,FLAT,0.00,100000.00,1738079160000000000,2025-01-28 15:46:00+00:00,1738085280000000000,2025-01-28 17:28:00+00:00,6120000000000.0,1.043010000001,1.0429799999990002,['4.18 USD'],3e-05,-1.18 USD,True
BACKTESTER-001,MovingAverageCrossover-MA_CROSS,EUR/USD.IDEALPRO,IDEALPRO-001,O-20250128-191600-001-MA_CROSS-637,O-20250128-194600-001-MA_CROSS-640,SELL,FLAT,0.00,100000.00,1738091760000000000,2025-01-28 19:16:00+00:00,1738093560000000000,2025-01-28 19:46:00+00:00,1800000000000.0,1.0423900000009998,1.0433299999990002,['4.17 USD'],-0.0009,-98.17 USD,True
BACKTESTER-001,MovingAverageCrossover-MA_CROSS,EUR/USD.IDEALPRO,IDEALPRO-001,O-20250128-204600-001-MA_CROSS-641,O-20250129-001600-001-MA_CROSS-644,SELL,FLAT,0.00,100000.00,1738097160000000000,2025-01-28 20:46:00+00:00,1738109760000000000,2025-01-29 00:16:00+00:00,12600000000000.0,1.0431200000010001,1.043419999999,['4.18 USD'],-0.00029,-34.18 USD,True
BACKTESTER-001,MovingAverageCrossover-MA_CROSS,EUR/USD.IDEALPRO,IDEALPRO-001,O-20250129-054600-001-MA_CROSS-645,O-20250129-060200-001-MA_CROSS-648,SELL,FLAT,0.00,100000.00,1738129560000000000,2025-01-29 05:46:00+00:00,1738130520000000000,2025-01-29 06:02:00+00:00,960000000000.0,1.0436300000010001,1.044289999999,['4.18 USD'],-0.00063,-70.18 USD,True
BACKTESTER-001,MovingAverageCrossover-MA_CROSS,EUR/USD.IDEALPRO,IDEALPRO-001,O-20250129-070000-001-MA_CROSS-649,O-20250129-083000-001-MA_CROSS-652,SELL,FLAT,0.00,100000.00,1738134000000000000,2025-01-29 07:00:00+00:00,1738139400000000000,2025-01-29 08:30:00+00:00,5400000000000.0,1.043730000001,1.0425699999990001,['4.18 USD'],0.00111,111.82 USD,True
BACKTESTER-001,MovingAverageCrossover-MA_CROSS,EUR/USD.IDEALPRO,IDEALPRO-001,O-20250129-090000-001-MA_CROSS-653,O-20250129-090000-001-MA_CROSS-655,SELL,FLAT,0.00,100000.00,1738141200000000000,2025-01-29 09:00:00+00:00,1738145340000000000,2025-01-29 10:09:00+00:00,4140000000000.0,1.042430000001,1.03994,['4.16 USD'],0.00239,244.84 USD,True
BACKTESTER-001,MovingAverageCrossover-MA_CROSS,EUR/USD.IDEALPRO,IDEALPRO-001,O-20250129-111600-001-MA_CROSS-656,O-20250129-114200-001-MA_CROSS-659,BUY,FLAT,0.00,100000.00,1738149360000000000,2025-01-29 11:16:00+00:00,1738150920000000000,2025-01-29 11:42:00+00:00,1560000000000.0,1.040499999999,1.0400700000010001,['4.16 USD'],-0.00041,-47.16 USD,True
BACKTESTER-001,MovingAverageCrossover-MA_CROSS,EUR/USD.IDEALPRO,IDEALPRO-001,O-20250129-141600-001-MA_CROSS-660,O-20250129-141600-001-MA_CROSS-662,BUY,FLAT,0.00,100000.00,1738160160000000000,2025-01-29 14:16:00+00:00,1738165440000000000,2025-01-29 15:44:00+00:00,5280000000000.0,1.0396899999990001,1.04218,['4.16 USD'],0.00239,244.84 USD,True
BACKTESTER-001,MovingAverageCrossover-MA_CROSS,EUR/USD.IDEALPRO,IDEALPRO-001,O-20250129-190200-001-MA_CROSS-663,O-20250129-190200-001-MA_CROSS-664,SELL,FLAT,0.00,100000.00,1738177320000000000,2025-01-29 19:02:00+00:00,1738179660000000000,2025-01-29 19:41:00+00:00,2340000000000.0,1.0409200000010002,1.0419399999990002,['4.16 USD'],-0.00098,-106.16 USD,True
BACKTESTER-001,MovingAverageCrossover-MA_CROSS,EUR/USD.IDEALPRO,IDEALPRO-001,O-20250129-194600-001-MA_CROSS-666,O-20250129-194600-001-MA_CROSS-667,BUY,FLAT,0.00,100000.00,1738179960000000000,2025-01-29 19:46:00+00:00,1738181640000000000,2025-01-29 20:14:00+00:00,1680000000000.0,1.042259999999,1.041240000001,['4.16 USD'],-0.00098,-106.16 USD,True
BACKTESTER-001,MovingAverageCrossover-MA_CROSS,EUR/USD.IDEALPRO,IDEALPRO-001,O-20250129-203400-001-MA_CROSS-669,O-20250129-222600-001-MA_CROSS-672,SELL,FLAT,0.00,100000.00,1738182840000000000,2025-01-29 20:34:00+00:00,1738189560000000000,2025-01-29 22:26:00+00:00,6720000000000.0,1.0414300000010002,1.042119999999,['4.16 USD'],-0.00066,-73.16 USD,True
BACKTESTER-001,MovingAverageCrossover-MA_CROSS,EUR/USD.IDEALPRO,IDEALPRO-001,O-20250130-032400-001-MA_CROSS-673,O-20250130-043200-001-MA_CROSS-676,BUY,FLAT,0.00,100000.00,1738207440000000000,2025-01-30 03:24:00+00:00,1738211520000000000,2025-01-30 04:32:00+00:00,4080000000000.0,1.0424799999990002,1.0421000000010001,['4.16 USD'],-0.00036,-42.16 USD,True
BACKTESTER-001,MovingAverageCrossover-MA_CROSS,EUR/USD.IDEALPRO,IDEALPRO-001,O-20250130-060200-001-MA_CROSS-677,O-20250130-061800-001-MA_CROSS-680,BUY,FLAT,0.00,100000.00,1738216920000000000,2025-01-30 06:02:00+00:00,1738217880000000000,2025-01-30 06:18:00+00:00,960000000000.0,1.042259999999,1.0417300000010001,['4.16 USD'],-0.00051,-57.16 USD,True
BACKTESTER-001,MovingAverageCrossover-MA_CROSS,EUR/USD.IDEALPRO,IDEALPRO-001,O-20250130-073600-001-MA_CROSS-681,O-20250130-084600-001-MA_CROSS-684,BUY,FLAT,0.00,100000.00,1738222560000000000,2025-01-30 07:36:00+00:00,1738226760000000000,2025-01-30 08:46:00+00:00,4200000000000.0,1.041459999999,1.0419700000010002,['4.16 USD'],0.00049,46.84 USD,True
BACKTESTER-001,MovingAverageCrossover-MA_CROSS,EUR/USD.IDEALPRO,IDEALPRO-001,O-20250130-130200-001-MA_CROSS-685,O-20250130-130200-001-MA_CROSS-687,BUY,FLAT,0.00,100000.00,1738242120000000000,2025-01-30 13:02:00+00:00,1738245240000000000,2025-01-30 13:54:00+00:00,3120000000000.0,1.040289999999,1.04278,['4.17 USD'],0.00239,244.83 USD,True
BACKTESTER-001,MovingAverageCrossover-MA_CROSS,EUR/USD.IDEALPRO,IDEALPRO-001,O-20250130-143400-001-MA_CROSS-688,O-20250130-143400-001-MA_CROSS-689,SELL,FLAT,0.00,100000.00,1738247640000000000,2025-01-30 14:34:00+00:00,1738249320000000000,2025-01-30 15:02:00+00:00,1680000000000.0,1.0429500000010001,1.0436699999990002,['4.18 USD'],-0.00069,-76.18 USD,True
BACKTESTER-001,MovingAverageCrossover-MA_CROSS,EUR/USD.IDEALPRO,IDEALPRO-001,O-20250130-150400-001-MA_CROSS-691,O-20250130-160400-001-MA_CROSS-694,BUY,FLAT,0.00,100000.00,1738249440000000000,2025-01-30 15:04:00+00:00,1738253040000000000,2025-01-30 16:04:00+00:00,3600000000000.0,1.043269999999,1.0429500000010001,['4.18 USD'],-0.00031,-36.18 USD,True
BACKTESTER-001,MovingAverageCrossover-MA_CROSS,EUR/USD.IDEALPRO,IDEALPRO-001,O-20250130-203000-001-MA_CROSS-695,O-20250130-203000-001-MA_CROSS-696,BUY,FLAT,0.00,100000.00,1738269000000000000,2025-01-30 20:30:00+00:00,1738269420000000000,2025-01-30 20:37:00+00:00,420000000000.0,1.043099999999,1.0420800000009998,['4.17 USD'],-0.00098,-106.17 USD,True
BACKTESTER-001,MovingAverageCrossover-MA_CROSS,EUR/USD.IDEALPRO,IDEALPRO-001,O-20250130-204600-001-MA_CROSS-698,O-20250130-204600-001-MA_CROSS-699,SELL,FLAT,0.00,100000.00,1738269960000000000,2025-01-30 20:46:00+00:00,1738270080000000000,2025-01-30 20:48:00+00:00,120000000000.0,1.039750000001,1.0407699999989999,['4.16 USD'],-0.00098,-106.16 USD,True
BACKTESTER-001,MovingAverageCrossover-MA_CROSS,EUR/USD.IDEALPRO,IDEALPRO-001,O-20250131-000200-001-MA_CROSS-701,O-20250131-004600-001-MA_CROSS-704,BUY,FLAT,0.00,100000.00,1738281720000000000,2025-01-31 00:02:00+00:00,1738284360000000000,2025-01-31 00:46:00+00:00,2640000000000.0,1.0396599999990002,1.0387900000010002,['4.16 USD'],-0.00084,-91.16 USD,True
BACKTESTER-001,MovingAverageCrossover-MA_CROSS,EUR/USD.IDEALPRO,IDEALPRO-001,O-20250131-044600-001-MA_CROSS-705,O-20250131-053200-001-MA_CROSS-708,BUY,FLAT,0.00,100000.00,1738298760000000000,2025-01-31 04:46:00+00:00,1738301520000000000,2025-01-31 05:32:00+00:00,2760000000000.0,1.0388899999990002,1.038610000001,['4.16 USD'],-0.00027,-32.16 USD,True
BACKTESTER-001,MovingAverageCrossover-MA_CROSS,EUR/USD.IDEALPRO,IDEALPRO-001,O-20250131-060800-001-MA_CROSS-709,O-20250131-081600-001-MA_CROSS-712,BUY,FLAT,0.00,100000.00,1738303680000000000,2025-01-31 06:08:00+00:00,1738311360000000000,2025-01-31 08:16:00+00:00,7680000000000.0,1.038839999999,1.039680000001,['4.16 USD'],0.00081,79.84 USD,True
BACKTESTER-001,MovingAverageCrossover-MA_CROSS,EUR/USD.IDEALPRO,IDEALPRO-001,O-20250131-100000-001-MA_CROSS-713,O-20250131-100000-001-MA_CROSS-714,BUY,FLAT,0.00,100000.00,1738317600000000000,2025-01-31 10:00:00+00:00,1738318560000000000,2025-01-31 10:16:00+00:00,960000000000.0,1.0383799999990002,1.0373600000010001,['4.15 USD'],-0.00098,-106.15 USD,True
BACKTESTER-001,MovingAverageCrossover-MA_CROSS,EUR/USD.IDEALPRO,IDEALPRO-001,O-20250131-110000-001-MA_CROSS-716,O-20250131-110000-001-MA_CROSS-717,SELL,FLAT,0.00,100000.00,1738321200000000000,2025-01-31 11:00:00+00:00,1738328460000000000,2025-01-31 13:01:00+00:00,7260000000000.0,1.037620000001,1.038639999999,['4.16 USD'],-0.00098,-106.16 USD,True
BACKTESTER-001,MovingAverageCrossover-MA_CROSS,EUR/USD.IDEALPRO,IDEALPRO-001,O-20250131-130200-001-MA_CROSS-719,O-20250131-134600-001-MA_CROSS-722,BUY,FLAT,0.00,100000.00,1738328520000000000,2025-01-31 13:02:00+00:00,1738331160000000000,2025-01-31 13:46:00+00:00,2640000000000.0,1.038389999999,1.038090000001,['4.16 USD'],-0.00029,-34.16 USD,True
BACKTESTER-001,MovingAverageCrossover-MA_CROSS,EUR/USD.IDEALPRO,IDEALPRO-001,O-20250131-153000-001-MA_CROSS-723,O-20250131-153000-001-MA_CROSS-725,BUY,FLAT,0.00,100000.00,1738337400000000000,2025-01-31 15:30:00+00:00,1738339140000000000,2025-01-31 15:59:00+00:00,1740000000000.0,1.037539999999,1.0400300000000002,['4.16 USD'],0.0024,244.84 USD,True
BACKTESTER-001,MovingAverageCrossover-MA_CROSS,EUR/USD.IDEALPRO,IDEALPRO-001,O-20250131-190200-001-MA_CROSS-726,O-20250131-190200-001-MA_CROSS-727,SELL,FLAT,0.00,100000.00,1738350120000000000,2025-01-31 19:02:00+00:00,1738356540000000000,2025-01-31 20:49:00+00:00,6420000000000.0,1.0370900000010002,1.0381099999990002,['4.15 USD'],-0.00098,-106.15 USD,True
BACKTESTER-001,MovingAverageCrossover-MA_CROSS,EUR/USD.IDEALPRO,IDEALPRO-001,O-20250203-041600-001-MA_CROSS-729,O-20250203-044600-001-MA_CROSS-732,BUY,FLAT,0.00,100000.00,1738556160000000000,2025-02-03 04:16:00+00:00,1738557960000000000,2025-02-03 04:46:00+00:00,1800000000000.0,1.022949999999,1.022320000001,['4.09 USD'],-0.00062,-67.09 USD,True
BACKTESTER-001,MovingAverageCrossover-MA_CROSS,EUR/USD.IDEALPRO,IDEALPRO-001,O-20250203-050400-001-MA_CROSS-733,O-20250203-073000-001-MA_CROSS-736,BUY,FLAT,0.00,100000.00,1738559040000000000,2025-02-03 05:04:00+00:00,1738567800000000000,2025-02-03 07:30:00+00:00,8760000000000.0,1.022939999999,1.023290000001,['4.10 USD'],0.00034,30.90 USD,True
BACKTESTER-001,MovingAverageCrossover-MA_CROSS,EUR/USD.IDEALPRO,IDEALPRO-001,O-20250203-083000-001-MA_CROSS-737,O-20250203-083000-001-MA_CROSS-738,BUY,FLAT,0.00,100000.00,1738571400000000000,2025-02-03 08:30:00+00:00,1738576140000000000,2025-02-03 09:49:00+00:00,4740000000000.0,1.0243099999990002,1.023290000001,['4.10 USD'],-0.001,-106.10 USD,True
BACKTESTER-001,MovingAverageCrossover-MA_CROSS,EUR/USD.IDEALPRO,IDEALPRO-001,O-20250203-100000-001-MA_CROSS-740,O-20250203-100000-001-MA_CROSS-741,SELL,FLAT,0.00,100000.00,1738576800000000000,2025-02-03 10:00:00+00:00,1738577460000000000,2025-02-03 10:11:00+00:00,660000000000.0,1.023080000001,1.024099999999,['4.10 USD'],-0.001,-106.10 USD,True
BACKTESTER-001,MovingAverageCrossover-MA_CROSS,EUR/USD.IDEALPRO,IDEALPRO-001,O-20250203-102200-001-MA_CROSS-743,O-20250203-113200-001-MA_CROSS-746,BUY,FLAT,0.00,100000.00,1738578120000000000,2025-02-03 10:22:00+00:00,1738582320000000000,2025-02-03 11:32:00+00:00,4200000000000.0,1.0238699999990002,1.023700000001,['4.10 USD'],-0.00017,-21.10 USD,True
BACKTESTER-001,MovingAverageCrossover-MA_CROSS,EUR/USD.IDEALPRO,IDEALPRO-001,O-20250203-114600-001-MA_CROSS-747,O-20250203-114600-001-MA_CROSS-749,BUY,FLAT,0.00,100000.00,1738583160000000000,2025-02-03 11:46:00+00:00,1738585740000000000,2025-02-03 12:29:00+00:00,2580000000000.0,1.0249799999990001,1.02747,['4.10 USD'],0.00243,244.90 USD,True
BACKTESTER-001,MovingAverageCrossover-MA_CROSS,EUR/USD.IDEALPRO,IDEALPRO-001,O-20250203-130200-001-MA_CROSS-750,O-20250203-130200-001-MA_CROSS-751,SELL,FLAT,0.00,100000.00,1738587720000000000,2025-02-03 13:02:00+00:00,1738587900000000000,2025-02-03 13:05:00+00:00,180000000000.0,1.0261100000010002,1.0271299999990002,['4.10 USD'],-0.00099,-106.10 USD,True
BACKTESTER-001,MovingAverageCrossover-MA_CROSS,EUR/USD.IDEALPRO,IDEALPRO-001,O-20250203-131600-001-MA_CROSS-753,O-20250203-131600-001-MA_CROSS-754,BUY,FLAT,0.00,100000.00,1738588560000000000,2025-02-03 13:16:00+00:00,1738589160000000000,2025-02-03 13:26:00+00:00,600000000000.0,1.027989999999,1.026970000001,['4.11 USD'],-0.00099,-106.11 USD,True
BACKTESTER-001,MovingAverageCrossover-MA_CROSS,EUR/USD.IDEALPRO,IDEALPRO-001,O-20250203-134600-001-MA_CROSS-756,O-20250203-134600-001-MA_CROSS-757,SELL,FLAT,0.00,100000.00,1738590360000000000,2025-02-03 13:46:00+00:00,1738596120000000000,2025-02-03 15:22:00+00:00,5760000000000.0,1.026030000001,1.0270499999990002,['4.10 USD'],-0.00099,-106.10 USD,True
BACKTESTER-001,MovingAverageCrossover-MA_CROSS,EUR/USD.IDEALPRO,IDEALPRO-001,O-20250203-153000-001-MA_CROSS-759,O-20250203-153000-001-MA_CROSS-761,BUY,FLAT,0.00,100000.00,1738596600000000000,2025-02-03 15:30:00+00:00,1738597380000000000,2025-02-03 15:43:00+00:00,780000000000.0,1.030229999999,1.03272,['4.13 USD'],0.00242,244.87 USD,True
BACKTESTER-001,MovingAverageCrossover-MA_CROSS,EUR/USD.IDEALPRO,IDEALPRO-001,O-20250203-164600-001-MA_CROSS-762,O-20250203-164600-001-MA_CROSS-764,SELL,FLAT,0.00,100000.00,1738601160000000000,2025-02-03 16:46:00+00:00,1738601940000000000,2025-02-03 16:59:00+00:00,780000000000.0,1.030300000001,1.02781,['4.12 USD'],0.00242,244.88 USD,True
BACKTESTER-001,MovingAverageCrossover-MA_CROSS,EUR/USD.IDEALPRO,IDEALPRO-001,O-20250203-173800-001-MA_CROSS-765,O-20250203-173800-001-MA_CROSS-766,BUY,FLAT,0.00,100000.00,1738604280000000000,2025-02-03 17:38:00+00:00,1738605360000000000,2025-02-03 17:56:00+00:00,1080000000000.0,1.028599999999,1.027580000001,['4.12 USD'],-0.00099,-106.12 USD,True
BACKTESTER-001,MovingAverageCrossover-MA_CROSS,EUR/USD.IDEALPRO,IDEALPRO-001,O-20250203-194600-001-MA_CROSS-768,O-20250203-201600-001-MA_CROSS-771,SELL,FLAT,0.00,100000.00,1738611960000000000,2025-02-03 19:46:00+00:00,1738613760000000000,2025-02-03 20:16:00+00:00,1800000000000.0,1.028560000001,1.029309999999,['4.12 USD'],-0.00073,-79.12 USD,True
BACKTESTER-001,MovingAverageCrossover-MA_CROSS,EUR/USD.IDEALPRO,IDEALPRO-001,O-20250204-000200-001-MA_CROSS-772,O-20250204-030200-001-MA_CROSS-775,SELL,FLAT,0.00,100000.00,1738627320000000000,2025-02-04 00:02:00+00:00,1738638120000000000,2025-02-04 03:02:00+00:00,10800000000000.0,1.032880000001,1.0322399999990002,['4.13 USD'],0.00062,59.87 USD,True
BACKTESTER-001,MovingAverageCrossover-MA_CROSS,EUR/USD.IDEALPRO,IDEALPRO-001,O-20250204-034600-001-MA_CROSS-776,O-20250204-034600-001-MA_CROSS-778,SELL,FLAT,0.00,100000.00,1738640760000000000,2025-02-04 03:46:00+00:00,1738645620000000000,2025-02-04 05:07:00+00:00,4860000000000.0,1.031350000001,1.02886,['4.12 USD'],0.00241,244.88 USD,True
BACKTESTER-001,MovingAverageCrossover-MA_CROSS,EUR/USD.IDEALPRO,IDEALPRO-001,O-20250204-054600-001-MA_CROSS-779,O-20250204-054600-001-MA_CROSS-781,BUY,FLAT,0.00,100000.00,1738647960000000000,2025-02-04 05:46:00+00:00,1738655100000000000,2025-02-04 07:45:00+00:00,7140000000000.0,1.029199999999,1.0316900000000002,['4.12 USD'],0.00242,244.88 USD,True
BACKTESTER-001,MovingAverageCrossover-MA_CROSS,EUR/USD.IDEALPRO,IDEALPRO-001,O-20250204-104600-001-MA_CROSS-782,O-20250204-130200-001-MA_CROSS-785,SELL,FLAT,0.00,100000.00,1738665960000000000,2025-02-04 10:46:00+00:00,1738674120000000000,2025-02-04 13:02:00+00:00,8160000000000.0,1.0330300000009998,1.032909999999,['4.14 USD'],0.00012,7.86 USD,True
BACKTESTER-001,MovingAverageCrossover-MA_CROSS,EUR/USD.IDEALPRO,IDEALPRO-001,O-20250204-171600-001-MA_CROSS-786,O-20250204-175600-001-MA_CROSS-789,SELL,FLAT,0.00,100000.00,1738689360000000000,2025-02-04 17:16:00+00:00,1738691760000000000,2025-02-04 17:56:00+00:00,2400000000000.0,1.037620000001,1.037679999999,['4.16 USD'],-6e-05,-10.16 USD,True
BACKTESTER-001,MovingAverageCrossover-MA_CROSS,EUR/USD.IDEALPRO,IDEALPRO-001,O-20250205-000200-001-MA_CROSS-790,O-20250205-003400-001-MA_CROSS-793,SELL,FLAT,0.00,100000.00,1738713720000000000,2025-02-05 00:02:00+00:00,1738715640000000000,2025-02-05 00:34:00+00:00,1920000000000.0,1.0373000000010002,1.037859999999,['4.15 USD'],-0.00054,-60.15 USD,True
BACKTESTER-001,MovingAverageCrossover-MA_CROSS,EUR/USD.IDEALPRO,IDEALPRO-001,O-20250205-040000-001-MA_CROSS-794,O-20250205-061600-001-MA_CROSS-797,SELL,FLAT,0.00,100000.00,1738728000000000000,2025-02-05 04:00:00+00:00,1738736160000000000,2025-02-05 06:16:00+00:00,8160000000000.0,1.037950000001,1.038189999999,['4.16 USD'],-0.00023,-28.16 USD,True
BACKTESTER-001,MovingAverageCrossover-MA_CROSS,EUR/USD.IDEALPRO,IDEALPRO-001,O-20250205-070200-001-MA_CROSS-798,O-20250205-071800-001-MA_CROSS-801,SELL,FLAT,0.00,100000.00,1738738920000000000,2025-02-05 07:02:00+00:00,1738739880000000000,2025-02-05 07:18:00+00:00,960000000000.0,1.038380000001,1.0393699999989998,['4.16 USD'],-0.00095,-103.16 USD,True
BACKTESTER-001,MovingAverageCrossover-MA_CROSS,EUR/USD.IDEALPRO,IDEALPRO-001,O-20250205-100000-001-MA_CROSS-802,O-20250205-101800-001-MA_CROSS-805,SELL,FLAT,0.00,100000.00,1738749600000000000,2025-02-05 10:00:00+00:00,1738750680000000000,2025-02-05 10:18:00+00:00,1080000000000.0,1.040390000001,1.0412199999990002,['4.16 USD'],-0.0008,-87.16 USD,True
BACKTESTER-001,MovingAverageCrossover-MA_CROSS,EUR/USD.IDEALPRO,IDEALPRO-001,O-20250205-113200-001-MA_CROSS-806,O-20250205-113200-001-MA_CROSS-807,SELL,FLAT,0.00,100000.00,1738755120000000000,2025-02-05 11:32:00+00:00,1738761180000000000,2025-02-05 13:13:00+00:00,6060000000000.0,1.041550000001,1.0425699999990001,['4.17 USD'],-0.00098,-106.17 USD,True
BACKTESTER-001,MovingAverageCrossover-MA_CROSS,EUR/USD.IDEALPRO,IDEALPRO-001,O-20250205-141600-001-MA_CROSS-809,O-20250205-153200-001-MA_CROSS-812,BUY,FLAT,0.00,100000.00,1738764960000000000,2025-02-05 14:16:00+00:00,1738769520000000000,2025-02-05 15:32:00+00:00,4560000000000.0,1.041989999999,1.041860000001,['4.16 USD'],-0.00012,-17.16 USD,True
BACKTESTER-001,MovingAverageCrossover-MA_CROSS,EUR/USD.IDEALPRO,IDEALPRO-001,O-20250205-163600-001-MA_CROSS-813,O-20250205-163600-001-MA_CROSS-814,BUY,FLAT,0.00,100000.00,1738773360000000000,2025-02-05 16:36:00+00:00,1738774080000000000,2025-02-05 16:48:00+00:00,720000000000.0,1.042189999999,1.041170000001,['4.16 USD'],-0.00098,-106.16 USD,True
BACKTESTER-001,MovingAverageCrossover-MA_CROSS,EUR/USD.IDEALPRO,IDEALPRO-001,O-20250205-164800-001-MA_CROSS-816,O-20250205-164800-001-MA_CROSS-817,SELL,FLAT,0.00,100000.00,1738774080000000000,2025-02-05 16:48:00+00:00,1738775160000000000,2025-02-05 17:06:00+00:00,1080000000000.0,1.041180000001,1.0421999999990001,['4.16 USD'],-0.00098,-106.16 USD,True
BACKTESTER-001,MovingAverageCrossover-MA_CROSS,EUR/USD.IDEALPRO,IDEALPRO-001,O-20250205-230000-001-MA_CROSS-819,O-20250206-003000-001-MA_CROSS-822,BUY,FLAT,0.00,100000.00,1738796400000000000,2025-02-05 23:00:00+00:00,1738801800000000000,2025-02-06 00:30:00+00:00,5400000000000.0,1.040459999999,1.039960000001,['4.16 USD'],-0.00048,-54.16 USD,True
BACKTESTER-001,MovingAverageCrossover-MA_CROSS,EUR/USD.IDEALPRO,IDEALPRO-001,O-20250206-053200-001-MA_CROSS-823,O-20250206-060200-001-MA_CROSS-826,BUY,FLAT,0.00,100000.00,1738819920000000000,2025-02-06 05:32:00+00:00,1738821720000000000,2025-02-06 06:02:00+00:00,1800000000000.0,1.038839999999,1.038690000001,['4.16 USD'],-0.00014,-19.16 USD,True
BACKTESTER-001,MovingAverageCrossover-MA_CROSS,EUR/USD.IDEALPRO,IDEALPRO-001,O-20250206-064600-001-MA_CROSS-827,O-20250206-071600-001-MA_CROSS-830,BUY,FLAT,0.00,100000.00,1738824360000000000,2025-02-06 06:46:00+00:00,1738826160000000000,2025-02-06 07:16:00+00:00,1800000000000.0,1.039139999999,1.0384400000010001,['4.16 USD'],-0.00067,-74.16 USD,True
BACKTESTER-001,MovingAverageCrossover-MA_CROSS,EUR/USD.IDEALPRO,IDEALPRO-001,O-20250206-113000-001-MA_CROSS-831,O-20250206-113000-001-MA_CROSS-832,BUY,FLAT,0.00,100000.00,1738841400000000000,2025-02-06 11:30:00+00:00,1738843260000000000,2025-02-06 12:01:00+00:00,1860000000000.0,1.036729999999,1.0357100000009998,['4.14 USD'],-0.00098,-106.14 USD,True
BACKTESTER-001,MovingAverageCrossover-MA_CROSS,EUR/USD.IDEALPRO,IDEALPRO-001,O-20250206-135200-001-MA_CROSS-834,O-20250206-135200-001-MA_CROSS-835,SELL,FLAT,0.00,100000.00,1738849920000000000,2025-02-06 13:52:00+00:00,1738850880000000000,2025-02-06 14:08:00+00:00,960000000000.0,1.035560000001,1.0365799999990002,['4.14 USD'],-0.00098,-106.14 USD,True
BACKTESTER-001,MovingAverageCrossover-MA_CROSS,EUR/USD.IDEALPRO,IDEALPRO-001,O-20250206-141600-001-MA_CROSS-837,O-20250206-150000-001-MA_CROSS-840,BUY,FLAT,0.00,100000.00,1738851360000000000,2025-02-06 14:16:00+00:00,1738854000000000000,2025-02-06 15:00:00+00:00,2640000000000.0,1.0364899999989998,1.036220000001,['4.14 USD'],-0.00026,-31.14 USD,True
BACKTESTER-001,MovingAverageCrossover-MA_CROSS,EUR/USD.IDEALPRO,IDEALPRO-001,O-20250206-151600-001-MA_CROSS-841,O-20250206-153600-001-MA_CROSS-844,BUY,FLAT,0.00,100000.00,1738854960000000000,2025-02-06 15:16:00+00:00,1738856160000000000,2025-02-06 15:36:00+00:00,1200000000000.0,1.037179999999,1.036420000001,['4.14 USD'],-0.00073,-80.14 USD,True
BACKTESTER-001,MovingAverageCrossover-MA_CROSS,EUR/USD.IDEALPRO,IDEALPRO-001,O-20250206-160600-001-MA_CROSS-845,O-20250206-170000-001-MA_CROSS-848,BUY,FLAT,0.00,100000.00,1738857960000000000,2025-02-06 16:06:00+00:00,1738861200000000000,2025-02-06 17:00:00+00:00,3240000000000.0,1.037199999999,1.036680000001,['4.14 USD'],-0.0005,-56.14 USD,True
BACKTESTER-001,MovingAverageCrossover-MA_CROSS,EUR/USD.IDEALPRO,IDEALPRO-001,O-20250206-171600-001-MA_CROSS-849,O-20250206-193000-001-MA_CROSS-852,BUY,FLAT,0.00,100000.00,1738862160000000000,2025-02-06 17:16:00+00:00,1738870200000000000,2025-02-06 19:30:00+00:00,8040000000000.0,1.037659999999,1.0384500000010002,['4.16 USD'],0.00076,74.84 USD,True
BACKTESTER-001,MovingAverageCrossover-MA_CROSS,EUR/USD.IDEALPRO,IDEALPRO-001,O-20250206-200400-001-MA_CROSS-853,O-20250206-221700-001-MA_CROSS-856,BUY,FLAT,0.00,100000.00,1738872240000000000,2025-02-06 20:04:00+00:00,1738880220000000000,2025-02-06 22:17:00+00:00,7980000000000.0,1.0385899999989998,1.038490000001,['4.16 USD'],-0.0001,-14.16 USD,True
BACKTESTER-001,MovingAverageCrossover-MA_CROSS,EUR/USD.IDEALPRO,IDEALPRO-001,O-20250207-000400-001-MA_CROSS-857,O-20250207-003000-001-MA_CROSS-860,BUY,FLAT,0.00,100000.00,1738886640000000000,2025-02-07 00:04:00+00:00,1738888200000000000,2025-02-07 00:30:00+00:00,1560000000000.0,1.0390899999990002,1.0383400000010001,['4.16 USD'],-0.00072,-79.16 USD,True
BACKTESTER-001,MovingAverageCrossover-MA_CROSS,EUR/USD.IDEALPRO,IDEALPRO-001,O-20250207-043200-001-MA_CROSS-861,O-20250207-052200-001-MA_CROSS-864,BUY,FLAT,0.00,100000.00,1738902720000000000,2025-02-07 04:32:00+00:00,1738905720000000000,2025-02-07 05:22:00+00:00,3000000000000.0,1.0382199999989998,1.037790000001,['4.16 USD'],-0.00041,-47.16 USD,True
BACKTESTER-001,MovingAverageCrossover-MA_CROSS,EUR/USD.IDEALPRO,IDEALPRO-001,O-20250207-064600-001-MA_CROSS-865,O-20250207-101600-001-MA_CROSS-868,BUY,FLAT,0.00,100000.00,1738910760000000000,2025-02-07 06:46:00+00:00,1738923360000000000,2025-02-07 10:16:00+00:00,12600000000000.0,1.037659999999,1.038910000001,['4.16 USD'],0.0012,120.84 USD,True
BACKTESTER-001,MovingAverageCrossover-MA_CROSS,EUR/USD.IDEALPRO,IDEALPRO-001,O-20250207-131600-001-MA_CROSS-869,O-20250207-131600-001-MA_CROSS-871,BUY,FLAT,0.00,100000.00,1738934160000000000,2025-02-07 13:16:00+00:00,1738935060000000000,2025-02-07 13:31:00+00:00,900000000000.0,1.0376699999990002,1.04016,['4.16 USD'],0.0024,244.84 USD,True
BACKTESTER-001,MovingAverageCrossover-MA_CROSS,EUR/USD.IDEALPRO,IDEALPRO-001,O-20250207-135600-001-MA_CROSS-872,O-20250207-135600-001-MA_CROSS-873,SELL,FLAT,0.00,100000.00,1738936560000000000,2025-02-07 13:56:00+00:00,1738936800000000000,2025-02-07 14:00:00+00:00,240000000000.0,1.0357000000010002,1.0367199999990002,['4.14 USD'],-0.00098,-106.14 USD,True
BACKTESTER-001,MovingAverageCrossover-MA_CROSS,EUR/USD.IDEALPRO,IDEALPRO-001,O-20250207-141600-001-MA_CROSS-875,O-20250207-151600-001-MA_CROSS-878,BUY,FLAT,0.00,100000.00,1738937760000000000,2025-02-07 14:16:00+00:00,1738941360000000000,2025-02-07 15:16:00+00:00,3600000000000.0,1.0374199999990001,1.037690000001,['4.15 USD'],0.00026,22.85 USD,True
BACKTESTER-001,MovingAverageCrossover-MA_CROSS,EUR/USD.IDEALPRO,IDEALPRO-001,O-20250207-155000-001-MA_CROSS-879,O-20250207-155000-001-MA_CROSS-880,BUY,FLAT,0.00,100000.00,1738943400000000000,2025-02-07 15:50:00+00:00,1738943640000000000,2025-02-07 15:54:00+00:00,240000000000.0,1.038299999999,1.037280000001,['4.15 USD'],-0.00098,-106.15 USD,True
BACKTESTER-001,MovingAverageCrossover-MA_CROSS,EUR/USD.IDEALPRO,IDEALPRO-001,O-20250207-160000-001-MA_CROSS-882,O-20250207-160000-001-MA_CROSS-884,SELL,FLAT,0.00,100000.00,1738944000000000000,2025-02-07 16:00:00+00:00,1738944360000000000,2025-02-07 16:06:00+00:00,360000000000.0,1.035530000001,1.03304,['4.14 USD'],0.0024,244.86 USD,True
BACKTESTER-001,MovingAverageCrossover-MA_CROSS,EUR/USD.IDEALPRO,IDEALPRO-001,O-20250207-192000-001-MA_CROSS-885,O-20250207-203200-001-MA_CROSS-888,BUY,FLAT,0.00,100000.00,1738956000000000000,2025-02-07 19:20:00+00:00,1738960320000000000,2025-02-07 20:32:00+00:00,4320000000000.0,1.033139999999,1.032770000001,['4.14 USD'],-0.00036,-41.14 USD,True
BACKTESTER-001,MovingAverageCrossover-MA_CROSS,EUR/USD.IDEALPRO,IDEALPRO-001,O-20250210-001800-001-MA_CROSS-889,O-20250210-001800-001-MA_CROSS-890,BUY,FLAT,0.00,100000.00,1739146680000000000,2025-02-10 00:18:00+00:00,1739151060000000000,2025-02-10 01:31:00+00:00,4380000000000.0,1.031379999999,1.0303600000009998,['4.12 USD'],-0.00099,-106.12 USD,True
BACKTESTER-001,MovingAverageCrossover-MA_CROSS,EUR/USD.IDEALPRO,IDEALPRO-001,O-20250210-060200-001-MA_CROSS-892,O-20250210-064600-001-MA_CROSS-895,SELL,FLAT,0.00,100000.00,1739167320000000000,2025-02-10 06:02:00+00:00,1739169960000000000,2025-02-10 06:46:00+00:00,2640000000000.0,1.0316000000010002,1.031849999999,['4.12 USD'],-0.00024,-29.12 USD,True
BACKTESTER-001,MovingAverageCrossover-MA_CROSS,EUR/USD.IDEALPRO,IDEALPRO-001,O-20250210-072400-001-MA_CROSS-896,O-20250210-083000-001-MA_CROSS-899,SELL,FLAT,0.00,100000.00,1739172240000000000,2025-02-10 07:24:00+00:00,1739176200000000000,2025-02-10 08:30:00+00:00,3960000000000.0,1.031730000001,1.031679999999,['4.12 USD'],5e-05,0.88 USD,True
BACKTESTER-001,MovingAverageCrossover-MA_CROSS,EUR/USD.IDEALPRO,IDEALPRO-001,O-20250210-101600-001-MA_CROSS-900,O-20250210-104600-001-MA_CROSS-903,SELL,FLAT,0.00,100000.00,1739182560000000000,2025-02-10 10:16:00+00:00,1739184360000000000,2025-02-10 10:46:00+00:00,1800000000000.0,1.032600000001,1.033369999999,['4.14 USD'],-0.00075,-81.14 USD,True
BACKTESTER-001,MovingAverageCrossover-MA_CROSS,EUR/USD.IDEALPRO,IDEALPRO-001,O-20250210-114600-001-MA_CROSS-904,O-20250210-131600-001-MA_CROSS-907,SELL,FLAT,0.00,100000.00,1739187960000000000,2025-02-10 11:46:00+00:00,1739193360000000000,2025-02-10 13:16:00+00:00,5400000000000.0,1.0326900000010002,1.0322299999990001,['4.13 USD'],0.00045,41.87 USD,True
BACKTESTER-001,MovingAverageCrossover-MA_CROSS,EUR/USD.IDEALPRO,IDEALPRO-001,O-20250210-140600-001-MA_CROSS-908,O-20250210-151600-001-MA_CROSS-911,SELL,FLAT,0.00,100000.00,1739196360000000000,2025-02-10 14:06:00+00:00,1739200560000000000,2025-02-10 15:16:00+00:00,4200000000000.0,1.031960000001,1.031419999999,['4.12 USD'],0.00052,49.88 USD,True
BACKTESTER-001,MovingAverageCrossover-MA_CROSS,EUR/USD.IDEALPRO,IDEALPRO-001,O-20250210-161600-001-MA_CROSS-912,O-20250210-170600-001-MA_CROSS-915,SELL,FLAT,0.00,100000.00,1739204160000000000,2025-02-10 16:16:00+00:00,1739207160000000000,2025-02-10 17:06:00+00:00,3000000000000.0,1.0312900000010001,1.031419999999,['4.12 USD'],-0.00013,-17.12 USD,True
BACKTESTER-001,MovingAverageCrossover-MA_CROSS,EUR/USD.IDEALPRO,IDEALPRO-001,O-20250210-174600-001-MA_CROSS-916,O-20250210-222000-001-MA_CROSS-919,SELL,FLAT,0.00,100000.00,1739209560000000000,2025-02-10 17:46:00+00:00,1739226000000000000,2025-02-10 22:20:00+00:00,16440000000000.0,1.030870000001,1.0309599999990002,['4.12 USD'],-9e-05,-13.12 USD,True
BACKTESTER-001,MovingAverageCrossover-MA_CROSS,EUR/USD.IDEALPRO,IDEALPRO-001,O-20250210-225000-001-MA_CROSS-920,O-20250211-003000-001-MA_CROSS-923,SELL,FLAT,0.00,100000.00,1739227800000000000,2025-02-10 22:50:00+00:00,1739233800000000000,2025-02-11 00:30:00+00:00,6000000000000.0,1.030540000001,1.030439999999,['4.12 USD'],0.0001,5.88 USD,True
BACKTESTER-001,MovingAverageCrossover-MA_CROSS,EUR/USD.IDEALPRO,IDEALPRO-001,O-20250211-030200-001-MA_CROSS-924,O-20250211-034600-001-MA_CROSS-927,SELL,FLAT,0.00,100000.00,1739242920000000000,2025-02-11 03:02:00+00:00,1739245560000000000,2025-02-11 03:46:00+00:00,2640000000000.0,1.029320000001,1.029989999999,['4.12 USD'],-0.00065,-71.12 USD,True
BACKTESTER-001,MovingAverageCrossover-MA_CROSS,EUR/USD.IDEALPRO,IDEALPRO-001,O-20250211-070200-001-MA_CROSS-928,O-20250211-082200-001-MA_CROSS-931,SELL,FLAT,0.00,100000.00,1739257320000000000,2025-02-11 07:02:00+00:00,1739262120000000000,2025-02-11 08:22:00+00:00,4800000000000.0,1.0303400000010001,1.0306899999990002,['4.12 USD'],-0.00034,-39.12 USD,True
BACKTESTER-001,MovingAverageCrossover-MA_CROSS,EUR/USD.IDEALPRO,IDEALPRO-001,O-20250211-093000-001-MA_CROSS-932,O-20250211-095800-001-MA_CROSS-935,SELL,FLAT,0.00,100000.00,1739266200000000000,2025-02-11 09:30:00+00:00,1739267880000000000,2025-02-11 09:58:00+00:00,1680000000000.0,1.0313700000009998,1.031779999999,['4.12 USD'],-0.0004,-45.12 USD,True
BACKTESTER-001,MovingAverageCrossover-MA_CROSS,EUR/USD.IDEALPRO,IDEALPRO-001,O-20250211-104600-001-MA_CROSS-936,O-20250211-111600-001-MA_CROSS-939,SELL,FLAT,0.00,100000.00,1739270760000000000,2025-02-11 10:46:00+00:00,1739272560000000000,2025-02-11 11:16:00+00:00,1800000000000.0,1.0315400000009998,1.0320699999990002,['4.12 USD'],-0.00051,-57.12 USD,True
BACKTESTER-001,MovingAverageCrossover-MA_CROSS,EUR/USD.IDEALPRO,IDEALPRO-001,O-20250211-130200-001-MA_CROSS-940,O-20250211-140000-001-MA_CROSS-943,SELL,FLAT,0.00,100000.00,1739278920000000000,2025-02-11 13:02:00+00:00,1739282400000000000,2025-02-11 14:00:00+00:00,3480000000000.0,1.0320400000010002,1.032259999999,['4.12 USD'],-0.00021,-26.12 USD,True
BACKTESTER-001,MovingAverageCrossover-MA_CROSS,EUR/USD.IDEALPRO,IDEALPRO-001,O-20250211-190200-001-MA_CROSS-944,O-20250211-193400-001-MA_CROSS-947,SELL,FLAT,0.00,100000.00,1739300520000000000,2025-02-11 19:02:00+00:00,1739302440000000000,2025-02-11 19:34:00+00:00,1920000000000.0,1.034600000001,1.0348799999990002,['4.14 USD'],-0.00027,-32.14 USD,True
BACKTESTER-001,MovingAverageCrossover-MA_CROSS,EUR/USD.IDEALPRO,IDEALPRO-001,O-20250212-000600-001-MA_CROSS-948,O-20250212-054600-001-MA_CROSS-951,SELL,FLAT,0.00,100000.00,1739318760000000000,2025-02-12 00:06:00+00:00,1739339160000000000,2025-02-12 05:46:00+00:00,20400000000000.0,1.035980000001,1.035849999999,['4.14 USD'],0.00013,8.86 USD,True
BACKTESTER-001,MovingAverageCrossover-MA_CROSS,EUR/USD.IDEALPRO,IDEALPRO-001,O-20250212-090000-001-MA_CROSS-952,O-20250212-100000-001-MA_CROSS-955,SELL,FLAT,0.00,100000.00,1739350800000000000,2025-02-12 09:00:00+00:00,1739354400000000000,2025-02-12 10:00:00+00:00,3600000000000.0,1.0371200000010001,1.037369999999,['4.14 USD'],-0.00024,-29.14 USD,True
BACKTESTER-001,MovingAverageCrossover-MA_CROSS,EUR/USD.IDEALPRO,IDEALPRO-001,O-20250212-120000-001-MA_CROSS-956,O-20250212-120000-001-MA_CROSS-958,SELL,FLAT,0.00,100000.00,1739361600000000000,2025-02-12 12:00:00+00:00,1739367060000000000,2025-02-12 13:31:00+00:00,5460000000000.0,1.037520000001,1.03503,['4.15 USD'],0.0024,244.85 USD,True
BACKTESTER-001,MovingAverageCrossover-MA_CROSS,EUR/USD.IDEALPRO,IDEALPRO-001,O-20250212-141600-001-MA_CROSS-959,O-20250212-151600-001-MA_CROSS-962,BUY,FLAT,0.00,100000.00,1739369760000000000,2025-02-12 14:16:00+00:00,1739373360000000000,2025-02-12 15:16:00+00:00,3600000000000.0,1.0342799999990002,1.0342500000009998,['4.14 USD'],-3e-05,-7.14 USD,True
BACKTESTER-001,MovingAverageCrossover-MA_CROSS,EUR/USD.IDEALPRO,IDEALPRO-001,O-20250212-153000-001-MA_CROSS-963,O-20250212-161600-001-MA_CROSS-966,BUY,FLAT,0.00,100000.00,1739374200000000000,2025-02-12 15:30:00+00:00,1739376960000000000,2025-02-12 16:16:00+00:00,2760000000000.0,1.035959999999,1.035560000001,['4.14 USD'],-0.00039,-44.14 USD,True
BACKTESTER-001,MovingAverageCrossover-MA_CROSS,EUR/USD.IDEALPRO,IDEALPRO-001,O-20250212-164200-001-MA_CROSS-967,O-20250212-164200-001-MA_CROSS-969,BUY,FLAT,0.00,100000.00,1739378520000000000,2025-02-12 16:42:00+00:00,1739379420000000000,2025-02-12 16:57:00+00:00,900000000000.0,1.0364899999989998,1.03898,['4.15 USD'],0.0024,244.85 USD,True
BACKTESTER-001,MovingAverageCrossover-MA_CROSS,EUR/USD.IDEALPRO,IDEALPRO-001,O-20250212-190200-001-MA_CROSS-970,O-20250212-223200-001-MA_CROSS-973,SELL,FLAT,0.00,100000.00,1739386920000000000,2025-02-12 19:02:00+00:00,1739399520000000000,2025-02-12 22:32:00+00:00,12600000000000.0,1.0390900000010002,1.038769999999,['4.16 USD'],0.00031,27.84 USD,True
BACKTESTER-001,MovingAverageCrossover-MA_CROSS,EUR/USD.IDEALPRO,IDEALPRO-001,O-20250213-010000-001-MA_CROSS-974,O-20250213-010000-001-MA_CROSS-975,SELL,FLAT,0.00,100000.00,1739408400000000000,2025-02-13 01:00:00+00:00,1739411220000000000,2025-02-13 01:47:00+00:00,2820000000000.0,1.0389600000010002,1.039979999999,['4.16 USD'],-0.00098,-106.16 USD,True
BACKTESTER-001,MovingAverageCrossover-MA_CROSS,EUR/USD.IDEALPRO,IDEALPRO-001,O-20250213-031600-001-MA_CROSS-977,O-20250213-031600-001-MA_CROSS-979,BUY,FLAT,0.00,100000.00,1739416560000000000,2025-02-13 03:16:00+00:00,1739421600000000000,2025-02-13 04:40:00+00:00,5040000000000.0,1.0409899999990002,1.04348,['4.17 USD'],0.00239,244.83 USD,True
BACKTESTER-001,MovingAverageCrossover-MA_CROSS,EUR/USD.IDEALPRO,IDEALPRO-001,O-20250213-064600-001-MA_CROSS-980,O-20250213-100000-001-MA_CROSS-983,SELL,FLAT,0.00,100000.00,1739429160000000000,2025-02-13 06:46:00+00:00,1739440800000000000,2025-02-13 10:00:00+00:00,11640000000000.0,1.0433200000010001,1.042329999999,['4.17 USD'],0.00095,94.83 USD,True
BACKTESTER-001,MovingAverageCrossover-MA_CROSS,EUR/USD.IDEALPRO,IDEALPRO-001,O-20250213-104600-001-MA_CROSS-984,O-20250213-111600-001-MA_CROSS-987,SELL,FLAT,0.00,100000.00,1739443560000000000,2025-02-13 10:46:00+00:00,1739445360000000000,2025-02-13 11:16:00+00:00,1800000000000.0,1.0420000000010001,1.042289999999,['4.16 USD'],-0.00028,-33.16 USD,True
BACKTESTER-001,MovingAverageCrossover-MA_CROSS,EUR/USD.IDEALPRO,IDEALPRO-001,O-20250213-114600-001-MA_CROSS-988,O-20250213-114600-001-MA_CROSS-990,SELL,FLAT,0.00,100000.00,1739447160000000000,2025-02-13 11:46:00+00:00,1739447520000000000,2025-02-13 11:52:00+00:00,360000000000.0,1.0419700000010002,1.03948,['4.16 USD'],0.00239,244.84 USD,True
BACKTESTER-001,MovingAverageCrossover-MA_CROSS,EUR/USD.IDEALPRO,IDEALPRO-001,O-20250213-134600-001-MA_CROSS-991,O-20250213-140200-001-MA_CROSS-994,BUY,FLAT,0.00,100000.00,1739454360000000000,2025-02-13 13:46:00+00:00,1739455320000000000,2025-02-13 14:02:00+00:00,960000000000.0,1.0395499999989999,1.038950000001,['4.16 USD'],-0.00058,-64.16 USD,True
BACKTESTER-001,MovingAverageCrossover-MA_CROSS,EUR/USD.IDEALPRO,IDEALPRO-001,O-20250213-145000-001-MA_CROSS-995,O-20250213-145000-001-MA_CROSS-997,BUY,FLAT,0.00,100000.00,1739458200000000000,2025-02-13 14:50:00+00:00,1739459580000000000,2025-02-13 15:13:00+00:00,1380000000000.0,1.039709999999,1.0422000000000002,['4.16 USD'],0.00239,244.84 USD,True
BACKTESTER-001,MovingAverageCrossover-MA_CROSS,EUR/USD.IDEALPRO,IDEALPRO-001,O-20250213-175400-001-MA_CROSS-998,O-20250213-175400-001-MA_CROSS-1000,SELL,FLAT,0.00,100000.00,1739469240000000000,2025-02-13 17:54:00+00:00,1739472120000000000,2025-02-13 18:42:00+00:00,2880000000000.0,1.0429200000010002,1.04043,['4.17 USD'],0.00239,244.83 USD,True
BACKTESTER-001,MovingAverageCrossover-MA_CROSS,EUR/USD.IDEALPRO,IDEALPRO-001,O-20250213-190800-001-MA_CROSS-1001,O-20250213-190800-001-MA_CROSS-1003,BUY,FLAT,0.00,100000.00,1739473680000000000,2025-02-13 19:08:00+00:00,1739478000000000000,2025-02-13 20:20:00+00:00,4320000000000.0,1.0430499999990002,1.04554,['4.18 USD'],0.00239,244.82 USD,True
BACKTESTER-001,MovingAverageCrossover-MA_CROSS,EUR/USD.IDEALPRO,IDEALPRO-001,O-20250214-005600-001-MA_CROSS-1004,O-20250214-060200-001-MA_CROSS-1007,SELL,FLAT,0.00,100000.00,1739494560000000000,2025-02-14 00:56:00+00:00,1739512920000000000,2025-02-14 06:02:00+00:00,18360000000000.0,1.045910000001,1.045409999999,['4.18 USD'],0.00048,45.82 USD,True
BACKTESTER-001,MovingAverageCrossover-MA_CROSS,EUR/USD.IDEALPRO,IDEALPRO-001,O-20250214-103200-001-MA_CROSS-1008,O-20250214-130200-001-MA_CROSS-1011,SELL,FLAT,0.00,100000.00,1739529120000000000,2025-02-14 10:32:00+00:00,1739538120000000000,2025-02-14 13:02:00+00:00,9000000000000.0,1.047690000001,1.047409999999,['4.19 USD'],0.00027,23.81 USD,True
BACKTESTER-001,MovingAverageCrossover-MA_CROSS,EUR/USD.IDEALPRO,IDEALPRO-001,O-20250214-153000-001-MA_CROSS-1012,O-20250214-153000-001-MA_CROSS-1013,SELL,FLAT,0.00,100000.00,1739547000000000000,2025-02-14 15:30:00+00:00,1739547420000000000,2025-02-14 15:37:00+00:00,420000000000.0,1.0491500000010001,1.0501699999990002,['4.20 USD'],-0.00097,-106.20 USD,True
BACKTESTER-001,MovingAverageCrossover-MA_CROSS,EUR/USD.IDEALPRO,IDEALPRO-001,O-20250214-154600-001-MA_CROSS-1015,O-20250214-163200-001-MA_CROSS-1018,BUY,FLAT,0.00,100000.00,1739547960000000000,2025-02-14 15:46:00+00:00,1739550720000000000,2025-02-14 16:32:00+00:00,2760000000000.0,1.050929999999,1.0503100000010002,['4.20 USD'],-0.00059,-66.20 USD,True
BACKTESTER-001,MovingAverageCrossover-MA_CROSS,EUR/USD.IDEALPRO,IDEALPRO-001,O-20250214-173600-001-MA_CROSS-1019,O-20250214-191600-001-MA_CROSS-1022,BUY,FLAT,0.00,100000.00,1739554560000000000,2025-02-14 17:36:00+00:00,1739560560000000000,2025-02-14 19:16:00+00:00,6000000000000.0,1.0500799999989998,1.050100000001,['4.20 USD'],2e-05,-2.20 USD,True
BACKTESTER-001,MovingAverageCrossover-MA_CROSS,EUR/USD.IDEALPRO,IDEALPRO-001,O-20250217-004600-001-MA_CROSS-1023,O-20250217-033000-001-MA_CROSS-1026,BUY,FLAT,0.00,100000.00,1739753160000000000,2025-02-17 00:46:00+00:00,1739763000000000000,2025-02-17 03:30:00+00:00,9840000000000.0,1.0488899999990002,1.049570000001,['4.20 USD'],0.00065,63.80 USD,True
BACKTESTER-001,MovingAverageCrossover-MA_CROSS,EUR/USD.IDEALPRO,IDEALPRO-001,O-20250217-044600-001-MA_CROSS-1027,O-20250217-052200-001-MA_CROSS-1030,BUY,FLAT,0.00,100000.00,1739767560000000000,2025-02-17 04:46:00+00:00,1739769720000000000,2025-02-17 05:22:00+00:00,2160000000000.0,1.049509999999,1.049000000001,['4.20 USD'],-0.00049,-55.20 USD,True
BACKTESTER-001,MovingAverageCrossover-MA_CROSS,EUR/USD.IDEALPRO,IDEALPRO-001,O-20250217-063000-001-MA_CROSS-1031,O-20250217-073000-001-MA_CROSS-1034,BUY,FLAT,0.00,100000.00,1739773800000000000,2025-02-17 06:30:00+00:00,1739777400000000000,2025-02-17 07:30:00+00:00,3600000000000.0,1.0490799999990001,1.048840000001,['4.20 USD'],-0.00023,-28.20 USD,True
BACKTESTER-001,MovingAverageCrossover-MA_CROSS,EUR/USD.IDEALPRO,IDEALPRO-001,O-20250217-101600-001-MA_CROSS-1035,O-20250217-113200-001-MA_CROSS-1038,BUY,FLAT,0.00,100000.00,1739787360000000000,2025-02-17 10:16:00+00:00,1739791920000000000,2025-02-17 11:32:00+00:00,4560000000000.0,1.0483099999990002,1.048230000001,['4.20 USD'],-8e-05,-12.20 USD,True
BACKTESTER-001,MovingAverageCrossover-MA_CROSS,EUR/USD.IDEALPRO,IDEALPRO-001,O-20250217-140200-001-MA_CROSS-1039,O-20250217-142600-001-MA_CROSS-1042,BUY,FLAT,0.00,100000.00,1739800920000000000,2025-02-17 14:02:00+00:00,1739802360000000000,2025-02-17 14:26:00+00:00,1440000000000.0,1.047449999999,1.0472900000010001,['4.18 USD'],-0.00015,-20.18 USD,True
BACKTESTER-001,MovingAverageCrossover-MA_CROSS,EUR/USD.IDEALPRO,IDEALPRO-001,O-20250217-144800-001-MA_CROSS-1043,O-20250217-161800-001-MA_CROSS-1046,BUY,FLAT,0.00,100000.00,1739803680000000000,2025-02-17 14:48:00+00:00,1739809080000000000,2025-02-17 16:18:00+00:00,5400000000000.0,1.047579999999,1.047820000001,['4.20 USD'],0.00023,19.80 USD,True
BACKTESTER-001,MovingAverageCrossover-MA_CROSS,EUR/USD.IDEALPRO,IDEALPRO-001,O-20250217-163200-001-MA_CROSS-1047,O-20250217-164600-001-MA_CROSS-1050,BUY,FLAT,0.00,100000.00,1739809920000000000,2025-02-17 16:32:00+00:00,1739810760000000000,2025-02-17 16:46:00+00:00,840000000000.0,1.048289999999,1.0478400000010002,['4.20 USD'],-0.00043,-49.20 USD,True
BACKTESTER-001,MovingAverageCrossover-MA_CROSS,EUR/USD.IDEALPRO,IDEALPRO-001,O-20250217-171800-001-MA_CROSS-1051,O-20250217-195000-001-MA_CROSS-1054,BUY,FLAT,0.00,100000.00,1739812680000000000,2025-02-17 17:18:00+00:00,1739821800000000000,2025-02-17 19:50:00+00:00,9120000000000.0,1.0482399999990002,1.0481000000010001,['4.20 USD'],-0.00013,-18.20 USD,True
BACKTESTER-001,MovingAverageCrossover-MA_CROSS,EUR/USD.IDEALPRO,IDEALPRO-001,O-20250218-000200-001-MA_CROSS-1055,O-20250218-003000-001-MA_CROSS-1058,BUY,FLAT,0.00,100000.00,1739836920000000000,2025-02-18 00:02:00+00:00,1739838600000000000,2025-02-18 00:30:00+00:00,1680000000000.0,1.0484099999990002,1.0480100000010002,['4.20 USD'],-0.00038,-44.20 USD,True
BACKTESTER-001,MovingAverageCrossover-MA_CROSS,EUR/USD.IDEALPRO,IDEALPRO-001,O-20250218-063000-001-MA_CROSS-1059,O-20250218-073400-001-MA_CROSS-1062,BUY,FLAT,0.00,100000.00,1739860200000000000,2025-02-18 06:30:00+00:00,1739864040000000000,2025-02-18 07:34:00+00:00,3840000000000.0,1.045859999999,1.046040000001,['4.18 USD'],0.00017,13.82 USD,True
BACKTESTER-001,MovingAverageCrossover-MA_CROSS,EUR/USD.IDEALPRO,IDEALPRO-001,O-20250218-074600-001-MA_CROSS-1063,O-20250218-074600-001-MA_CROSS-1064,BUY,FLAT,0.00,100000.00,1739864760000000000,2025-02-18 07:46:00+00:00,1739866320000000000,2025-02-18 08:12:00+00:00,1560000000000.0,1.0467399999990001,1.045720000001,['4.18 USD'],-0.00097,-106.18 USD,True
BACKTESTER-001,MovingAverageCrossover-MA_CROSS,EUR/USD.IDEALPRO,IDEALPRO-001,O-20250218-081600-001-MA_CROSS-1066,O-20250218-083000-001-MA_CROSS-1069,SELL,FLAT,0.00,100000.00,1739866560000000000,2025-02-18 08:16:00+00:00,1739867400000000000,2025-02-18 08:30:00+00:00,840000000000.0,1.0459000000010001,1.046599999999,['4.18 USD'],-0.00067,-74.18 USD,True
BACKTESTER-001,MovingAverageCrossover-MA_CROSS,EUR/USD.IDEALPRO,IDEALPRO-001,O-20250218-090000-001-MA_CROSS-1070,O-20250218-100000-001-MA_CROSS-1073,SELL,FLAT,0.00,100000.00,1739869200000000000,2025-02-18 09:00:00+00:00,1739872800000000000,2025-02-18 10:00:00+00:00,3600000000000.0,1.0456700000010002,1.0463999999990001,['4.18 USD'],-0.0007,-77.18 USD,True
BACKTESTER-001,MovingAverageCrossover-MA_CROSS,EUR/USD.IDEALPRO,IDEALPRO-001,O-20250218-103200-001-MA_CROSS-1074,O-20250218-111600-001-MA_CROSS-1077,SELL,FLAT,0.00,100000.00,1739874720000000000,2025-02-18 10:32:00+00:00,1739877360000000000,2025-02-18 11:16:00+00:00,2640000000000.0,1.0460800000009998,1.046389999999,['4.18 USD'],-0.0003,-35.18 USD,True
BACKTESTER-001,MovingAverageCrossover-MA_CROSS,EUR/USD.IDEALPRO,IDEALPRO-001,O-20250218-130400-001-MA_CROSS-1078,O-20250218-143000-001-MA_CROSS-1081,SELL,FLAT,0.00,100000.00,1739883840000000000,2025-02-18 13:04:00+00:00,1739889000000000000,2025-02-18 14:30:00+00:00,5160000000000.0,1.0452300000010002,1.0452499999990001,['4.18 USD'],-2e-05,-6.18 USD,True
BACKTESTER-001,MovingAverageCrossover-MA_CROSS,EUR/USD.IDEALPRO,IDEALPRO-001,O-20250218-164600-001-MA_CROSS-1082,O-20250218-193000-001-MA_CROSS-1085,SELL,FLAT,0.00,100000.00,1739897160000000000,2025-02-18 16:46:00+00:00,1739907000000000000,2025-02-18 19:30:00+00:00,9840000000000.0,1.045790000001,1.044689999999,['4.18 USD'],0.00105,105.82 USD,True
BACKTESTER-001,MovingAverageCrossover-MA_CROSS,EUR/USD.IDEALPRO,IDEALPRO-001,O-20250218-203000-001-MA_CROSS-1086,O-20250218-205200-001-MA_CROSS-1089,SELL,FLAT,0.00,100000.00,1739910600000000000,2025-02-18 20:30:00+00:00,1739911920000000000,2025-02-18 20:52:00+00:00,1320000000000.0,1.0442800000010002,1.044699999999,['4.18 USD'],-0.0004,-46.18 USD,True
BACKTESTER-001,MovingAverageCrossover-MA_CROSS,EUR/USD.IDEALPRO,IDEALPRO-001,O-20250219-001600-001-MA_CROSS-1090,O-20250219-003200-001-MA_CROSS-1093,SELL,FLAT,0.00,100000.00,1739924160000000000,2025-02-19 00:16:00+00:00,1739925120000000000,2025-02-19 00:32:00+00:00,960000000000.0,1.044470000001,1.044869999999,['4.18 USD'],-0.00038,-44.18 USD,True
BACKTESTER-001,MovingAverageCrossover-MA_CROSS,EUR/USD.IDEALPRO,IDEALPRO-001,O-20250219-053000-001-MA_CROSS-1094,O-20250219-054600-001-MA_CROSS-1097,SELL,FLAT,0.00,100000.00,1739943000000000000,2025-02-19 05:30:00+00:00,1739943960000000000,2025-02-19 05:46:00+00:00,960000000000.0,1.0450200000010001,1.045439999999,['4.18 USD'],-0.0004,-46.18 USD,True
BACKTESTER-001,MovingAverageCrossover-MA_CROSS,EUR/USD.IDEALPRO,IDEALPRO-001,O-20250219-071200-001-MA_CROSS-1098,O-20250219-075200-001-MA_CROSS-1101,SELL,FLAT,0.00,100000.00,1739949120000000000,2025-02-19 07:12:00+00:00,1739951520000000000,2025-02-19 07:52:00+00:00,2400000000000.0,1.045380000001,1.0455299999990002,['4.18 USD'],-0.00014,-19.18 USD,True
BACKTESTER-001,MovingAverageCrossover-MA_CROSS,EUR/USD.IDEALPRO,IDEALPRO-001,O-20250219-080400-001-MA_CROSS-1102,O-20250219-080400-001-MA_CROSS-1104,SELL,FLAT,0.00,100000.00,1739952240000000000,2025-02-19 08:04:00+00:00,1739959740000000000,2025-02-19 10:09:00+00:00,7500000000000.0,1.0451000000009998,1.04261,['4.18 USD'],0.00238,244.82 USD,True
BACKTESTER-001,MovingAverageCrossover-MA_CROSS,EUR/USD.IDEALPRO,IDEALPRO-001,O-20250219-111600-001-MA_CROSS-1105,O-20250219-114000-001-MA_CROSS-1108,BUY,FLAT,0.00,100000.00,1739963760000000000,2025-02-19 11:16:00+00:00,1739965200000000000,2025-02-19 11:40:00+00:00,1440000000000.0,1.043039999999,1.0423500000010002,['4.17 USD'],-0.00066,-73.17 USD,True
BACKTESTER-001,MovingAverageCrossover-MA_CROSS,EUR/USD.IDEALPRO,IDEALPRO-001,O-20250219-131600-001-MA_CROSS-1109,O-20250219-133400-001-MA_CROSS-1112,BUY,FLAT,0.00,100000.00,1739970960000000000,2025-02-19 13:16:00+00:00,1739972040000000000,2025-02-19 13:34:00+00:00,1080000000000.0,1.043299999999,1.0427200000010002,['4.18 USD'],-0.00056,-62.18 USD,True
BACKTESTER-001,MovingAverageCrossover-MA_CROSS,EUR/USD.IDEALPRO,IDEALPRO-001,O-20250219-134800-001-MA_CROSS-1113,O-20250219-143200-001-MA_CROSS-1116,BUY,FLAT,0.00,100000.00,1739972880000000000,2025-02-19 13:48:00+00:00,1739975520000000000,2025-02-19 14:32:00+00:00,2640000000000.0,1.043419999999,1.043130000001,['4.18 USD'],-0.00028,-33.18 USD,True
BACKTESTER-001,MovingAverageCrossover-MA_CROSS,EUR/USD.IDEALPRO,IDEALPRO-001,O-20250219-145600-001-MA_CROSS-1117,O-20250219-154800-001-MA_CROSS-1120,BUY,FLAT,0.00,100000.00,1739976960000000000,2025-02-19 14:56:00+00:00,1739980080000000000,2025-02-19 15:48:00+00:00,3120000000000.0,1.043579999999,1.0430500000010001,['4.18 USD'],-0.00051,-57.18 USD,True
BACKTESTER-001,MovingAverageCrossover-MA_CROSS,EUR/USD.IDEALPRO,IDEALPRO-001,O-20250219-191600-001-MA_CROSS-1121,O-20250219-203000-001-MA_CROSS-1124,BUY,FLAT,0.00,100000.00,1739992560000000000,2025-02-19 19:16:00+00:00,1739997000000000000,2025-02-19 20:30:00+00:00,4440000000000.0,1.042809999999,1.0423100000010002,['4.17 USD'],-0.00048,-54.17 USD,True
BACKTESTER-001,MovingAverageCrossover-MA_CROSS,EUR/USD.IDEALPRO,IDEALPRO-001,O-20250219-210000-001-MA_CROSS-1125,O-20250220-033000-001-MA_CROSS-1128,BUY,FLAT,0.00,100000.00,1739998800000000000,2025-02-19 21:00:00+00:00,1740022200000000000,2025-02-20 03:30:00+00:00,23400000000000.0,1.0425399999990002,1.042840000001,['4.18 USD'],0.00029,25.82 USD,True
BACKTESTER-001,MovingAverageCrossover-MA_CROSS,EUR/USD.IDEALPRO,IDEALPRO-001,O-20250220-034800-001-MA_CROSS-1129,O-20250220-040800-001-MA_CROSS-1132,BUY,FLAT,0.00,100000.00,1740023280000000000,2025-02-20 03:48:00+00:00,1740024480000000000,2025-02-20 04:08:00+00:00,1200000000000.0,1.0433299999990002,1.0428800000010001,['4.18 USD'],-0.00043,-49.18 USD,True
BACKTESTER-001,MovingAverageCrossover-MA_CROSS,EUR/USD.IDEALPRO,IDEALPRO-001,O-20250220-050000-001-MA_CROSS-1133,O-20250220-054000-001-MA_CROSS-1136,BUY,FLAT,0.00,100000.00,1740027600000000000,2025-02-20 05:00:00+00:00,1740030000000000000,2025-02-20 05:40:00+00:00,2400000000000.0,1.043039999999,1.0429200000010002,['4.18 USD'],-0.00012,-16.18 USD,True
BACKTESTER-001,MovingAverageCrossover-MA_CROSS,EUR/USD.IDEALPRO,IDEALPRO-001,O-20250220-061600-001-MA_CROSS-1137,O-20250220-065200-001-MA_CROSS-1140,BUY,FLAT,0.00,100000.00,1740032160000000000,2025-02-20 06:16:00+00:00,1740034320000000000,2025-02-20 06:52:00+00:00,2160000000000.0,1.043079999999,1.043030000001,['4.18 USD'],-5e-05,-9.18 USD,True
BACKTESTER-001,MovingAverageCrossover-MA_CROSS,EUR/USD.IDEALPRO,IDEALPRO-001,O-20250220-073200-001-MA_CROSS-1141,O-20250220-084600-001-MA_CROSS-1144,BUY,FLAT,0.00,100000.00,1740036720000000000,2025-02-20 07:32:00+00:00,1740041160000000000,2025-02-20 08:46:00+00:00,4440000000000.0,1.043069999999,1.043160000001,['4.18 USD'],9e-05,4.82 USD,True
BACKTESTER-001,MovingAverageCrossover-MA_CROSS,EUR/USD.IDEALPRO,IDEALPRO-001,O-20250220-091800-001-MA_CROSS-1145,O-20250220-093800-001-MA_CROSS-1148,BUY,FLAT,0.00,100000.00,1740043080000000000,2025-02-20 09:18:00+00:00,1740044280000000000,2025-02-20 09:38:00+00:00,1200000000000.0,1.043609999999,1.0432000000009998,['4.18 USD'],-0.00039,-45.18 USD,True
BACKTESTER-001,MovingAverageCrossover-MA_CROSS,EUR/USD.IDEALPRO,IDEALPRO-001,O-20250220-100000-001-MA_CROSS-1149,O-20250220-114600-001-MA_CROSS-1152,BUY,FLAT,0.00,100000.00,1740045600000000000,2025-02-20 10:00:00+00:00,1740051960000000000,2025-02-20 11:46:00+00:00,6360000000000.0,1.0437199999990001,1.043420000001,['4.18 USD'],-0.00029,-34.18 USD,True
BACKTESTER-001,MovingAverageCrossover-MA_CROSS,EUR/USD.IDEALPRO,IDEALPRO-001,O-20250220-131600-001-MA_CROSS-1153,O-20250220-150200-001-MA_CROSS-1156,BUY,FLAT,0.00,100000.00,1740057360000000000,2025-02-20 13:16:00+00:00,1740063720000000000,2025-02-20 15:02:00+00:00,6360000000000.0,1.0445999999989999,1.044310000001,['4.18 USD'],-0.00028,-33.18 USD,True
BACKTESTER-001,MovingAverageCrossover-MA_CROSS,EUR/USD.IDEALPRO,IDEALPRO-001,O-20250220-151600-001-MA_CROSS-1157,O-20250220-151600-001-MA_CROSS-1159,BUY,FLAT,0.00,100000.00,1740064560000000000,2025-02-20 15:16:00+00:00,1740071460000000000,2025-02-20 17:11:00+00:00,6900000000000.0,1.045689999999,1.04818,['4.19 USD'],0.00238,244.81 USD,True
BACKTESTER-001,MovingAverageCrossover-MA_CROSS,EUR/USD.IDEALPRO,IDEALPRO-001,O-20250220-223200-001-MA_CROSS-1160,O-20250221-030200-001-MA_CROSS-1163,SELL,FLAT,0.00,100000.00,1740090720000000000,2025-02-20 22:32:00+00:00,1740106920000000000,2025-02-21 03:02:00+00:00,16200000000000.0,1.0497600000010001,1.0500799999989998,['4.20 USD'],-0.0003,-36.20 USD,True
BACKTESTER-001,MovingAverageCrossover-MA_CROSS,EUR/USD.IDEALPRO,IDEALPRO-001,O-20250221-050000-001-MA_CROSS-1164,O-20250221-071600-001-MA_CROSS-1167,SELL,FLAT,0.00,100000.00,1740114000000000000,2025-02-21 05:00:00+00:00,1740122160000000000,2025-02-21 07:16:00+00:00,8160000000000.0,1.0499000000010001,1.0496699999990002,['4.20 USD'],0.00022,18.80 USD,True
BACKTESTER-001,MovingAverageCrossover-MA_CROSS,EUR/USD.IDEALPRO,IDEALPRO-001,O-20250221-080000-001-MA_CROSS-1168,O-20250221-080000-001-MA_CROSS-1170,SELL,FLAT,0.00,100000.00,1740124800000000000,2025-02-21 08:00:00+00:00,1740131940000000000,2025-02-21 09:59:00+00:00,7140000000000.0,1.0492200000010001,1.04673,['4.19 USD'],0.00237,244.81 USD,True
BACKTESTER-001,MovingAverageCrossover-MA_CROSS,EUR/USD.IDEALPRO,IDEALPRO-001,O-20250221-132800-001-MA_CROSS-1171,O-20250221-151600-001-MA_CROSS-1174,BUY,FLAT,0.00,100000.00,1740144480000000000,2025-02-21 13:28:00+00:00,1740150960000000000,2025-02-21 15:16:00+00:00,6480000000000.0,1.0467699999990001,1.0465500000010002,['4.18 USD'],-0.00021,-26.18 USD,True
BACKTESTER-001,MovingAverageCrossover-MA_CROSS,EUR/USD.IDEALPRO,IDEALPRO-001,O-20250221-174600-001-MA_CROSS-1175,O-20250221-174600-001-MA_CROSS-1176,BUY,FLAT,0.00,100000.00,1740159960000000000,2025-02-21 17:46:00+00:00,1740162900000000000,2025-02-21 18:35:00+00:00,2940000000000.0,1.0461999999990002,1.045180000001,['4.18 USD'],-0.00097,-106.18 USD,True
BACKTESTER-001,MovingAverageCrossover-MA_CROSS,EUR/USD.IDEALPRO,IDEALPRO-001,O-20250221-200000-001-MA_CROSS-1178,O-20250223-223200-001-MA_CROSS-1181,SELL,FLAT,0.00,100000.00,1740168000000000000,2025-02-21 20:00:00+00:00,1740349920000000000,2025-02-23 22:32:00+00:00,181920000000000.0,1.046200000001,1.046659999999,['4.18 USD'],-0.00044,-50.18 USD,True
BACKTESTER-001,MovingAverageCrossover-MA_CROSS,EUR/USD.IDEALPRO,IDEALPRO-001,O-20250224-000200-001-MA_CROSS-1182,O-20250224-001600-001-MA_CROSS-1185,SELL,FLAT,0.00,100000.00,1740355320000000000,2025-02-24 00:02:00+00:00,1740356160000000000,2025-02-24 00:16:00+00:00,840000000000.0,1.047250000001,1.048229999999,['4.19 USD'],-0.00094,-102.19 USD,True
BACKTESTER-001,MovingAverageCrossover-MA_CROSS,EUR/USD.IDEALPRO,IDEALPRO-001,O-20250224-040400-001-MA_CROSS-1186,O-20250224-054600-001-MA_CROSS-1189,SELL,FLAT,0.00,100000.00,1740369840000000000,2025-02-24 04:04:00+00:00,1740375960000000000,2025-02-24 05:46:00+00:00,6120000000000.0,1.051780000001,1.051779999999,['4.20 USD'],0.0,-4.20 USD,True
BACKTESTER-001,MovingAverageCrossover-MA_CROSS,EUR/USD.IDEALPRO,IDEALPRO-001,O-20250224-060600-001-MA_CROSS-1190,O-20250224-070400-001-MA_CROSS-1193,SELL,FLAT,0.00,100000.00,1740377160000000000,2025-02-24 06:06:00+00:00,1740380640000000000,2025-02-24 07:04:00+00:00,3480000000000.0,1.051130000001,1.0511899999990002,['4.20 USD'],-6e-05,-10.20 USD,True
BACKTESTER-001,MovingAverageCrossover-MA_CROSS,EUR/USD.IDEALPRO,IDEALPRO-001,O-20250224-073000-001-MA_CROSS-1194,O-20250224-073000-001-MA_CROSS-1196,SELL,FLAT,0.00,100000.00,1740382200000000000,2025-02-24 07:30:00+00:00,1740385020000000000,2025-02-24 08:17:00+00:00,2820000000000.0,1.050440000001,1.04795,['4.20 USD'],0.00237,244.80 USD,True
BACKTESTER-001,MovingAverageCrossover-MA_CROSS,EUR/USD.IDEALPRO,IDEALPRO-001,O-20250224-110000-001-MA_CROSS-1197,O-20250224-110000-001-MA_CROSS-1198,BUY,FLAT,0.00,100000.00,1740394800000000000,2025-02-24 11:00:00+00:00,1740395880000000000,2025-02-24 11:18:00+00:00,1080000000000.0,1.0480399999990002,1.047020000001,['4.19 USD'],-0.00097,-106.19 USD,True
BACKTESTER-001,MovingAverageCrossover-MA_CROSS,EUR/USD.IDEALPRO,IDEALPRO-001,O-20250224-111800-001-MA_CROSS-1200,O-20250224-131600-001-MA_CROSS-1203,SELL,FLAT,0.00,100000.00,1740395880000000000,2025-02-24 11:18:00+00:00,1740402960000000000,2025-02-24 13:16:00+00:00,7080000000000.0,1.047080000001,1.0470599999990002,['4.18 USD'],2e-05,-2.18 USD,True
BACKTESTER-001,MovingAverageCrossover-MA_CROSS,EUR/USD.IDEALPRO,IDEALPRO-001,O-20250224-140000-001-MA_CROSS-1204,O-20250224-151600-001-MA_CROSS-1207,SELL,FLAT,0.00,100000.00,1740405600000000000,2025-02-24 14:00:00+00:00,1740410160000000000,2025-02-24 15:16:00+00:00,4560000000000.0,1.046690000001,1.046839999999,['4.18 USD'],-0.00014,-19.18 USD,True
BACKTESTER-001,MovingAverageCrossover-MA_CROSS,EUR/USD.IDEALPRO,IDEALPRO-001,O-20250224-180000-001-MA_CROSS-1208,O-20250224-180000-001-MA_CROSS-1209,SELL,FLAT,0.00,100000.00,1740420000000000000,2025-02-24 18:00:00+00:00,1740421260000000000,2025-02-24 18:21:00+00:00,1260000000000.0,1.047250000001,1.0482699999990002,['4.19 USD'],-0.00097,-106.19 USD,True
BACKTESTER-001,MovingAverageCrossover-MA_CROSS,EUR/USD.IDEALPRO,IDEALPRO-001,O-20250224-223000-001-MA_CROSS-1211,O-20250225-002000-001-MA_CROSS-1214,BUY,FLAT,0.00,100000.00,1740436200000000000,2025-02-24 22:30:00+00:00,1740442800000000000,2025-02-25 00:20:00+00:00,6600000000000.0,1.046809999999,1.046030000001,['4.18 USD'],-0.00075,-82.18 USD,True
BACKTESTER-001,MovingAverageCrossover-MA_CROSS,EUR/USD.IDEALPRO,IDEALPRO-001,O-20250225-041800-001-MA_CROSS-1215,O-20250225-050200-001-MA_CROSS-1218,BUY,FLAT,0.00,100000.00,1740457080000000000,2025-02-25 04:18:00+00:00,1740459720000000000,2025-02-25 05:02:00+00:00,2640000000000.0,1.0475299999990002,1.047310000001,['4.19 USD'],-0.00021,-26.19 USD,True
BACKTESTER-001,MovingAverageCrossover-MA_CROSS,EUR/USD.IDEALPRO,IDEALPRO-001,O-20250225-054200-001-MA_CROSS-1219,O-20250225-065000-001-MA_CROSS-1222,BUY,FLAT,0.00,100000.00,1740462120000000000,2025-02-25 05:42:00+00:00,1740466200000000000,2025-02-25 06:50:00+00:00,4080000000000.0,1.047639999999,1.047480000001,['4.19 USD'],-0.00015,-20.19 USD,True
BACKTESTER-001,MovingAverageCrossover-MA_CROSS,EUR/USD.IDEALPRO,IDEALPRO-001,O-20250225-081600-001-MA_CROSS-1223,O-20250225-081600-001-MA_CROSS-1224,BUY,FLAT,0.00,100000.00,1740471360000000000,2025-02-25 08:16:00+00:00,1740472140000000000,2025-02-25 08:29:00+00:00,780000000000.0,1.047709999999,1.046690000001,['4.19 USD'],-0.00097,-106.19 USD,True
BACKTESTER-001,MovingAverageCrossover-MA_CROSS,EUR/USD.IDEALPRO,IDEALPRO-001,O-20250225-083200-001-MA_CROSS-1226,O-20250225-090400-001-MA_CROSS-1229,SELL,FLAT,0.00,100000.00,1740472320000000000,2025-02-25 08:32:00+00:00,1740474240000000000,2025-02-25 09:04:00+00:00,1920000000000.0,1.0466200000010002,1.047239999999,['4.18 USD'],-0.00059,-66.18 USD,True
BACKTESTER-001,MovingAverageCrossover-MA_CROSS,EUR/USD.IDEALPRO,IDEALPRO-001,O-20250225-094600-001-MA_CROSS-1230,O-20250225-104600-001-MA_CROSS-1233,SELL,FLAT,0.00,100000.00,1740476760000000000,2025-02-25 09:46:00+00:00,1740480360000000000,2025-02-25 10:46:00+00:00,3600000000000.0,1.046990000001,1.0472299999990002,['4.18 USD'],-0.00023,-28.18 USD,True
BACKTESTER-001,MovingAverageCrossover-MA_CROSS,EUR/USD.IDEALPRO,IDEALPRO-001,O-20250225-141600-001-MA_CROSS-1234,O-20250225-143000-001-MA_CROSS-1237,SELL,FLAT,0.00,100000.00,1740492960000000000,2025-02-25 14:16:00+00:00,1740493800000000000,2025-02-25 14:30:00+00:00,840000000000.0,1.0497000000010002,1.050429999999,['4.20 USD'],-0.0007,-77.20 USD,True
BACKTESTER-001,MovingAverageCrossover-MA_CROSS,EUR/USD.IDEALPRO,IDEALPRO-001,O-20250225-154600-001-MA_CROSS-1238,O-20250225-164200-001-MA_CROSS-1241,SELL,FLAT,0.00,100000.00,1740498360000000000,2025-02-25 15:46:00+00:00,1740501720000000000,2025-02-25 16:42:00+00:00,3360000000000.0,1.0505400000010001,1.050389999999,['4.20 USD'],0.00014,10.80 USD,True
BACKTESTER-001,MovingAverageCrossover-MA_CROSS,EUR/USD.IDEALPRO,IDEALPRO-001,O-20250225-170200-001-MA_CROSS-1242,O-20250225-174600-001-MA_CROSS-1245,SELL,FLAT,0.00,100000.00,1740502920000000000,2025-02-25 17:02:00+00:00,1740505560000000000,2025-02-25 17:46:00+00:00,2640000000000.0,1.049650000001,1.0497299999990002,['4.20 USD'],-8e-05,-12.20 USD,True
BACKTESTER-001,MovingAverageCrossover-MA_CROSS,EUR/USD.IDEALPRO,IDEALPRO-001,O-20250225-193000-001-MA_CROSS-1246,O-20250225-195000-001-MA_CROSS-1249,SELL,FLAT,0.00,100000.00,1740511800000000000,2025-02-25 19:30:00+00:00,1740513000000000000,2025-02-25 19:50:00+00:00,1200000000000.0,1.050640000001,1.051019999999,['4.20 USD'],-0.00036,-42.20 USD,True
BACKTESTER-001,MovingAverageCrossover-MA_CROSS,EUR/USD.IDEALPRO,IDEALPRO-001,O-20250225-222200-001-MA_CROSS-1250,O-20250225-222200-001-MA_CROSS-1251,SELL,FLAT,0.00,100000.00,1740522120000000000,2025-02-25 22:22:00+00:00,1740528780000000000,2025-02-26 00:13:00+00:00,6660000000000.0,1.0513200000010001,1.0523499999989998,['4.20 USD'],-0.00098,-107.20 USD,True
BACKTESTER-001,MovingAverageCrossover-MA_CROSS,EUR/USD.IDEALPRO,IDEALPRO-001,O-20250226-001600-001-MA_CROSS-1253,O-20250226-001600-001-MA_CROSS-1254,BUY,FLAT,0.00,100000.00,1740528960000000000,2025-02-26 00:16:00+00:00,1740535560000000000,2025-02-26 02:06:00+00:00,6600000000000.0,1.052369999999,1.051350000001,['4.20 USD'],-0.00097,-106.20 USD,True
BACKTESTER-001,MovingAverageCrossover-MA_CROSS,EUR/USD.IDEALPRO,IDEALPRO-001,O-20250226-032400-001-MA_CROSS-1256,O-20250226-070000-001-MA_CROSS-1259,SELL,FLAT,0.00,100000.00,1740540240000000000,2025-02-26 03:24:00+00:00,1740553200000000000,2025-02-26 07:00:00+00:00,12960000000000.0,1.050440000001,1.0494499999990001,['4.20 USD'],0.00094,94.80 USD,True
BACKTESTER-001,MovingAverageCrossover-MA_CROSS,EUR/USD.IDEALPRO,IDEALPRO-001,O-20250226-080200-001-MA_CROSS-1260,O-20250226-081600-001-MA_CROSS-1263,SELL,FLAT,0.00,100000.00,1740556920000000000,2025-02-26 08:02:00+00:00,1740557760000000000,2025-02-26 08:16:00+00:00,840000000000.0,1.049380000001,1.0501699999990002,['4.20 USD'],-0.00075,-83.20 USD,True
BACKTESTER-001,MovingAverageCrossover-MA_CROSS,EUR/USD.IDEALPRO,IDEALPRO-001,O-20250226-084800-001-MA_CROSS-1264,O-20250226-111600-001-MA_CROSS-1267,SELL,FLAT,0.00,100000.00,1740559680000000000,2025-02-26 08:48:00+00:00,1740568560000000000,2025-02-26 11:16:00+00:00,8880000000000.0,1.049610000001,1.050089999999,['4.20 USD'],-0.00046,-52.20 USD,True
BACKTESTER-001,MovingAverageCrossover-MA_CROSS,EUR/USD.IDEALPRO,IDEALPRO-001,O-20250226-113000-001-MA_CROSS-1268,O-20250226-131800-001-MA_CROSS-1271,SELL,FLAT,0.00,100000.00,1740569400000000000,2025-02-26 11:30:00+00:00,1740575880000000000,2025-02-26 13:18:00+00:00,6480000000000.0,1.0494600000010001,1.0488399999990001,['4.20 USD'],0.00059,57.80 USD,True
BACKTESTER-001,MovingAverageCrossover-MA_CROSS,EUR/USD.IDEALPRO,IDEALPRO-001,O-20250226-134800-001-MA_CROSS-1272,O-20250226-142400-001-MA_CROSS-1275,SELL,FLAT,0.00,100000.00,1740577680000000000,2025-02-26 13:48:00+00:00,1740579840000000000,2025-02-26 14:24:00+00:00,2160000000000.0,1.048570000001,1.0488199999990002,['4.20 USD'],-0.00024,-29.20 USD,True
BACKTESTER-001,MovingAverageCrossover-MA_CROSS,EUR/USD.IDEALPRO,IDEALPRO-001,O-20250226-151600-001-MA_CROSS-1276,O-20250226-151600-001-MA_CROSS-1277,SELL,FLAT,0.00,100000.00,1740582960000000000,2025-02-26 15:16:00+00:00,1740583740000000000,2025-02-26 15:29:00+00:00,780000000000.0,1.0484800000010002,1.0494999999990002,['4.20 USD'],-0.00097,-106.20 USD,True
BACKTESTER-001,MovingAverageCrossover-MA_CROSS,EUR/USD.IDEALPRO,IDEALPRO-001,O-20250226-153200-001-MA_CROSS-1279,O-20250226-153200-001-MA_CROSS-1281,BUY,FLAT,0.00,100000.00,1740583920000000000,2025-02-26 15:32:00+00:00,1740591000000000000,2025-02-26 17:30:00+00:00,7080000000000.0,1.0497999999990002,1.05229,['4.20 USD'],0.00237,244.80 USD,True
BACKTESTER-001,MovingAverageCrossover-MA_CROSS,EUR/USD.IDEALPRO,IDEALPRO-001,O-20250226-174600-001-MA_CROSS-1282,O-20250226-221700-001-MA_CROSS-1285,SELL,FLAT,0.00,100000.00,1740591960000000000,2025-02-26 17:46:00+00:00,1740608220000000000,2025-02-26 22:17:00+00:00,16260000000000.0,1.0495900000010001,1.0484999999990001,['4.20 USD'],0.00104,104.80 USD,True
BACKTESTER-001,MovingAverageCrossover-MA_CROSS,EUR/USD.IDEALPRO,IDEALPRO-001,O-20250227-001600-001-MA_CROSS-1286,O-20250227-060200-001-MA_CROSS-1289,SELL,FLAT,0.00,100000.00,1740615360000000000,2025-02-27 00:16:00+00:00,1740636120000000000,2025-02-27 06:02:00+00:00,20760000000000.0,1.0483100000010002,1.046599999999,['4.19 USD'],0.00163,166.81 USD,True
BACKTESTER-001,MovingAverageCrossover-MA_CROSS,EUR/USD.IDEALPRO,IDEALPRO-001,O-20250227-083000-001-MA_CROSS-1290,O-20250227-085400-001-MA_CROSS-1293,SELL,FLAT,0.00,100000.00,1740645000000000000,2025-02-27 08:30:00+00:00,1740646440000000000,2025-02-27 08:54:00+00:00,1440000000000.0,1.047110000001,1.047779999999,['4.19 USD'],-0.00064,-71.19 USD,True
BACKTESTER-001,MovingAverageCrossover-MA_CROSS,EUR/USD.IDEALPRO,IDEALPRO-001,O-20250227-101600-001-MA_CROSS-1294,O-20250227-105600-001-MA_CROSS-1297,SELL,FLAT,0.00,100000.00,1740651360000000000,2025-02-27 10:16:00+00:00,1740653760000000000,2025-02-27 10:56:00+00:00,2400000000000.0,1.0478400000010002,1.047879999999,['4.20 USD'],-4e-05,-8.20 USD,True
BACKTESTER-001,MovingAverageCrossover-MA_CROSS,EUR/USD.IDEALPRO,IDEALPRO-001,O-20250227-113000-001-MA_CROSS-1298,O-20250227-113000-001-MA_CROSS-1299,SELL,FLAT,0.00,100000.00,1740655800000000000,2025-02-27 11:30:00+00:00,1740663060000000000,2025-02-27 13:31:00+00:00,7260000000000.0,1.0477600000010001,1.0487799999990002,['4.20 USD'],-0.00097,-106.20 USD,True
BACKTESTER-001,MovingAverageCrossover-MA_CROSS,EUR/USD.IDEALPRO,IDEALPRO-001,O-20250227-190200-001-MA_CROSS-1301,O-20250227-193000-001-MA_CROSS-1304,BUY,FLAT,0.00,100000.00,1740682920000000000,2025-02-27 19:02:00+00:00,1740684600000000000,2025-02-27 19:30:00+00:00,1680000000000.0,1.041659999999,1.041010000001,['4.16 USD'],-0.00062,-69.16 USD,True
BACKTESTER-001,MovingAverageCrossover-MA_CROSS,EUR/USD.IDEALPRO,IDEALPRO-001,O-20250228-002200-001-MA_CROSS-1305,O-20250228-002200-001-MA_CROSS-1306,BUY,FLAT,0.00,100000.00,1740702120000000000,2025-02-28 00:22:00+00:00,1740706800000000000,2025-02-28 01:40:00+00:00,4680000000000.0,1.039909999999,1.0388900000010002,['4.16 USD'],-0.00098,-106.16 USD,True
BACKTESTER-001,MovingAverageCrossover-MA_CROSS,EUR/USD.IDEALPRO,IDEALPRO-001,O-20250228-030200-001-MA_CROSS-1308,O-20250228-033200-001-MA_CROSS-1311,SELL,FLAT,0.00,100000.00,1740711720000000000,2025-02-28 03:02:00+00:00,1740713520000000000,2025-02-28 03:32:00+00:00,1800000000000.0,1.038300000001,1.0388799999990002,['4.16 USD'],-0.00056,-62.16 USD,True
BACKTESTER-001,MovingAverageCrossover-MA_CROSS,EUR/USD.IDEALPRO,IDEALPRO-001,O-20250228-050000-001-MA_CROSS-1312,O-20250228-053000-001-MA_CROSS-1315,SELL,FLAT,0.00,100000.00,1740718800000000000,2025-02-28 05:00:00+00:00,1740720600000000000,2025-02-28 05:30:00+00:00,1800000000000.0,1.0386500000010002,1.038869999999,['4.16 USD'],-0.00021,-26.16 USD,True
BACKTESTER-001,MovingAverageCrossover-MA_CROSS,EUR/USD.IDEALPRO,IDEALPRO-001,O-20250228-061600-001-MA_CROSS-1316,O-20250228-070400-001-MA_CROSS-1319,SELL,FLAT,0.00,100000.00,1740723360000000000,2025-02-28 06:16:00+00:00,1740726240000000000,2025-02-28 07:04:00+00:00,2880000000000.0,1.038670000001,1.0387899999990002,['4.16 USD'],-0.00012,-16.16 USD,True
BACKTESTER-001,MovingAverageCrossover-MA_CROSS,EUR/USD.IDEALPRO,IDEALPRO-001,O-20250228-100000-001-MA_CROSS-1320,O-20250228-104600-001-MA_CROSS-1323,SELL,FLAT,0.00,100000.00,1740736800000000000,2025-02-28 10:00:00+00:00,1740739560000000000,2025-02-28 10:46:00+00:00,2760000000000.0,1.039530000001,1.0404099999990002,['4.16 USD'],-0.00085,-92.16 USD,True
BACKTESTER-001,MovingAverageCrossover-MA_CROSS,EUR/USD.IDEALPRO,IDEALPRO-001,O-20250228-111400-001-MA_CROSS-1324,O-20250228-115600-001-MA_CROSS-1327,SELL,FLAT,0.00,100000.00,1740741240000000000,2025-02-28 11:14:00+00:00,1740743760000000000,2025-02-28 11:56:00+00:00,2520000000000.0,1.0395400000009998,1.039879999999,['4.16 USD'],-0.00033,-38.16 USD,True
BACKTESTER-001,MovingAverageCrossover-MA_CROSS,EUR/USD.IDEALPRO,IDEALPRO-001,O-20250228-135400-001-MA_CROSS-1328,O-20250228-142200-001-MA_CROSS-1331,SELL,FLAT,0.00,100000.00,1740750840000000000,2025-02-28 13:54:00+00:00,1740752520000000000,2025-02-28 14:22:00+00:00,1680000000000.0,1.0407900000010002,1.0413799999989999,['4.16 USD'],-0.00057,-63.16 USD,True
BACKTESTER-001,MovingAverageCrossover-MA_CROSS,EUR/USD.IDEALPRO,IDEALPRO-001,O-20250228-144600-001-MA_CROSS-1332,O-20250228-144600-001-MA_CROSS-1333,SELL,FLAT,0.00,100000.00,1740753960000000000,2025-02-28 14:46:00+00:00,1740754860000000000,2025-02-28 15:01:00+00:00,900000000000.0,1.0402400000010001,1.0412599999990002,['4.16 USD'],-0.00098,-106.16 USD,True
BACKTESTER-001,MovingAverageCrossover-MA_CROSS,EUR/USD.IDEALPRO,IDEALPRO-001,O-20250228-150400-001-MA_CROSS-1335,O-20250228-155000-001-MA_CROSS-1338,BUY,FLAT,0.00,100000.00,1740755040000000000,2025-02-28 15:04:00+00:00,1740757800000000000,2025-02-28 15:50:00+00:00,2760000000000.0,1.0413299999990002,1.0406500000010002,['4.16 USD'],-0.00065,-72.16 USD,True
BACKTESTER-001,MovingAverageCrossover-MA_CROSS,EUR/USD.IDEALPRO,IDEALPRO-001,O-20250228-171600-001-MA_CROSS-1339,O-20250228-171600-001-MA_CROSS-1340,BUY,FLAT,0.00,100000.00,1740762960000000000,2025-02-28 17:16:00+00:00,1740763440000000000,2025-02-28 17:24:00+00:00,480000000000.0,1.0406699999990001,1.039650000001,['4.16 USD'],-0.00098,-106.16 USD,True
BACKTESTER-001,MovingAverageCrossover-MA_CROSS,EUR/USD.IDEALPRO,IDEALPRO-001,O-20250228-173000-001-MA_CROSS-1342,O-20250228-173000-001-MA_CROSS-1344,SELL,FLAT,0.00,100000.00,1740763800000000000,2025-02-28 17:30:00+00:00,1740766800000000000,2025-02-28 18:20:00+00:00,3000000000000.0,1.040480000001,1.0379900000000002,['4.16 USD'],0.00239,244.84 USD,True
BACKTESTER-001,MovingAverageCrossover-MA_CROSS,EUR/USD.IDEALPRO,IDEALPRO-001,O-20250228-210000-001-MA_CROSS-1345,O-20250228-210000-001-MA_CROSS-1347,BUY,FLAT,0.00,100000.00,1740776400000000000,2025-02-28 21:00:00+00:00,1740953760000000000,2025-03-02 22:16:00+00:00,177360000000000.0,1.037519999999,1.04001,['4.16 USD'],0.0024,244.84 USD,True
BACKTESTER-001,MovingAverageCrossover-MA_CROSS,EUR/USD.IDEALPRO,IDEALPRO-001,O-20250303-010000-001-MA_CROSS-1348,O-20250303-010000-001-MA_CROSS-1349,SELL,FLAT,0.00,100000.00,1740963600000000000,2025-03-03 01:00:00+00:00,1740964140000000000,2025-03-03 01:09:00+00:00,540000000000.0,1.040940000001,1.0419599999990001,['4.16 USD'],-0.00098,-106.16 USD,True
BACKTESTER-001,MovingAverageCrossover-MA_CROSS,EUR/USD.IDEALPRO,IDEALPRO-001,O-20250303-034400-001-MA_CROSS-1351,O-20250303-050600-001-MA_CROSS-1354,BUY,FLAT,0.00,100000.00,1740973440000000000,2025-03-03 03:44:00+00:00,1740978360000000000,2025-03-03 05:06:00+00:00,4920000000000.0,1.041709999999,1.0415600000010001,['4.16 USD'],-0.00014,-19.16 USD,True
BACKTESTER-001,MovingAverageCrossover-MA_CROSS,EUR/USD.IDEALPRO,IDEALPRO-001,O-20250303-074600-001-MA_CROSS-1355,O-20250303-080200-001-MA_CROSS-1358,BUY,FLAT,0.00,100000.00,1740987960000000000,2025-03-03 07:46:00+00:00,1740988920000000000,2025-03-03 08:02:00+00:00,960000000000.0,1.0408099999990001,1.040200000001,['4.16 USD'],-0.00059,-65.16 USD,True
BACKTESTER-001,MovingAverageCrossover-MA_CROSS,EUR/USD.IDEALPRO,IDEALPRO-001,O-20250303-090200-001-MA_CROSS-1359,O-20250303-090200-001-MA_CROSS-1361,BUY,FLAT,0.00,100000.00,1740992520000000000,2025-03-03 09:02:00+00:00,1740995820000000000,2025-03-03 09:57:00+00:00,3300000000000.0,1.0403799999990002,1.04287,['4.17 USD'],0.00239,244.83 USD,True
BACKTESTER-001,MovingAverageCrossover-MA_CROSS,EUR/USD.IDEALPRO,IDEALPRO-001,O-20250303-160000-001-MA_CROSS-1362,O-20250303-160000-001-MA_CROSS-1363,SELL,FLAT,0.00,100000.00,1741017600000000000,2025-03-03 16:00:00+00:00,1741018260000000000,2025-03-03 16:11:00+00:00,660000000000.0,1.0484500000010002,1.049469999999,['4.20 USD'],-0.00097,-106.20 USD,True
BACKTESTER-001,MovingAverageCrossover-MA_CROSS,EUR/USD.IDEALPRO,IDEALPRO-001,O-20250303-161600-001-MA_CROSS-1365,O-20250303-172200-001-MA_CROSS-1368,BUY,FLAT,0.00,100000.00,1741018560000000000,2025-03-03 16:16:00+00:00,1741022520000000000,2025-03-03 17:22:00+00:00,3960000000000.0,1.049109999999,1.0491900000010002,['4.20 USD'],8e-05,3.80 USD,True
BACKTESTER-001,MovingAverageCrossover-MA_CROSS,EUR/USD.IDEALPRO,IDEALPRO-001,O-20250303-193200-001-MA_CROSS-1369,O-20250303-193200-001-MA_CROSS-1370,BUY,FLAT,0.00,100000.00,1741030320000000000,2025-03-03 19:32:00+00:00,1741031520000000000,2025-03-03 19:52:00+00:00,1200000000000.0,1.0490599999990002,1.0480400000010002,['4.20 USD'],-0.00097,-106.20 USD,True
BACKTESTER-001,MovingAverageCrossover-MA_CROSS,EUR/USD.IDEALPRO,IDEALPRO-001,O-20250303-200000-001-MA_CROSS-1372,O-20250303-200000-001-MA_CROSS-1373,SELL,FLAT,0.00,100000.00,1741032000000000000,2025-03-03 20:00:00+00:00,1741032360000000000,2025-03-03 20:06:00+00:00,360000000000.0,1.0472900000010001,1.0483099999990002,['4.19 USD'],-0.00097,-106.19 USD,True
BACKTESTER-001,MovingAverageCrossover-MA_CROSS,EUR/USD.IDEALPRO,IDEALPRO-001,O-20250304-003000-001-MA_CROSS-1375,O-20250304-010000-001-MA_CROSS-1378,SELL,FLAT,0.00,100000.00,1741048200000000000,2025-03-04 00:30:00+00:00,1741050000000000000,2025-03-04 01:00:00+00:00,1800000000000.0,1.048160000001,1.048829999999,['4.20 USD'],-0.00064,-71.20 USD,True
BACKTESTER-001,MovingAverageCrossover-MA_CROSS,EUR/USD.IDEALPRO,IDEALPRO-001,O-20250304-030200-001-MA_CROSS-1379,O-20250304-044600-001-MA_CROSS-1382,SELL,FLAT,0.00,100000.00,1741057320000000000,2025-03-04 03:02:00+00:00,1741063560000000000,2025-03-04 04:46:00+00:00,6240000000000.0,1.0480700000010001,1.0478899999990001,['4.20 USD'],0.00017,13.80 USD,True
BACKTESTER-001,MovingAverageCrossover-MA_CROSS,EUR/USD.IDEALPRO,IDEALPRO-001,O-20250304-061600-001-MA_CROSS-1383,O-20250304-063000-001-MA_CROSS-1386,SELL,FLAT,0.00,100000.00,1741068960000000000,2025-03-04 06:16:00+00:00,1741069800000000000,2025-03-04 06:30:00+00:00,840000000000.0,1.048060000001,1.0488399999990001,['4.20 USD'],-0.00074,-82.20 USD,True
BACKTESTER-001,MovingAverageCrossover-MA_CROSS,EUR/USD.IDEALPRO,IDEALPRO-001,O-20250304-073000-001-MA_CROSS-1387,O-20250304-073000-001-MA_CROSS-1388,SELL,FLAT,0.00,100000.00,1741073400000000000,2025-03-04 07:30:00+00:00,1741074300000000000,2025-03-04 07:45:00+00:00,900000000000.0,1.048340000001,1.0493599999990002,['4.20 USD'],-0.00097,-106.20 USD,True
BACKTESTER-001,MovingAverageCrossover-MA_CROSS,EUR/USD.IDEALPRO,IDEALPRO-001,O-20250304-074600-001-MA_CROSS-1390,O-20250304-074600-001-MA_CROSS-1392,BUY,FLAT,0.00,100000.00,1741074360000000000,2025-03-04 07:46:00+00:00,1741077120000000000,2025-03-04 08:32:00+00:00,2760000000000.0,1.049579999999,1.05207,['4.20 USD'],0.00237,244.80 USD,True
BACKTESTER-001,MovingAverageCrossover-MA_CROSS,EUR/USD.IDEALPRO,IDEALPRO-001,O-20250304-102200-001-MA_CROSS-1393,O-20250304-104600-001-MA_CROSS-1396,SELL,FLAT,0.00,100000.00,1741083720000000000,2025-03-04 10:22:00+00:00,1741085160000000000,2025-03-04 10:46:00+00:00,1440000000000.0,1.050730000001,1.051709999999,['4.20 USD'],-0.00093,-102.20 USD,True
BACKTESTER-001,MovingAverageCrossover-MA_CROSS,EUR/USD.IDEALPRO,IDEALPRO-001,O-20250304-133000-001-MA_CROSS-1397,O-20250304-133000-001-MA_CROSS-1399,SELL,FLAT,0.00,100000.00,1741095000000000000,2025-03-04 13:30:00+00:00,1741101420000000000,2025-03-04 15:17:00+00:00,6420000000000.0,1.0539700000010002,1.05148,['4.21 USD'],0.00236,244.79 USD,True
BACKTESTER-001,MovingAverageCrossover-MA_CROSS,EUR/USD.IDEALPRO,IDEALPRO-001,O-20250304-154800-001-MA_CROSS-1400,O-20250304-154800-001-MA_CROSS-1402,BUY,FLAT,0.00,100000.00,1741103280000000000,2025-03-04 15:48:00+00:00,1741111740000000000,2025-03-04 18:09:00+00:00,8460000000000.0,1.0520699999990002,1.05456,['4.21 USD'],0.00237,244.79 USD,True
BACKTESTER-001,MovingAverageCrossover-MA_CROSS,EUR/USD.IDEALPRO,IDEALPRO-001,O-20250304-224600-001-MA_CROSS-1403,O-20250304-224600-001-MA_CROSS-1404,SELL,FLAT,0.00,100000.00,1741128360000000000,2025-03-04 22:46:00+00:00,1741129500000000000,2025-03-04 23:05:00+00:00,1140000000000.0,1.061880000001,1.062899999999,['4.25 USD'],-0.00096,-106.25 USD,True
BACKTESTER-001,MovingAverageCrossover-MA_CROSS,EUR/USD.IDEALPRO,IDEALPRO-001,O-20250305-010000-001-MA_CROSS-1406,O-20250305-010000-001-MA_CROSS-1407,BUY,FLAT,0.00,100000.00,1741136400000000000,2025-03-05 01:00:00+00:00,1741138260000000000,2025-03-05 01:31:00+00:00,1860000000000.0,1.062119999999,1.061100000001,['4.24 USD'],-0.00096,-106.24 USD,True
BACKTESTER-001,MovingAverageCrossover-MA_CROSS,EUR/USD.IDEALPRO,IDEALPRO-001,O-20250305-030200-001-MA_CROSS-1409,O-20250305-030200-001-MA_CROSS-1410,SELL,FLAT,0.00,100000.00,1741143720000000000,2025-03-05 03:02:00+00:00,1741146480000000000,2025-03-05 03:48:00+00:00,2760000000000.0,1.0604800000010002,1.0614999999990002,['4.24 USD'],-0.00096,-106.24 USD,True
BACKTESTER-001,MovingAverageCrossover-MA_CROSS,EUR/USD.IDEALPRO,IDEALPRO-001,O-20250305-040000-001-MA_CROSS-1412,O-20250305-063200-001-MA_CROSS-1415,BUY,FLAT,0.00,100000.00,1741147200000000000,2025-03-05 04:00:00+00:00,1741156320000000000,2025-03-05 06:32:00+00:00,9120000000000.0,1.0618299999990002,1.062790000001,['4.25 USD'],0.0009,91.75 USD,True
BACKTESTER-001,MovingAverageCrossover-MA_CROSS,EUR/USD.IDEALPRO,IDEALPRO-001,O-20250305-070200-001-MA_CROSS-1416,O-20250305-070200-001-MA_CROSS-1417,BUY,FLAT,0.00,100000.00,1741158120000000000,2025-03-05 07:02:00+00:00,1741159020000000000,2025-03-05 07:17:00+00:00,900000000000.0,1.0640699999990002,1.063050000001,['4.26 USD'],-0.00096,-106.26 USD,True
BACKTESTER-001,MovingAverageCrossover-MA_CROSS,EUR/USD.IDEALPRO,IDEALPRO-001,O-20250305-103000-001-MA_CROSS-1419,O-20250305-103000-001-MA_CROSS-1420,SELL,FLAT,0.00,100000.00,1741170600000000000,2025-03-05 10:30:00+00:00,1741172460000000000,2025-03-05 11:01:00+00:00,1860000000000.0,1.068770000001,1.069789999999,['4.28 USD'],-0.00095,-106.28 USD,True
BACKTESTER-001,MovingAverageCrossover-MA_CROSS,EUR/USD.IDEALPRO,IDEALPRO-001,O-20250305-133000-001-MA_CROSS-1422,O-20250305-133000-001-MA_CROSS-1424,BUY,FLAT,0.00,100000.00,1741181400000000000,2025-03-05 13:30:00+00:00,1741183560000000000,2025-03-05 14:06:00+00:00,2160000000000.0,1.070699999999,1.07319,['4.29 USD'],0.00233,244.71 USD,True
BACKTESTER-001,MovingAverageCrossover-MA_CROSS,EUR/USD.IDEALPRO,IDEALPRO-001,O-20250306-031600-001-MA_CROSS-1425,O-20250306-044600-001-MA_CROSS-1428,SELL,FLAT,0.00,100000.00,1741230960000000000,2025-03-06 03:16:00+00:00,1741236360000000000,2025-03-06 04:46:00+00:00,5400000000000.0,1.0798700000010002,1.079849999999,['4.32 USD'],2e-05,-2.32 USD,True
BACKTESTER-001,MovingAverageCrossover-MA_CROSS,EUR/USD.IDEALPRO,IDEALPRO-001,O-20250306-064600-001-MA_CROSS-1429,O-20250306-064600-001-MA_CROSS-1430,SELL,FLAT,0.00,100000.00,1741243560000000000,2025-03-06 06:46:00+00:00,1741245060000000000,2025-03-06 07:11:00+00:00,1500000000000.0,1.080560000001,1.0815799999990001,['4.32 USD'],-0.00094,-106.32 USD,True
BACKTESTER-001,MovingAverageCrossover-MA_CROSS,EUR/USD.IDEALPRO,IDEALPRO-001,O-20250306-074200-001-MA_CROSS-1432,O-20250306-074200-001-MA_CROSS-1433,BUY,FLAT,0.00,100000.00,1741246920000000000,2025-03-06 07:42:00+00:00,1741247640000000000,2025-03-06 07:54:00+00:00,720000000000.0,1.0816999999990002,1.0806800000010002,['4.32 USD'],-0.00094,-106.32 USD,True
BACKTESTER-001,MovingAverageCrossover-MA_CROSS,EUR/USD.IDEALPRO,IDEALPRO-001,O-20250306-080200-001-MA_CROSS-1435,O-20250306-080200-001-MA_CROSS-1436,SELL,FLAT,0.00,100000.00,1741248120000000000,2025-03-06 08:02:00+00:00,1741248600000000000,2025-03-06 08:10:00+00:00,480000000000.0,1.0795300000010002,1.080549999999,['4.32 USD'],-0.00094,-106.32 USD,True
BACKTESTER-001,MovingAverageCrossover-MA_CROSS,EUR/USD.IDEALPRO,IDEALPRO-001,O-20250306-084600-001-MA_CROSS-1438,O-20250306-084600-001-MA_CROSS-1439,BUY,FLAT,0.00,100000.00,1741250760000000000,2025-03-06 08:46:00+00:00,1741251480000000000,2025-03-06 08:58:00+00:00,720000000000.0,1.081239999999,1.080220000001,['4.32 USD'],-0.00094,-106.32 USD,True
BACKTESTER-001,MovingAverageCrossover-MA_CROSS,EUR/USD.IDEALPRO,IDEALPRO-001,O-20250306-090400-001-MA_CROSS-1441,O-20250306-100000-001-MA_CROSS-1444,SELL,FLAT,0.00,100000.00,1741251840000000000,2025-03-06 09:04:00+00:00,1741255200000000000,2025-03-06 10:00:00+00:00,3360000000000.0,1.080060000001,1.080009999999,['4.32 USD'],5e-05,0.68 USD,True
BACKTESTER-001,MovingAverageCrossover-MA_CROSS,EUR/USD.IDEALPRO,IDEALPRO-001,O-20250306-102000-001-MA_CROSS-1445,O-20250306-102000-001-MA_CROSS-1446,SELL,FLAT,0.00,100000.00,1741256400000000000,2025-03-06 10:20:00+00:00,1741257480000000000,2025-03-06 10:38:00+00:00,1080000000000.0,1.0786400000010001,1.0796599999990002,['4.32 USD'],-0.00095,-106.32 USD,True
BACKTESTER-001,MovingAverageCrossover-MA_CROSS,EUR/USD.IDEALPRO,IDEALPRO-001,O-20250306-104600-001-MA_CROSS-1448,O-20250306-110200-001-MA_CROSS-1451,BUY,FLAT,0.00,100000.00,1741257960000000000,2025-03-06 10:46:00+00:00,1741258920000000000,2025-03-06 11:02:00+00:00,960000000000.0,1.0795299999990002,1.079210000001,['4.32 USD'],-0.0003,-36.32 USD,True
BACKTESTER-001,MovingAverageCrossover-MA_CROSS,EUR/USD.IDEALPRO,IDEALPRO-001,O-20250306-114600-001-MA_CROSS-1452,O-20250306-114600-001-MA_CROSS-1453,BUY,FLAT,0.00,100000.00,1741261560000000000,2025-03-06 11:46:00+00:00,1741265460000000000,2025-03-06 12:51:00+00:00,3900000000000.0,1.080079999999,1.079060000001,['4.32 USD'],-0.00094,-106.32 USD,True
BACKTESTER-001,MovingAverageCrossover-MA_CROSS,EUR/USD.IDEALPRO,IDEALPRO-001,O-20250306-143800-001-MA_CROSS-1455,O-20250306-143800-001-MA_CROSS-1456,SELL,FLAT,0.00,100000.00,1741271880000000000,2025-03-06 14:38:00+00:00,1741271940000000000,2025-03-06 14:39:00+00:00,60000000000.0,1.0816600000010002,1.0826799999990002,['4.33 USD'],-0.00094,-106.33 USD,True
BACKTESTER-001,MovingAverageCrossover-MA_CROSS,EUR/USD.IDEALPRO,IDEALPRO-001,O-20250306-144600-001-MA_CROSS-1458,O-20250306-144600-001-MA_CROSS-1459,BUY,FLAT,0.00,100000.00,1741272360000000000,2025-03-06 14:46:00+00:00,1741272540000000000,2025-03-06 14:49:00+00:00,180000000000.0,1.083339999999,1.082320000001,['4.33 USD'],-0.00094,-106.33 USD,True
BACKTESTER-001,MovingAverageCrossover-MA_CROSS,EUR/USD.IDEALPRO,IDEALPRO-001,O-20250306-153000-001-MA_CROSS-1461,O-20250306-161600-001-MA_CROSS-1464,SELL,FLAT,0.00,100000.00,1741275000000000000,2025-03-06 15:30:00+00:00,1741277760000000000,2025-03-06 16:16:00+00:00,2760000000000.0,1.083110000001,1.082789999999,['4.34 USD'],0.0003,27.66 USD,True
BACKTESTER-001,MovingAverageCrossover-MA_CROSS,EUR/USD.IDEALPRO,IDEALPRO-001,O-20250306-165200-001-MA_CROSS-1465,O-20250306-165200-001-MA_CROSS-1467,SELL,FLAT,0.00,100000.00,1741279920000000000,2025-03-06 16:52:00+00:00,1741283460000000000,2025-03-06 17:51:00+00:00,3540000000000.0,1.082020000001,1.07951,['4.32 USD'],0.00232,246.68 USD,True
BACKTESTER-001,MovingAverageCrossover-MA_CROSS,EUR/USD.IDEALPRO,IDEALPRO-001,O-20250306-191600-001-MA_CROSS-1468,O-20250306-204600-001-MA_CROSS-1471,BUY,FLAT,0.00,100000.00,1741288560000000000,2025-03-06 19:16:00+00:00,1741293960000000000,2025-03-06 20:46:00+00:00,5400000000000.0,1.078739999999,1.078710000001,['4.32 USD'],-3e-05,-7.32 USD,True
BACKTESTER-001,MovingAverageCrossover-MA_CROSS,EUR/USD.IDEALPRO,IDEALPRO-001,O-20250306-224600-001-MA_CROSS-1472,O-20250307-000200-001-MA_CROSS-1475,BUY,FLAT,0.00,100000.00,1741301160000000000,2025-03-06 22:46:00+00:00,1741305720000000000,2025-03-07 00:02:00+00:00,4560000000000.0,1.078999999999,1.0788800000010002,['4.32 USD'],-0.00011,-16.32 USD,True
BACKTESTER-001,MovingAverageCrossover-MA_CROSS,EUR/USD.IDEALPRO,IDEALPRO-001,O-20250307-001600-001-MA_CROSS-1476,O-20250307-010000-001-MA_CROSS-1479,BUY,FLAT,0.00,100000.00,1741306560000000000,2025-03-07 00:16:00+00:00,1741309200000000000,2025-03-07 01:00:00+00:00,2640000000000.0,1.079069999999,1.078770000001,['4.32 USD'],-0.00028,-34.32 USD,True
BACKTESTER-001,MovingAverageCrossover-MA_CROSS,EUR/USD.IDEALPRO,IDEALPRO-001,O-20250307-031000-001-MA_CROSS-1480,O-20250307-031000-001-MA_CROSS-1482,BUY,FLAT,0.00,100000.00,1741317000000000000,2025-03-07 03:10:00+00:00,1741330680000000000,2025-03-07 06:58:00+00:00,13680000000000.0,1.0800199999990001,1.08251,['4.33 USD'],0.00231,244.67 USD,True
BACKTESTER-001,MovingAverageCrossover-MA_CROSS,EUR/USD.IDEALPRO,IDEALPRO-001,O-20250307-110200-001-MA_CROSS-1483,O-20250307-130200-001-MA_CROSS-1486,SELL,FLAT,0.00,100000.00,1741345320000000000,2025-03-07 11:02:00+00:00,1741352520000000000,2025-03-07 13:02:00+00:00,7200000000000.0,1.085750000001,1.085369999999,['4.34 USD'],0.00035,33.66 USD,True
BACKTESTER-001,MovingAverageCrossover-MA_CROSS,EUR/USD.IDEALPRO,IDEALPRO-001,O-20250307-140000-001-MA_CROSS-1487,O-20250307-140000-001-MA_CROSS-1488,SELL,FLAT,0.00,100000.00,1741356000000000000,2025-03-07 14:00:00+00:00,1741356180000000000,2025-03-07 14:03:00+00:00,180000000000.0,1.084470000001,1.0854899999990002,['4.34 USD'],-0.00094,-106.34 USD,True
BACKTESTER-001,MovingAverageCrossover-MA_CROSS,EUR/USD.IDEALPRO,IDEALPRO-001,O-20250307-143000-001-MA_CROSS-1490,O-20250307-143000-001-MA_CROSS-1491,BUY,FLAT,0.00,100000.00,1741357800000000000,2025-03-07 14:30:00+00:00,1741358880000000000,2025-03-07 14:48:00+00:00,1080000000000.0,1.086759999999,1.085740000001,['4.34 USD'],-0.00094,-106.34 USD,True
BACKTESTER-001,MovingAverageCrossover-MA_CROSS,EUR/USD.IDEALPRO,IDEALPRO-001,O-20250307-150000-001-MA_CROSS-1493,O-20250307-150000-001-MA_CROSS-1494,SELL,FLAT,0.00,100000.00,1741359600000000000,2025-03-07 15:00:00+00:00,1741362600000000000,2025-03-07 15:50:00+00:00,3000000000000.0,1.085370000001,1.086389999999,['4.34 USD'],-0.00094,-106.34 USD,True
BACKTESTER-001,MovingAverageCrossover-MA_CROSS,EUR/USD.IDEALPRO,IDEALPRO-001,O-20250307-160000-001-MA_CROSS-1496,O-20250307-160000-001-MA_CROSS-1497,BUY,FLAT,0.00,100000.00,1741363200000000000,2025-03-07 16:00:00+00:00,1741363680000000000,2025-03-07 16:08:00+00:00,480000000000.0,1.087029999999,1.086010000001,['4.34 USD'],-0.00094,-106.34 USD,True
BACKTESTER-001,MovingAverageCrossover-MA_CROSS,EUR/USD.IDEALPRO,IDEALPRO-001,O-20250307-163000-001-MA_CROSS-1499,O-20250307-163000-001-MA_CROSS-1500,SELL,FLAT,0.00,100000.00,1741365000000000000,2025-03-07 16:30:00+00:00,1741366620000000000,2025-03-07 16:57:00+00:00,1620000000000.0,1.084630000001,1.085649999999,['4.34 USD'],-0.00094,-106.34 USD,True
BACKTESTER-001,MovingAverageCrossover-MA_CROSS,EUR/USD.IDEALPRO,IDEALPRO-001,O-20250307-170000-001-MA_CROSS-1502,O-20250307-170000-001-MA_CROSS-1503,BUY,FLAT,0.00,100000.00,1741366800000000000,2025-03-07 17:00:00+00:00,1741367220000000000,2025-03-07 17:07:00+00:00,420000000000.0,1.085879999999,1.084860000001,['4.34 USD'],-0.00094,-106.34 USD,True
BACKTESTER-001,MovingAverageCrossover-MA_CROSS,EUR/USD.IDEALPRO,IDEALPRO-001,O-20250307-172000-001-MA_CROSS-1505,O-20250307-190200-001-MA_CROSS-1508,SELL,FLAT,0.00,100000.00,1741368000000000000,2025-03-07 17:20:00+00:00,1741374120000000000,2025-03-07 19:02:00+00:00,6120000000000.0,1.0842400000010002,1.083949999999,['4.34 USD'],0.00027,24.66 USD,True
BACKTESTER-001,MovingAverageCrossover-MA_CROSS,EUR/USD.IDEALPRO,IDEALPRO-001,O-20250309-225000-001-MA_CROSS-1509,O-20250309-225000-001-MA_CROSS-1510,SELL,FLAT,0.00,100000.00,1741560600000000000,2025-03-09 22:50:00+00:00,1741562040000000000,2025-03-09 23:14:00+00:00,1440000000000.0,1.0847800000010002,1.0857999999990002,['4.34 USD'],-0.00094,-106.34 USD,True
BACKTESTER-001,MovingAverageCrossover-MA_CROSS,EUR/USD.IDEALPRO,IDEALPRO-001,O-20250310-004600-001-MA_CROSS-1512,O-20250310-004600-001-MA_CROSS-1513,BUY,FLAT,0.00,100000.00,1741567560000000000,2025-03-10 00:46:00+00:00,1741570980000000000,2025-03-10 01:43:00+00:00,3420000000000.0,1.086649999999,1.0856300000010002,['4.34 USD'],-0.00094,-106.34 USD,True
BACKTESTER-001,MovingAverageCrossover-MA_CROSS,EUR/USD.IDEALPRO,IDEALPRO-001,O-20250310-033000-001-MA_CROSS-1515,O-20250310-054600-001-MA_CROSS-1518,SELL,FLAT,0.00,100000.00,1741577400000000000,2025-03-10 03:30:00+00:00,1741585560000000000,2025-03-10 05:46:00+00:00,8160000000000.0,1.083290000001,1.0834799999990001,['4.34 USD'],-0.00018,-23.34 USD,True
BACKTESTER-001,MovingAverageCrossover-MA_CROSS,EUR/USD.IDEALPRO,IDEALPRO-001,O-20250310-070000-001-MA_CROSS-1519,O-20250310-070000-001-MA_CROSS-1521,SELL,FLAT,0.00,100000.00,1741590000000000000,2025-03-10 07:00:00+00:00,1741593480000000000,2025-03-10 07:58:00+00:00,3480000000000.0,1.0837300000010002,1.08124,['4.33 USD'],0.0023,244.67 USD,True
BACKTESTER-001,MovingAverageCrossover-MA_CROSS,EUR/USD.IDEALPRO,IDEALPRO-001,O-20250310-093000-001-MA_CROSS-1522,O-20250310-093000-001-MA_CROSS-1524,BUY,FLAT,0.00,100000.00,1741599000000000000,2025-03-10 09:30:00+00:00,1741602420000000000,2025-03-10 10:27:00+00:00,3420000000000.0,1.0840299999990002,1.08652,['4.34 USD'],0.0023,244.66 USD,True
BACKTESTER-001,MovingAverageCrossover-MA_CROSS,EUR/USD.IDEALPRO,IDEALPRO-001,O-20250310-111600-001-MA_CROSS-1525,O-20250310-111600-001-MA_CROSS-1526,SELL,FLAT,0.00,100000.00,1741605360000000000,2025-03-10 11:16:00+00:00,1741607400000000000,2025-03-10 11:50:00+00:00,2040000000000.0,1.085040000001,1.0860599999990002,['4.34 USD'],-0.00094,-106.34 USD,True
BACKTESTER-001,MovingAverageCrossover-MA_CROSS,EUR/USD.IDEALPRO,IDEALPRO-001,O-20250310-144800-001-MA_CROSS-1528,O-20250310-144800-001-MA_CROSS-1529,BUY,FLAT,0.00,100000.00,1741618080000000000,2025-03-10 14:48:00+00:00,1741619400000000000,2025-03-10 15:10:00+00:00,1320000000000.0,1.084219999999,1.083200000001,['4.34 USD'],-0.00094,-106.34 USD,True
BACKTESTER-001,MovingAverageCrossover-MA_CROSS,EUR/USD.IDEALPRO,IDEALPRO-001,O-20250310-151600-001-MA_CROSS-1531,O-20250310-160200-001-MA_CROSS-1534,SELL,FLAT,0.00,100000.00,1741619760000000000,2025-03-10 15:16:00+00:00,1741622520000000000,2025-03-10 16:02:00+00:00,2760000000000.0,1.083400000001,1.0838499999990001,['4.34 USD'],-0.00042,-49.34 USD,True
BACKTESTER-001,MovingAverageCrossover-MA_CROSS,EUR/USD.IDEALPRO,IDEALPRO-001,O-20250310-164400-001-MA_CROSS-1535,O-20250310-171800-001-MA_CROSS-1538,SELL,FLAT,0.00,100000.00,1741625040000000000,2025-03-10 16:44:00+00:00,1741627080000000000,2025-03-10 17:18:00+00:00,2040000000000.0,1.083340000001,1.0835299999990002,['4.34 USD'],-0.00018,-23.34 USD,True
BACKTESTER-001,MovingAverageCrossover-MA_CROSS,EUR/USD.IDEALPRO,IDEALPRO-001,O-20250310-180000-001-MA_CROSS-1539,O-20250310-200000-001-MA_CROSS-1542,SELL,FLAT,0.00,100000.00,1741629600000000000,2025-03-10 18:00:00+00:00,1741636800000000000,2025-03-10 20:00:00+00:00,7200000000000.0,1.0829800000010001,1.083199999999,['4.34 USD'],-0.0002,-26.34 USD,True
BACKTESTER-001,MovingAverageCrossover-MA_CROSS,EUR/USD.IDEALPRO,IDEALPRO-001,O-20250310-230000-001-MA_CROSS-1543,O-20250310-230000-001-MA_CROSS-1544,SELL,FLAT,0.00,100000.00,1741647600000000000,2025-03-10 23:00:00+00:00,1741651620000000000,2025-03-11 00:07:00+00:00,4020000000000.0,1.083480000001,1.084499999999,['4.34 USD'],-0.00094,-106.34 USD,True
BACKTESTER-001,MovingAverageCrossover-MA_CROSS,EUR/USD.IDEALPRO,IDEALPRO-001,O-20250311-001600-001-MA_CROSS-1546,O-20250311-033000-001-MA_CROSS-1549,BUY,FLAT,0.00,100000.00,1741652160000000000,2025-03-11 00:16:00+00:00,1741663800000000000,2025-03-11 03:30:00+00:00,11640000000000.0,1.0843399999990002,1.085010000001,['4.34 USD'],0.00062,62.66 USD,True
BACKTESTER-001,MovingAverageCrossover-MA_CROSS,EUR/USD.IDEALPRO,IDEALPRO-001,O-20250311-041400-001-MA_CROSS-1550,O-20250311-045400-001-MA_CROSS-1553,BUY,FLAT,0.00,100000.00,1741666440000000000,2025-03-11 04:14:00+00:00,1741668840000000000,2025-03-11 04:54:00+00:00,2400000000000.0,1.085569999999,1.085330000001,['4.34 USD'],-0.00022,-28.34 USD,True
BACKTESTER-001,MovingAverageCrossover-MA_CROSS,EUR/USD.IDEALPRO,IDEALPRO-001,O-20250311-063000-001-MA_CROSS-1554,O-20250311-063000-001-MA_CROSS-1556,BUY,FLAT,0.00,100000.00,1741674600000000000,2025-03-11 06:30:00+00:00,1741678980000000000,2025-03-11 07:43:00+00:00,4380000000000.0,1.0861799999989998,1.08867,['4.35 USD'],0.00229,244.65 USD,True
BACKTESTER-001,MovingAverageCrossover-MA_CROSS,EUR/USD.IDEALPRO,IDEALPRO-001,O-20250311-101600-001-MA_CROSS-1557,O-20250311-114600-001-MA_CROSS-1560,SELL,FLAT,0.00,100000.00,1741688160000000000,2025-03-11 10:16:00+00:00,1741693560000000000,2025-03-11 11:46:00+00:00,5400000000000.0,1.089580000001,1.089769999999,['4.36 USD'],-0.00017,-23.36 USD,True
BACKTESTER-001,MovingAverageCrossover-MA_CROSS,EUR/USD.IDEALPRO,IDEALPRO-001,O-20250311-141600-001-MA_CROSS-1561,O-20250311-145000-001-MA_CROSS-1564,SELL,FLAT,0.00,100000.00,1741702560000000000,2025-03-11 14:16:00+00:00,1741704600000000000,2025-03-11 14:50:00+00:00,2040000000000.0,1.0912200000010002,1.091699999999,['4.36 USD'],-0.00044,-52.36 USD,True
BACKTESTER-001,MovingAverageCrossover-MA_CROSS,EUR/USD.IDEALPRO,IDEALPRO-001,O-20250311-190200-001-MA_CROSS-1565,O-20250311-190200-001-MA_CROSS-1567,SELL,FLAT,0.00,100000.00,1741719720000000000,2025-03-11 19:02:00+00:00,1741747380000000000,2025-03-12 02:43:00+00:00,27660000000000.0,1.093030000001,1.09054,['4.37 USD'],0.00228,244.63 USD,True
BACKTESTER-001,MovingAverageCrossover-MA_CROSS,EUR/USD.IDEALPRO,IDEALPRO-001,O-20250312-054600-001-MA_CROSS-1568,O-20250312-064000-001-MA_CROSS-1571,BUY,FLAT,0.00,100000.00,1741758360000000000,2025-03-12 05:46:00+00:00,1741761600000000000,2025-03-12 06:40:00+00:00,3240000000000.0,1.0901599999990002,1.0901300000010001,['4.36 USD'],-3e-05,-7.36 USD,True
BACKTESTER-001,MovingAverageCrossover-MA_CROSS,EUR/USD.IDEALPRO,IDEALPRO-001,O-20250312-074600-001-MA_CROSS-1572,O-20250312-074600-001-MA_CROSS-1574,BUY,FLAT,0.00,100000.00,1741765560000000000,2025-03-12 07:46:00+00:00,1741770000000000000,2025-03-12 09:00:00+00:00,4440000000000.0,1.089669999999,1.09216,['4.36 USD'],0.00229,244.64 USD,True
BACKTESTER-001,MovingAverageCrossover-MA_CROSS,EUR/USD.IDEALPRO,IDEALPRO-001,O-20250312-103200-001-MA_CROSS-1575,O-20250312-113000-001-MA_CROSS-1578,SELL,FLAT,0.00,100000.00,1741775520000000000,2025-03-12 10:32:00+00:00,1741779000000000000,2025-03-12 11:30:00+00:00,3480000000000.0,1.091410000001,1.0911899999990002,['4.36 USD'],0.0002,17.64 USD,True
BACKTESTER-001,MovingAverageCrossover-MA_CROSS,EUR/USD.IDEALPRO,IDEALPRO-001,O-20250312-114600-001-MA_CROSS-1579,O-20250312-114600-001-MA_CROSS-1580,SELL,FLAT,0.00,100000.00,1741779960000000000,2025-03-12 11:46:00+00:00,1741782660000000000,2025-03-12 12:31:00+00:00,2700000000000.0,1.090330000001,1.091349999999,['4.36 USD'],-0.00094,-106.36 USD,True
BACKTESTER-001,MovingAverageCrossover-MA_CROSS,EUR/USD.IDEALPRO,IDEALPRO-001,O-20250312-144600-001-MA_CROSS-1582,O-20250312-164600-001-MA_CROSS-1585,BUY,FLAT,0.00,100000.00,1741790760000000000,2025-03-12 14:46:00+00:00,1741797960000000000,2025-03-12 16:46:00+00:00,7200000000000.0,1.0903899999989999,1.091010000001,['4.36 USD'],0.00057,57.64 USD,True
BACKTESTER-001,MovingAverageCrossover-MA_CROSS,EUR/USD.IDEALPRO,IDEALPRO-001,O-20250312-173000-001-MA_CROSS-1586,O-20250312-174600-001-MA_CROSS-1589,BUY,FLAT,0.00,100000.00,1741800600000000000,2025-03-12 17:30:00+00:00,1741801560000000000,2025-03-12 17:46:00+00:00,960000000000.0,1.0912899999990002,1.090740000001,['4.36 USD'],-0.0005,-59.36 USD,True
BACKTESTER-001,MovingAverageCrossover-MA_CROSS,EUR/USD.IDEALPRO,IDEALPRO-001,O-20250312-193000-001-MA_CROSS-1590,O-20250312-200600-001-MA_CROSS-1593,BUY,FLAT,0.00,100000.00,1741807800000000000,2025-03-12 19:30:00+00:00,1741809960000000000,2025-03-12 20:06:00+00:00,2160000000000.0,1.0894299999989998,1.0890900000009998,['4.36 USD'],-0.00031,-38.36 USD,True
BACKTESTER-001,MovingAverageCrossover-MA_CROSS,EUR/USD.IDEALPRO,IDEALPRO-001,O-20250313-004800-001-MA_CROSS-1594,O-20250313-031600-001-MA_CROSS-1597,BUY,FLAT,0.00,100000.00,1741826880000000000,2025-03-13 00:48:00+00:00,1741835760000000000,2025-03-13 03:16:00+00:00,8880000000000.0,1.088759999999,1.088940000001,['4.36 USD'],0.00017,13.64 USD,True
BACKTESTER-001,MovingAverageCrossover-MA_CROSS,EUR/USD.IDEALPRO,IDEALPRO-001,O-20250313-043000-001-MA_CROSS-1598,O-20250313-051800-001-MA_CROSS-1601,BUY,FLAT,0.00,100000.00,1741840200000000000,2025-03-13 04:30:00+00:00,1741843080000000000,2025-03-13 05:18:00+00:00,2880000000000.0,1.0889799999990002,1.0886100000010002,['4.36 USD'],-0.00034,-41.36 USD,True
BACKTESTER-001,MovingAverageCrossover-MA_CROSS,EUR/USD.IDEALPRO,IDEALPRO-001,O-20250313-071600-001-MA_CROSS-1602,O-20250313-073200-001-MA_CROSS-1605,BUY,FLAT,0.00,100000.00,1741850160000000000,2025-03-13 07:16:00+00:00,1741851120000000000,2025-03-13 07:32:00+00:00,960000000000.0,1.088249999999,1.0872900000010002,['4.35 USD'],-0.00088,-100.35 USD,True
BACKTESTER-001,MovingAverageCrossover-MA_CROSS,EUR/USD.IDEALPRO,IDEALPRO-001,O-20250313-081600-001-MA_CROSS-1606,O-20250313-081600-001-MA_CROSS-1607,BUY,FLAT,0.00,100000.00,1741853760000000000,2025-03-13 08:16:00+00:00,1741853880000000000,2025-03-13 08:18:00+00:00,120000000000.0,1.0876199999990002,1.086600000001,['4.35 USD'],-0.00094,-106.35 USD,True
BACKTESTER-001,MovingAverageCrossover-MA_CROSS,EUR/USD.IDEALPRO,IDEALPRO-001,O-20250313-090000-001-MA_CROSS-1609,O-20250313-092000-001-MA_CROSS-1612,SELL,FLAT,0.00,100000.00,1741856400000000000,2025-03-13 09:00:00+00:00,1741857600000000000,2025-03-13 09:20:00+00:00,1200000000000.0,1.0873300000009998,1.0880699999990002,['4.35 USD'],-0.00068,-78.35 USD,True
BACKTESTER-001,MovingAverageCrossover-MA_CROSS,EUR/USD.IDEALPRO,IDEALPRO-001,O-20250313-094600-001-MA_CROSS-1613,O-20250313-094600-001-MA_CROSS-1614,SELL,FLAT,0.00,100000.00,1741859160000000000,2025-03-13 09:46:00+00:00,1741860360000000000,2025-03-13 10:06:00+00:00,1200000000000.0,1.087240000001,1.0882599999990001,['4.35 USD'],-0.00094,-106.35 USD,True
BACKTESTER-001,MovingAverageCrossover-MA_CROSS,EUR/USD.IDEALPRO,IDEALPRO-001,O-20250313-100600-001-MA_CROSS-1616,O-20250313-100600-001-MA_CROSS-1617,BUY,FLAT,0.00,100000.00,1741860360000000000,2025-03-13 10:06:00+00:00,1741860900000000000,2025-03-13 10:15:00+00:00,540000000000.0,1.088289999999,1.087270000001,['4.35 USD'],-0.00094,-106.35 USD,True
BACKTESTER-001,MovingAverageCrossover-MA_CROSS,EUR/USD.IDEALPRO,IDEALPRO-001,O-20250313-102000-001-MA_CROSS-1619,O-20250313-102000-001-MA_CROSS-1621,SELL,FLAT,0.00,100000.00,1741861200000000000,2025-03-13 10:20:00+00:00,1741867200000000000,2025-03-13 12:00:00+00:00,6000000000000.0,1.087150000001,1.08466,['4.34 USD'],0.00229,244.66 USD,True
BACKTESTER-001,MovingAverageCrossover-MA_CROSS,EUR/USD.IDEALPRO,IDEALPRO-001,O-20250313-134600-001-MA_CROSS-1622,O-20250313-144200-001-MA_CROSS-1625,BUY,FLAT,0.00,100000.00,1741873560000000000,2025-03-13 13:46:00+00:00,1741876920000000000,2025-03-13 14:42:00+00:00,3360000000000.0,1.084699999999,1.085240000001,['4.34 USD'],0.0005,49.66 USD,True
BACKTESTER-001,MovingAverageCrossover-MA_CROSS,EUR/USD.IDEALPRO,IDEALPRO-001,O-20250313-150000-001-MA_CROSS-1626,O-20250313-150000-001-MA_CROSS-1627,BUY,FLAT,0.00,100000.00,1741878000000000000,2025-03-13 15:00:00+00:00,1741880580000000000,2025-03-13 15:43:00+00:00,2580000000000.0,1.0865299999990001,1.085510000001,['4.34 USD'],-0.00094,-106.34 USD,True
BACKTESTER-001,MovingAverageCrossover-MA_CROSS,EUR/USD.IDEALPRO,IDEALPRO-001,O-20250313-171600-001-MA_CROSS-1629,O-20250313-204600-001-MA_CROSS-1632,SELL,FLAT,0.00,100000.00,1741886160000000000,2025-03-13 17:16:00+00:00,1741898760000000000,2025-03-13 20:46:00+00:00,12600000000000.0,1.0861000000010002,1.085309999999,['4.34 USD'],0.00073,74.66 USD,True
BACKTESTER-001,MovingAverageCrossover-MA_CROSS,EUR/USD.IDEALPRO,IDEALPRO-001,O-20250313-223000-001-MA_CROSS-1633,O-20250314-000200-001-MA_CROSS-1636,SELL,FLAT,0.00,100000.00,1741905000000000000,2025-03-13 22:30:00+00:00,1741910520000000000,2025-03-14 00:02:00+00:00,5520000000000.0,1.085240000001,1.0857999999990002,['4.34 USD'],-0.00052,-60.34 USD,True
BACKTESTER-001,MovingAverageCrossover-MA_CROSS,EUR/USD.IDEALPRO,IDEALPRO-001,O-20250314-003200-001-MA_CROSS-1637,O-20250314-033200-001-MA_CROSS-1640,SELL,FLAT,0.00,100000.00,1741912320000000000,2025-03-14 00:32:00+00:00,1741923120000000000,2025-03-14 03:32:00+00:00,10800000000000.0,1.085000000001,1.084329999999,['4.34 USD'],0.00062,62.66 USD,True
BACKTESTER-001,MovingAverageCrossover-MA_CROSS,EUR/USD.IDEALPRO,IDEALPRO-001,O-20250314-044600-001-MA_CROSS-1641,O-20250314-050600-001-MA_CROSS-1644,SELL,FLAT,0.00,100000.00,1741927560000000000,2025-03-14 04:46:00+00:00,1741928760000000000,2025-03-14 05:06:00+00:00,1200000000000.0,1.0839300000010001,1.084489999999,['4.34 USD'],-0.00052,-60.34 USD,True
BACKTESTER-001,MovingAverageCrossover-MA_CROSS,EUR/USD.IDEALPRO,IDEALPRO-001,O-20250314-063000-001-MA_CROSS-1645,O-20250314-071600-001-MA_CROSS-1648,SELL,FLAT,0.00,100000.00,1741933800000000000,2025-03-14 06:30:00+00:00,1741936560000000000,2025-03-14 07:16:00+00:00,2760000000000.0,1.083720000001,1.084659999999,['4.34 USD'],-0.00087,-98.34 USD,True
BACKTESTER-001,MovingAverageCrossover-MA_CROSS,EUR/USD.IDEALPRO,IDEALPRO-001,O-20250314-073800-001-MA_CROSS-1649,O-20250314-073800-001-MA_CROSS-1650,SELL,FLAT,0.00,100000.00,1741937880000000000,2025-03-14 07:38:00+00:00,1741939980000000000,2025-03-14 08:13:00+00:00,2100000000000.0,1.0837300000010002,1.0847499999990002,['4.34 USD'],-0.00094,-106.34 USD,True
BACKTESTER-001,MovingAverageCrossover-MA_CROSS,EUR/USD.IDEALPRO,IDEALPRO-001,O-20250314-081600-001-MA_CROSS-1652,O-20250314-081600-001-MA_CROSS-1654,BUY,FLAT,0.00,100000.00,1741940160000000000,2025-03-14 08:16:00+00:00,1741947840000000000,2025-03-14 10:24:00+00:00,7680000000000.0,1.084689999999,1.08718,['4.34 USD'],0.0023,244.66 USD,True
BACKTESTER-001,MovingAverageCrossover-MA_CROSS,EUR/USD.IDEALPRO,IDEALPRO-001,O-20250314-130200-001-MA_CROSS-1655,O-20250314-130200-001-MA_CROSS-1657,SELL,FLAT,0.00,100000.00,1741957320000000000,2025-03-14 13:02:00+00:00,1741962960000000000,2025-03-14 14:36:00+00:00,5640000000000.0,1.089080000001,1.08659,['4.35 USD'],0.00229,244.65 USD,True
BACKTESTER-001,MovingAverageCrossover-MA_CROSS,EUR/USD.IDEALPRO,IDEALPRO-001,O-20250314-161600-001-MA_CROSS-1658,O-20250314-171600-001-MA_CROSS-1661,BUY,FLAT,0.00,100000.00,1741968960000000000,2025-03-14 16:16:00+00:00,1741972560000000000,2025-03-14 17:16:00+00:00,3600000000000.0,1.087939999999,1.088100000001,['4.36 USD'],0.00015,11.64 USD,True
BACKTESTER-001,MovingAverageCrossover-MA_CROSS,EUR/USD.IDEALPRO,IDEALPRO-001,O-20250314-174000-001-MA_CROSS-1662,O-20250314-174000-001-MA_CROSS-1663,BUY,FLAT,0.00,100000.00,1741974000000000000,2025-03-14 17:40:00+00:00,1741976880000000000,2025-03-14 18:28:00+00:00,2880000000000.0,1.0887299999989999,1.087710000001,['4.36 USD'],-0.00094,-106.36 USD,True
BACKTESTER-001,MovingAverageCrossover-MA_CROSS,EUR/USD.IDEALPRO,IDEALPRO-001,O-20250314-190400-001-MA_CROSS-1665,O-20250314-210000-001-MA_CROSS-1668,BUY,FLAT,0.00,100000.00,1741979040000000000,2025-03-14 19:04:00+00:00,1741986000000000000,2025-03-14 21:00:00+00:00,6960000000000.0,1.0881199999989999,1.0879300000010002,['4.36 USD'],-0.00017,-23.36 USD,True
BACKTESTER-001,MovingAverageCrossover-MA_CROSS,EUR/USD.IDEALPRO,IDEALPRO-001,O-20250316-223000-001-MA_CROSS-1669,O-20250317-000200-001-MA_CROSS-1672,BUY,FLAT,0.00,100000.00,1742164200000000000,2025-03-16 22:30:00+00:00,1742169720000000000,2025-03-17 00:02:00+00:00,5520000000000.0,1.0880199999990001,1.088130000001,['4.36 USD'],0.0001,6.64 USD,True
BACKTESTER-001,MovingAverageCrossover-MA_CROSS,EUR/USD.IDEALPRO,IDEALPRO-001,O-20250317-004600-001-MA_CROSS-1673,O-20250317-004600-001-MA_CROSS-1674,SELL,FLAT,0.00,100000.00,1742172360000000000,2025-03-17 00:46:00+00:00,1742175840000000000,2025-03-17 01:44:00+00:00,3480000000000.0,1.087600000001,1.088619999999,['4.36 USD'],-0.00094,-106.36 USD,True
BACKTESTER-001,MovingAverageCrossover-MA_CROSS,EUR/USD.IDEALPRO,IDEALPRO-001,O-20250317-034600-001-MA_CROSS-1676,O-20250317-041600-001-MA_CROSS-1679,BUY,FLAT,0.00,100000.00,1742183160000000000,2025-03-17 03:46:00+00:00,1742184960000000000,2025-03-17 04:16:00+00:00,1800000000000.0,1.088589999999,1.0877900000010001,['4.36 USD'],-0.00073,-84.36 USD,True
BACKTESTER-001,MovingAverageCrossover-MA_CROSS,EUR/USD.IDEALPRO,IDEALPRO-001,O-20250317-061600-001-MA_CROSS-1680,O-20250317-070000-001-MA_CROSS-1683,BUY,FLAT,0.00,100000.00,1742192160000000000,2025-03-17 06:16:00+00:00,1742194800000000000,2025-03-17 07:00:00+00:00,2640000000000.0,1.088049999999,1.087770000001,['4.36 USD'],-0.00026,-32.36 USD,True
BACKTESTER-001,MovingAverageCrossover-MA_CROSS,EUR/USD.IDEALPRO,IDEALPRO-001,O-20250317-071600-001-MA_CROSS-1684,O-20250317-073000-001-MA_CROSS-1687,BUY,FLAT,0.00,100000.00,1742195760000000000,2025-03-17 07:16:00+00:00,1742196600000000000,2025-03-17 07:30:00+00:00,840000000000.0,1.088189999999,1.087600000001,['4.36 USD'],-0.00054,-63.36 USD,True
BACKTESTER-001,MovingAverageCrossover-MA_CROSS,EUR/USD.IDEALPRO,IDEALPRO-001,O-20250317-081200-001-MA_CROSS-1688,O-20250317-091800-001-MA_CROSS-1691,BUY,FLAT,0.00,100000.00,1742199120000000000,2025-03-17 08:12:00+00:00,1742203080000000000,2025-03-17 09:18:00+00:00,3960000000000.0,1.0882299999990002,1.087770000001,['4.36 USD'],-0.00042,-50.36 USD,True
BACKTESTER-001,MovingAverageCrossover-MA_CROSS,EUR/USD.IDEALPRO,IDEALPRO-001,O-20250317-093200-001-MA_CROSS-1692,O-20250317-093200-001-MA_CROSS-1694,BUY,FLAT,0.00,100000.00,1742203920000000000,2025-03-17 09:32:00+00:00,1742209440000000000,2025-03-17 11:04:00+00:00,5520000000000.0,1.088589999999,1.09108,['4.36 USD'],0.00229,244.64 USD,True
BACKTESTER-001,MovingAverageCrossover-MA_CROSS,EUR/USD.IDEALPRO,IDEALPRO-001,O-20250317-134400-001-MA_CROSS-1695,O-20250317-135400-001-MA_CROSS-1698,SELL,FLAT,0.00,100000.00,1742219040000000000,2025-03-17 13:44:00+00:00,1742219640000000000,2025-03-17 13:54:00+00:00,600000000000.0,1.0900000000010002,1.090549999999,['4.36 USD'],-0.0005,-59.36 USD,True
BACKTESTER-001,MovingAverageCrossover-MA_CROSS,EUR/USD.IDEALPRO,IDEALPRO-001,O-20250317-161600-001-MA_CROSS-1699,O-20250317-163600-001-MA_CROSS-1702,SELL,FLAT,0.00,100000.00,1742228160000000000,2025-03-17 16:16:00+00:00,1742229360000000000,2025-03-17 16:36:00+00:00,1200000000000.0,1.091650000001,1.0924599999990001,['4.36 USD'],-0.00074,-85.36 USD,True
BACKTESTER-001,MovingAverageCrossover-MA_CROSS,EUR/USD.IDEALPRO,IDEALPRO-001,O-20250317-172200-001-MA_CROSS-1703,O-20250317-201200-001-MA_CROSS-1706,SELL,FLAT,0.00,100000.00,1742232120000000000,2025-03-17 17:22:00+00:00,1742242320000000000,2025-03-17 20:12:00+00:00,10200000000000.0,1.091680000001,1.0922399999990002,['4.36 USD'],-0.00051,-60.36 USD,True
BACKTESTER-001,MovingAverageCrossover-MA_CROSS,EUR/USD.IDEALPRO,IDEALPRO-001,O-20250317-210000-001-MA_CROSS-1707,O-20250318-041600-001-MA_CROSS-1710,SELL,FLAT,0.00,100000.00,1742245200000000000,2025-03-17 21:00:00+00:00,1742271360000000000,2025-03-18 04:16:00+00:00,26160000000000.0,1.092260000001,1.090999999999,['4.36 USD'],0.00115,121.64 USD,True
BACKTESTER-001,MovingAverageCrossover-MA_CROSS,EUR/USD.IDEALPRO,IDEALPRO-001,O-20250318-060200-001-MA_CROSS-1711,O-20250318-060200-001-MA_CROSS-1712,SELL,FLAT,0.00,100000.00,1742277720000000000,2025-03-18 06:02:00+00:00,1742281020000000000,2025-03-18 06:57:00+00:00,3300000000000.0,1.090870000001,1.0918899999990002,['4.36 USD'],-0.00094,-106.36 USD,True
BACKTESTER-001,MovingAverageCrossover-MA_CROSS,EUR/USD.IDEALPRO,IDEALPRO-001,O-20250318-070000-001-MA_CROSS-1714,O-20250318-070000-001-MA_CROSS-1716,BUY,FLAT,0.00,100000.00,1742281200000000000,2025-03-18 07:00:00+00:00,1742285700000000000,2025-03-18 08:15:00+00:00,4500000000000.0,1.0920899999990001,1.09458,['4.37 USD'],0.00228,244.63 USD,True
BACKTESTER-001,MovingAverageCrossover-MA_CROSS,EUR/USD.IDEALPRO,IDEALPRO-001,O-20250318-103000-001-MA_CROSS-1717,O-20250318-103000-001-MA_CROSS-1719,SELL,FLAT,0.00,100000.00,1742293800000000000,2025-03-18 10:30:00+00:00,1742301120000000000,2025-03-18 12:32:00+00:00,7320000000000.0,1.0936900000010001,1.0912,['4.37 USD'],0.00228,244.63 USD,True
BACKTESTER-001,MovingAverageCrossover-MA_CROSS,EUR/USD.IDEALPRO,IDEALPRO-001,O-20250318-130400-001-MA_CROSS-1720,O-20250318-130400-001-MA_CROSS-1721,BUY,FLAT,0.00,100000.00,1742303040000000000,2025-03-18 13:04:00+00:00,1742305260000000000,2025-03-18 13:41:00+00:00,2220000000000.0,1.091579999999,1.090560000001,['4.36 USD'],-0.00093,-106.36 USD,True
BACKTESTER-001,MovingAverageCrossover-MA_CROSS,EUR/USD.IDEALPRO,IDEALPRO-001,O-20250318-134600-001-MA_CROSS-1723,O-20250318-134600-001-MA_CROSS-1724,SELL,FLAT,0.00,100000.00,1742305560000000000,2025-03-18 13:46:00+00:00,1742308140000000000,2025-03-18 14:29:00+00:00,2580000000000.0,1.0907800000010002,1.0917999999990002,['4.36 USD'],-0.00094,-106.36 USD,True
BACKTESTER-001,MovingAverageCrossover-MA_CROSS,EUR/USD.IDEALPRO,IDEALPRO-001,O-20250318-143000-001-MA_CROSS-1726,O-20250318-143000-001-MA_CROSS-1727,BUY,FLAT,0.00,100000.00,1742308200000000000,2025-03-18 14:30:00+00:00,1742310060000000000,2025-03-18 15:01:00+00:00,1860000000000.0,1.091809999999,1.090790000001,['4.36 USD'],-0.00093,-106.36 USD,True
BACKTESTER-001,MovingAverageCrossover-MA_CROSS,EUR/USD.IDEALPRO,IDEALPRO-001,O-20250318-151600-001-MA_CROSS-1729,O-20250318-151600-001-MA_CROSS-1730,SELL,FLAT,0.00,100000.00,1742310960000000000,2025-03-18 15:16:00+00:00,1742311860000000000,2025-03-18 15:31:00+00:00,900000000000.0,1.0904700000010001,1.0914899999990002,['4.36 USD'],-0.00094,-106.36 USD,True
BACKTESTER-001,MovingAverageCrossover-MA_CROSS,EUR/USD.IDEALPRO,IDEALPRO-001,O-20250318-153200-001-MA_CROSS-1732,O-20250318-153200-001-MA_CROSS-1734,BUY,FLAT,0.00,100000.00,1742311920000000000,2025-03-18 15:32:00+00:00,1742316120000000000,2025-03-18 16:42:00+00:00,4200000000000.0,1.0914599999990002,1.09395,['4.37 USD'],0.00228,244.63 USD,True
BACKTESTER-001,MovingAverageCrossover-MA_CROSS,EUR/USD.IDEALPRO,IDEALPRO-001,O-20250318-194000-001-MA_CROSS-1735,O-20250318-200800-001-MA_CROSS-1738,SELL,FLAT,0.00,100000.00,1742326800000000000,2025-03-18 19:40:00+00:00,1742328480000000000,2025-03-18 20:08:00+00:00,1680000000000.0,1.094320000001,1.0947299999990001,['4.38 USD'],-0.00037,-45.38 USD,True
BACKTESTER-001,MovingAverageCrossover-MA_CROSS,EUR/USD.IDEALPRO,IDEALPRO-001,O-20250318-203200-001-MA_CROSS-1739,O-20250319-053000-001-MA_CROSS-1742,SELL,FLAT,0.00,100000.00,1742329920000000000,2025-03-18 20:32:00+00:00,1742362200000000000,2025-03-19 05:30:00+00:00,32280000000000.0,1.0943400000010002,1.093479999999,['4.38 USD'],0.00079,81.62 USD,True
BACKTESTER-001,MovingAverageCrossover-MA_CROSS,EUR/USD.IDEALPRO,IDEALPRO-001,O-20250319-060000-001-MA_CROSS-1743,O-20250319-060000-001-MA_CROSS-1745,SELL,FLAT,0.00,100000.00,1742364000000000000,2025-03-19 06:00:00+00:00,1742368560000000000,2025-03-19 07:16:00+00:00,4560000000000.0,1.0931200000010002,1.09063,['4.37 USD'],0.00228,244.63 USD,True
BACKTESTER-001,MovingAverageCrossover-MA_CROSS,EUR/USD.IDEALPRO,IDEALPRO-001,O-20250319-082400-001-MA_CROSS-1746,O-20250319-091600-001-MA_CROSS-1749,BUY,FLAT,0.00,100000.00,1742372640000000000,2025-03-19 08:24:00+00:00,1742375760000000000,2025-03-19 09:16:00+00:00,3120000000000.0,1.090489999999,1.089920000001,['4.36 USD'],-0.00052,-61.36 USD,True
BACKTESTER-001,MovingAverageCrossover-MA_CROSS,EUR/USD.IDEALPRO,IDEALPRO-001,O-20250319-093800-001-MA_CROSS-1750,O-20250319-093800-001-MA_CROSS-1751,BUY,FLAT,0.00,100000.00,1742377080000000000,2025-03-19 09:38:00+00:00,1742378940000000000,2025-03-19 10:09:00+00:00,1860000000000.0,1.090729999999,1.089710000001,['4.36 USD'],-0.00094,-106.36 USD,True
BACKTESTER-001,MovingAverageCrossover-MA_CROSS,EUR/USD.IDEALPRO,IDEALPRO-001,O-20250319-101600-001-MA_CROSS-1753,O-20250319-110000-001-MA_CROSS-1756,SELL,FLAT,0.00,100000.00,1742379360000000000,2025-03-19 10:16:00+00:00,1742382000000000000,2025-03-19 11:00:00+00:00,2640000000000.0,1.089650000001,1.0899999999990002,['4.36 USD'],-0.00032,-39.36 USD,True
BACKTESTER-001,MovingAverageCrossover-MA_CROSS,EUR/USD.IDEALPRO,IDEALPRO-001,O-20250319-130200-001-MA_CROSS-1757,O-20250319-130200-001-MA_CROSS-1759,SELL,FLAT,0.00,100000.00,1742389320000000000,2025-03-19 13:02:00+00:00,1742399820000000000,2025-03-19 15:57:00+00:00,10500000000000.0,1.0902700000010002,1.08778,['4.36 USD'],0.00228,244.64 USD,True
BACKTESTER-001,MovingAverageCrossover-MA_CROSS,EUR/USD.IDEALPRO,IDEALPRO-001,O-20250319-163000-001-MA_CROSS-1760,O-20250319-163000-001-MA_CROSS-1761,BUY,FLAT,0.00,100000.00,1742401800000000000,2025-03-19 16:30:00+00:00,1742404500000000000,2025-03-19 17:15:00+00:00,2700000000000.0,1.088529999999,1.087510000001,['4.36 USD'],-0.00094,-106.36 USD,True
BACKTESTER-001,MovingAverageCrossover-MA_CROSS,EUR/USD.IDEALPRO,IDEALPRO-001,O-20250319-171600-001-MA_CROSS-1763,O-20250319-171600-001-MA_CROSS-1764,SELL,FLAT,0.00,100000.00,1742404560000000000,2025-03-19 17:16:00+00:00,1742407260000000000,2025-03-19 18:01:00+00:00,2700000000000.0,1.0874900000010002,1.0885099999990002,['4.35 USD'],-0.00094,-106.35 USD,True
BACKTESTER-001,MovingAverageCrossover-MA_CROSS,EUR/USD.IDEALPRO,IDEALPRO-001,O-20250319-200200-001-MA_CROSS-1766,O-20250320-003000-001-MA_CROSS-1769,BUY,FLAT,0.00,100000.00,1742414520000000000,2025-03-19 20:02:00+00:00,1742430600000000000,2025-03-20 00:30:00+00:00,16080000000000.0,1.0900299999990002,1.090820000001,['4.36 USD'],0.00072,74.64 USD,True
BACKTESTER-001,MovingAverageCrossover-MA_CROSS,EUR/USD.IDEALPRO,IDEALPRO-001,O-20250320-004600-001-MA_CROSS-1770,O-20250320-004600-001-MA_CROSS-1771,BUY,FLAT,0.00,100000.00,1742431560000000000,2025-03-20 00:46:00+00:00,1742435220000000000,2025-03-20 01:47:00+00:00,3660000000000.0,1.091439999999,1.090420000001,['4.36 USD'],-0.00093,-106.36 USD,True
BACKTESTER-001,MovingAverageCrossover-MA_CROSS,EUR/USD.IDEALPRO,IDEALPRO-001,O-20250320-030200-001-MA_CROSS-1773,O-20250320-033600-001-MA_CROSS-1776,SELL,FLAT,0.00,100000.00,1742439720000000000,2025-03-20 03:02:00+00:00,1742441760000000000,2025-03-20 03:36:00+00:00,2040000000000.0,1.090800000001,1.091399999999,['4.36 USD'],-0.00055,-64.36 USD,True
BACKTESTER-001,MovingAverageCrossover-MA_CROSS,EUR/USD.IDEALPRO,IDEALPRO-001,O-20250320-041800-001-MA_CROSS-1777,O-20250320-041800-001-MA_CROSS-1779,SELL,FLAT,0.00,100000.00,1742444280000000000,2025-03-20 04:18:00+00:00,1742455740000000000,2025-03-20 07:29:00+00:00,11460000000000.0,1.0907100000010002,1.08822,['4.36 USD'],0.00228,244.64 USD,True
BACKTESTER-001,MovingAverageCrossover-MA_CROSS,EUR/USD.IDEALPRO,IDEALPRO-001,O-20250320-080400-001-MA_CROSS-1780,O-20250320-080400-001-MA_CROSS-1781,BUY,FLAT,0.00,100000.00,1742457840000000000,2025-03-20 08:04:00+00:00,1742458560000000000,2025-03-20 08:16:00+00:00,720000000000.0,1.088329999999,1.087310000001,['4.35 USD'],-0.00094,-106.35 USD,True
BACKTESTER-001,MovingAverageCrossover-MA_CROSS,EUR/USD.IDEALPRO,IDEALPRO-001,O-20250320-082200-001-MA_CROSS-1783,O-20250320-082200-001-MA_CROSS-1785,SELL,FLAT,0.00,100000.00,1742458920000000000,2025-03-20 08:22:00+00:00,1742462700000000000,2025-03-20 09:25:00+00:00,3780000000000.0,1.0874600000010002,1.0849700000000002,['4.34 USD'],0.00229,244.66 USD,True
BACKTESTER-001,MovingAverageCrossover-MA_CROSS,EUR/USD.IDEALPRO,IDEALPRO-001,O-20250320-104600-001-MA_CROSS-1786,O-20250320-111200-001-MA_CROSS-1789,BUY,FLAT,0.00,100000.00,1742467560000000000,2025-03-20 10:46:00+00:00,1742469120000000000,2025-03-20 11:12:00+00:00,1560000000000.0,1.0847999999990001,1.084020000001,['4.34 USD'],-0.00072,-82.34 USD,True
BACKTESTER-001,MovingAverageCrossover-MA_CROSS,EUR/USD.IDEALPRO,IDEALPRO-001,O-20250320-141600-001-MA_CROSS-1790,O-20250320-143600-001-MA_CROSS-1793,BUY,FLAT,0.00,100000.00,1742480160000000000,2025-03-20 14:16:00+00:00,1742481360000000000,2025-03-20 14:36:00+00:00,1200000000000.0,1.083409999999,1.082730000001,['4.34 USD'],-0.00063,-72.34 USD,True
BACKTESTER-001,MovingAverageCrossover-MA_CROSS,EUR/USD.IDEALPRO,IDEALPRO-001,O-20250320-151800-001-MA_CROSS-1794,O-20250320-175000-001-MA_CROSS-1797,BUY,FLAT,0.00,100000.00,1742483880000000000,2025-03-20 15:18:00+00:00,1742493000000000000,2025-03-20 17:50:00+00:00,9120000000000.0,1.0831599999989998,1.0841000000010002,['4.34 USD'],0.00087,89.66 USD,True
BACKTESTER-001,MovingAverageCrossover-MA_CROSS,EUR/USD.IDEALPRO,IDEALPRO-001,O-20250320-190200-001-MA_CROSS-1798,O-20250320-210000-001-MA_CROSS-1801,BUY,FLAT,0.00,100000.00,1742497320000000000,2025-03-20 19:02:00+00:00,1742504400000000000,2025-03-20 21:00:00+00:00,7080000000000.0,1.0847999999990001,1.0850200000010002,['4.34 USD'],0.0002,17.66 USD,True
BACKTESTER-001,MovingAverageCrossover-MA_CROSS,EUR/USD.IDEALPRO,IDEALPRO-001,O-20250320-223000-001-MA_CROSS-1802,O-20250320-223000-001-MA_CROSS-1803,BUY,FLAT,0.00,100000.00,1742509800000000000,2025-03-20 22:30:00+00:00,1742523660000000000,2025-03-21 02:21:00+00:00,13860000000000.0,1.085849999999,1.084830000001,['4.34 USD'],-0.00094,-106.34 USD,True
BACKTESTER-001,MovingAverageCrossover-MA_CROSS,EUR/USD.IDEALPRO,IDEALPRO-001,O-20250321-033000-001-MA_CROSS-1805,O-20250321-063000-001-MA_CROSS-1808,SELL,FLAT,0.00,100000.00,1742527800000000000,2025-03-21 03:30:00+00:00,1742538600000000000,2025-03-21 06:30:00+00:00,10800000000000.0,1.0840000000010002,1.082969999999,['4.34 USD'],0.00095,98.66 USD,True
BACKTESTER-001,MovingAverageCrossover-MA_CROSS,EUR/USD.IDEALPRO,IDEALPRO-001,O-20250321-081600-001-MA_CROSS-1809,O-20250321-090200-001-MA_CROSS-1812,SELL,FLAT,0.00,100000.00,1742544960000000000,2025-03-21 08:16:00+00:00,1742547720000000000,2025-03-21 09:02:00+00:00,2760000000000.0,1.083030000001,1.0836299999990002,['4.34 USD'],-0.00055,-64.34 USD,True
BACKTESTER-001,MovingAverageCrossover-MA_CROSS,EUR/USD.IDEALPRO,IDEALPRO-001,O-20250321-093800-001-MA_CROSS-1813,O-20250321-101600-001-MA_CROSS-1816,SELL,FLAT,0.00,100000.00,1742549880000000000,2025-03-21 09:38:00+00:00,1742552160000000000,2025-03-21 10:16:00+00:00,2280000000000.0,1.082890000001,1.083709999999,['4.34 USD'],-0.00076,-86.34 USD,True
BACKTESTER-001,MovingAverageCrossover-MA_CROSS,EUR/USD.IDEALPRO,IDEALPRO-001,O-20250321-103200-001-MA_CROSS-1817,O-20250321-110000-001-MA_CROSS-1820,SELL,FLAT,0.00,100000.00,1742553120000000000,2025-03-21 10:32:00+00:00,1742554800000000000,2025-03-21 11:00:00+00:00,1680000000000.0,1.082830000001,1.083709999999,['4.34 USD'],-0.00081,-92.34 USD,True
BACKTESTER-001,MovingAverageCrossover-MA_CROSS,EUR/USD.IDEALPRO,IDEALPRO-001,O-20250321-130200-001-MA_CROSS-1821,O-20250321-153200-001-MA_CROSS-1824,SELL,FLAT,0.00,100000.00,1742562120000000000,2025-03-21 13:02:00+00:00,1742571120000000000,2025-03-21 15:32:00+00:00,9000000000000.0,1.082790000001,1.082689999999,['4.34 USD'],9e-05,5.66 USD,True
BACKTESTER-001,MovingAverageCrossover-MA_CROSS,EUR/USD.IDEALPRO,IDEALPRO-001,O-20250321-155000-001-MA_CROSS-1825,O-20250321-162600-001-MA_CROSS-1828,SELL,FLAT,0.00,100000.00,1742572200000000000,2025-03-21 15:50:00+00:00,1742574360000000000,2025-03-21 16:26:00+00:00,2160000000000.0,1.081680000001,1.0817199999990001,['4.32 USD'],-4e-05,-8.32 USD,True
BACKTESTER-001,MovingAverageCrossover-MA_CROSS,EUR/USD.IDEALPRO,IDEALPRO-001,O-20250321-170400-001-MA_CROSS-1829,O-20250321-173800-001-MA_CROSS-1832,SELL,FLAT,0.00,100000.00,1742576640000000000,2025-03-21 17:04:00+00:00,1742578680000000000,2025-03-21 17:38:00+00:00,2040000000000.0,1.081590000001,1.0816899999990002,['4.32 USD'],-9e-05,-14.32 USD,True
BACKTESTER-001,MovingAverageCrossover-MA_CROSS,EUR/USD.IDEALPRO,IDEALPRO-001,O-20250321-194200-001-MA_CROSS-1833,O-20250321-194200-001-MA_CROSS-1834,SELL,FLAT,0.00,100000.00,1742586120000000000,2025-03-21 19:42:00+00:00,1742767320000000000,2025-03-23 22:02:00+00:00,181200000000000.0,1.081750000001,1.082769999999,['4.33 USD'],-0.00094,-106.33 USD,True
BACKTESTER-001,MovingAverageCrossover-MA_CROSS,EUR/USD.IDEALPRO,IDEALPRO-001,O-20250323-220200-001-MA_CROSS-1836,O-20250323-220200-001-MA_CROSS-1837,BUY,FLAT,0.00,100000.00,1742767320000000000,2025-03-23 22:02:00+00:00,1742767860000000000,2025-03-23 22:11:00+00:00,540000000000.0,1.082899999999,1.081880000001,['4.33 USD'],-0.00094,-106.33 USD,True
BACKTESTER-001,MovingAverageCrossover-MA_CROSS,EUR/USD.IDEALPRO,IDEALPRO-001,O-20250324-030200-001-MA_CROSS-1839,O-20250324-044600-001-MA_CROSS-1842,SELL,FLAT,0.00,100000.00,1742785320000000000,2025-03-24 03:02:00+00:00,1742791560000000000,2025-03-24 04:46:00+00:00,6240000000000.0,1.0826400000010001,1.082349999999,['4.33 USD'],0.00027,24.67 USD,True
BACKTESTER-001,MovingAverageCrossover-MA_CROSS,EUR/USD.IDEALPRO,IDEALPRO-001,O-20250324-085600-001-MA_CROSS-1843,O-20250324-100600-001-MA_CROSS-1846,SELL,FLAT,0.00,100000.00,1742806560000000000,2025-03-24 08:56:00+00:00,1742810760000000000,2025-03-24 10:06:00+00:00,4200000000000.0,1.084050000001,1.084079999999,['4.34 USD'],-3e-05,-7.34 USD,True
BACKTESTER-001,MovingAverageCrossover-MA_CROSS,EUR/USD.IDEALPRO,IDEALPRO-001,O-20250324-113000-001-MA_CROSS-1847,O-20250324-113000-001-MA_CROSS-1849,SELL,FLAT,0.00,100000.00,1742815800000000000,2025-03-24 11:30:00+00:00,1742822160000000000,2025-03-24 13:16:00+00:00,6360000000000.0,1.084560000001,1.08207,['4.33 USD'],0.0023,244.67 USD,True
BACKTESTER-001,MovingAverageCrossover-MA_CROSS,EUR/USD.IDEALPRO,IDEALPRO-001,O-20250324-143000-001-MA_CROSS-1850,O-20250324-143000-001-MA_CROSS-1851,BUY,FLAT,0.00,100000.00,1742826600000000000,2025-03-24 14:30:00+00:00,1742826900000000000,2025-03-24 14:35:00+00:00,300000000000.0,1.0812299999989998,1.080210000001,['4.32 USD'],-0.00094,-106.32 USD,True
BACKTESTER-001,MovingAverageCrossover-MA_CROSS,EUR/USD.IDEALPRO,IDEALPRO-001,O-20250324-144800-001-MA_CROSS-1853,O-20250324-144800-001-MA_CROSS-1854,SELL,FLAT,0.00,100000.00,1742827680000000000,2025-03-24 14:48:00+00:00,1742841660000000000,2025-03-24 18:41:00+00:00,13980000000000.0,1.0797900000010001,1.0808099999990002,['4.32 USD'],-0.00094,-106.32 USD,True
BACKTESTER-001,MovingAverageCrossover-MA_CROSS,EUR/USD.IDEALPRO,IDEALPRO-001,O-20250324-201400-001-MA_CROSS-1856,O-20250324-204200-001-MA_CROSS-1859,BUY,FLAT,0.00,100000.00,1742847240000000000,2025-03-24 20:14:00+00:00,1742848920000000000,2025-03-24 20:42:00+00:00,1680000000000.0,1.0803699999990002,1.080210000001,['4.32 USD'],-0.00015,-20.32 USD,True
BACKTESTER-001,MovingAverageCrossover-MA_CROSS,EUR/USD.IDEALPRO,IDEALPRO-001,O-20250324-225000-001-MA_CROSS-1860,O-20250325-001600-001-MA_CROSS-1863,BUY,FLAT,0.00,100000.00,1742856600000000000,2025-03-24 22:50:00+00:00,1742861760000000000,2025-03-25 00:16:00+00:00,5160000000000.0,1.080179999999,1.079860000001,['4.32 USD'],-0.0003,-36.32 USD,True
BACKTESTER-001,MovingAverageCrossover-MA_CROSS,EUR/USD.IDEALPRO,IDEALPRO-001,O-20250325-010000-001-MA_CROSS-1864,O-20250325-030200-001-MA_CROSS-1867,BUY,FLAT,0.00,100000.00,1742864400000000000,2025-03-25 01:00:00+00:00,1742871720000000000,2025-03-25 03:02:00+00:00,7320000000000.0,1.080049999999,1.079660000001,['4.32 USD'],-0.00036,-43.32 USD,True
BACKTESTER-001,MovingAverageCrossover-MA_CROSS,EUR/USD.IDEALPRO,IDEALPRO-001,O-20250325-031600-001-MA_CROSS-1868,O-20250325-050000-001-MA_CROSS-1871,BUY,FLAT,0.00,100000.00,1742872560000000000,2025-03-25 03:16:00+00:00,1742878800000000000,2025-03-25 05:00:00+00:00,6240000000000.0,1.0802799999989998,1.0803400000010002,['4.32 USD'],6e-05,1.68 USD,True
BACKTESTER-001,MovingAverageCrossover-MA_CROSS,EUR/USD.IDEALPRO,IDEALPRO-001,O-20250325-071600-001-MA_CROSS-1872,O-20250325-073000-001-MA_CROSS-1875,BUY,FLAT,0.00,100000.00,1742886960000000000,2025-03-25 07:16:00+00:00,1742887800000000000,2025-03-25 07:30:00+00:00,840000000000.0,1.0796799999989999,1.0793300000009998,['4.32 USD'],-0.00032,-39.32 USD,True
BACKTESTER-001,MovingAverageCrossover-MA_CROSS,EUR/USD.IDEALPRO,IDEALPRO-001,O-20250325-084600-001-MA_CROSS-1876,O-20250325-084600-001-MA_CROSS-1878,BUY,FLAT,0.00,100000.00,1742892360000000000,2025-03-25 08:46:00+00:00,1742898180000000000,2025-03-25 10:23:00+00:00,5820000000000.0,1.078899999999,1.08139,['4.32 USD'],0.00231,244.68 USD,True
BACKTESTER-001,MovingAverageCrossover-MA_CROSS,EUR/USD.IDEALPRO,IDEALPRO-001,O-20250325-140000-001-MA_CROSS-1879,O-20250325-144600-001-MA_CROSS-1882,SELL,FLAT,0.00,100000.00,1742911200000000000,2025-03-25 14:00:00+00:00,1742913960000000000,2025-03-25 14:46:00+00:00,2760000000000.0,1.081720000001,1.0813899999990002,['4.32 USD'],0.00031,28.68 USD,True
BACKTESTER-001,MovingAverageCrossover-MA_CROSS,EUR/USD.IDEALPRO,IDEALPRO-001,O-20250325-154600-001-MA_CROSS-1883,O-20250325-163400-001-MA_CROSS-1886,SELL,FLAT,0.00,100000.00,1742917560000000000,2025-03-25 15:46:00+00:00,1742920440000000000,2025-03-25 16:34:00+00:00,2880000000000.0,1.0807800000010002,1.0812599999990002,['4.32 USD'],-0.00044,-52.32 USD,True
BACKTESTER-001,MovingAverageCrossover-MA_CROSS,EUR/USD.IDEALPRO,IDEALPRO-001,O-20250325-170000-001-MA_CROSS-1887,O-20250325-170000-001-MA_CROSS-1888,SELL,FLAT,0.00,100000.00,1742922000000000000,2025-03-25 17:00:00+00:00,1742922480000000000,2025-03-25 17:08:00+00:00,480000000000.0,1.080640000001,1.0816599999990002,['4.32 USD'],-0.00094,-106.32 USD,True
BACKTESTER-001,MovingAverageCrossover-MA_CROSS,EUR/USD.IDEALPRO,IDEALPRO-001,O-20250325-223800-001-MA_CROSS-1890,O-20250326-000600-001-MA_CROSS-1893,SELL,FLAT,0.00,100000.00,1742942280000000000,2025-03-25 22:38:00+00:00,1742947560000000000,2025-03-26 00:06:00+00:00,5280000000000.0,1.0790200000010002,1.078859999999,['4.32 USD'],0.00015,11.68 USD,True
BACKTESTER-001,MovingAverageCrossover-MA_CROSS,EUR/USD.IDEALPRO,IDEALPRO-001,O-20250326-004600-001-MA_CROSS-1894,O-20250326-004600-001-MA_CROSS-1895,SELL,FLAT,0.00,100000.00,1742949960000000000,2025-03-26 00:46:00+00:00,1742957460000000000,2025-03-26 02:51:00+00:00,7500000000000.0,1.0786400000010001,1.0796599999990002,['4.32 USD'],-0.00095,-106.32 USD,True
BACKTESTER-001,MovingAverageCrossover-MA_CROSS,EUR/USD.IDEALPRO,IDEALPRO-001,O-20250326-030200-001-MA_CROSS-1897,O-20250326-033000-001-MA_CROSS-1900,BUY,FLAT,0.00,100000.00,1742958120000000000,2025-03-26 03:02:00+00:00,1742959800000000000,2025-03-26 03:30:00+00:00,1680000000000.0,1.079579999999,1.078990000001,['4.32 USD'],-0.00055,-63.32 USD,True
BACKTESTER-001,MovingAverageCrossover-MA_CROSS,EUR/USD.IDEALPRO,IDEALPRO-001,O-20250326-054600-001-MA_CROSS-1901,O-20250326-103400-001-MA_CROSS-1904,BUY,FLAT,0.00,100000.00,1742967960000000000,2025-03-26 05:46:00+00:00,1742985240000000000,2025-03-26 10:34:00+00:00,17280000000000.0,1.0785499999989998,1.079070000001,['4.32 USD'],0.00048,47.68 USD,True
BACKTESTER-001,MovingAverageCrossover-MA_CROSS,EUR/USD.IDEALPRO,IDEALPRO-001,O-20250326-111800-001-MA_CROSS-1905,O-20250326-111800-001-MA_CROSS-1906,BUY,FLAT,0.00,100000.00,1742987880000000000,2025-03-26 11:18:00+00:00,1742991060000000000,2025-03-26 12:11:00+00:00,3180000000000.0,1.0793899999990002,1.078370000001,['4.32 USD'],-0.00094,-106.32 USD,True
BACKTESTER-001,MovingAverageCrossover-MA_CROSS,EUR/USD.IDEALPRO,IDEALPRO-001,O-20250326-132000-001-MA_CROSS-1908,O-20250326-132000-001-MA_CROSS-1909,SELL,FLAT,0.00,100000.00,1742995200000000000,2025-03-26 13:20:00+00:00,1742998500000000000,2025-03-26 14:15:00+00:00,3300000000000.0,1.077610000001,1.0786299999989999,['4.32 USD'],-0.00095,-106.32 USD,True
BACKTESTER-001,MovingAverageCrossover-MA_CROSS,EUR/USD.IDEALPRO,IDEALPRO-001,O-20250326-141600-001-MA_CROSS-1911,O-20250326-153000-001-MA_CROSS-1914,BUY,FLAT,0.00,100000.00,1742998560000000000,2025-03-26 14:16:00+00:00,1743003000000000000,2025-03-26 15:30:00+00:00,4440000000000.0,1.0788499999990002,1.078510000001,['4.32 USD'],-0.00032,-38.32 USD,True
BACKTESTER-001,MovingAverageCrossover-MA_CROSS,EUR/USD.IDEALPRO,IDEALPRO-001,O-20250326-162400-001-MA_CROSS-1915,O-20250326-162400-001-MA_CROSS-1916,BUY,FLAT,0.00,100000.00,1743006240000000000,2025-03-26 16:24:00+00:00,1743009360000000000,2025-03-26 17:16:00+00:00,3120000000000.0,1.0786499999990002,1.0776300000010002,['4.32 USD'],-0.00095,-106.32 USD,True
BACKTESTER-001,MovingAverageCrossover-MA_CROSS,EUR/USD.IDEALPRO,IDEALPRO-001,O-20250326-171600-001-MA_CROSS-1918,O-20250326-171600-001-MA_CROSS-1920,SELL,FLAT,0.00,100000.00,1743009360000000000,2025-03-26 17:16:00+00:00,1743010500000000000,2025-03-26 17:35:00+00:00,1140000000000.0,1.077760000001,1.07527,['4.31 USD'],0.00231,244.69 USD,True
BACKTESTER-001,MovingAverageCrossover-MA_CROSS,EUR/USD.IDEALPRO,IDEALPRO-001,O-20250326-201600-001-MA_CROSS-1921,O-20250326-201600-001-MA_CROSS-1922,BUY,FLAT,0.00,100000.00,1743020160000000000,2025-03-26 20:16:00+00:00,1743024120000000000,2025-03-26 21:22:00+00:00,3960000000000.0,1.0754099999989999,1.074390000001,['4.30 USD'],-0.00095,-106.30 USD,True
BACKTESTER-001,MovingAverageCrossover-MA_CROSS,EUR/USD.IDEALPRO,IDEALPRO-001,O-20250326-221800-001-MA_CROSS-1924,O-20250326-221800-001-MA_CROSS-1925,SELL,FLAT,0.00,100000.00,1743027480000000000,2025-03-26 22:18:00+00:00,1743033960000000000,2025-03-27 00:06:00+00:00,6480000000000.0,1.0736300000010002,1.0746499999990002,['4.30 USD'],-0.00095,-106.30 USD,True
BACKTESTER-001,MovingAverageCrossover-MA_CROSS,EUR/USD.IDEALPRO,IDEALPRO-001,O-20250327-004600-001-MA_CROSS-1927,O-20250327-004600-001-MA_CROSS-1929,BUY,FLAT,0.00,100000.00,1743036360000000000,2025-03-27 00:46:00+00:00,1743041940000000000,2025-03-27 02:19:00+00:00,5580000000000.0,1.075059999999,1.0775500000000002,['4.31 USD'],0.00232,244.69 USD,True
BACKTESTER-001,MovingAverageCrossover-MA_CROSS,EUR/USD.IDEALPRO,IDEALPRO-001,O-20250327-050000-001-MA_CROSS-1930,O-20250327-063200-001-MA_CROSS-1933,SELL,FLAT,0.00,100000.00,1743051600000000000,2025-03-27 05:00:00+00:00,1743057120000000000,2025-03-27 06:32:00+00:00,5520000000000.0,1.0780400000010002,1.0777499999990001,['4.32 USD'],0.00027,24.68 USD,True
BACKTESTER-001,MovingAverageCrossover-MA_CROSS,EUR/USD.IDEALPRO,IDEALPRO-001,O-20250327-070000-001-MA_CROSS-1934,O-20250327-084600-001-MA_CROSS-1937,SELL,FLAT,0.00,100000.00,1743058800000000000,2025-03-27 07:00:00+00:00,1743065160000000000,2025-03-27 08:46:00+00:00,6360000000000.0,1.077310000001,1.0772799999990001,['4.30 USD'],3e-05,-1.30 USD,True
BACKTESTER-001,MovingAverageCrossover-MA_CROSS,EUR/USD.IDEALPRO,IDEALPRO-001,O-20250327-093000-001-MA_CROSS-1938,O-20250327-100200-001-MA_CROSS-1941,SELL,FLAT,0.00,100000.00,1743067800000000000,2025-03-27 09:30:00+00:00,1743069720000000000,2025-03-27 10:02:00+00:00,1920000000000.0,1.076610000001,1.0771899999990002,['4.30 USD'],-0.00054,-62.30 USD,True
BACKTESTER-001,MovingAverageCrossover-MA_CROSS,EUR/USD.IDEALPRO,IDEALPRO-001,O-20250327-114600-001-MA_CROSS-1942,O-20250327-114600-001-MA_CROSS-1943,SELL,FLAT,0.00,100000.00,1743075960000000000,2025-03-27 11:46:00+00:00,1743077400000000000,2025-03-27 12:10:00+00:00,1440000000000.0,1.0779400000009998,1.078959999999,['4.32 USD'],-0.00095,-106.32 USD,True
BACKTESTER-001,MovingAverageCrossover-MA_CROSS,EUR/USD.IDEALPRO,IDEALPRO-001,O-20250327-134600-001-MA_CROSS-1945,O-20250327-134600-001-MA_CROSS-1946,BUY,FLAT,0.00,100000.00,1743083160000000000,2025-03-27 13:46:00+00:00,1743083580000000000,2025-03-27 13:53:00+00:00,420000000000.0,1.079549999999,1.078530000001,['4.32 USD'],-0.00094,-106.32 USD,True
BACKTESTER-001,MovingAverageCrossover-MA_CROSS,EUR/USD.IDEALPRO,IDEALPRO-001,O-20250327-140000-001-MA_CROSS-1948,O-20250327-140000-001-MA_CROSS-1949,SELL,FLAT,0.00,100000.00,1743084000000000000,2025-03-27 14:00:00+00:00,1743087120000000000,2025-03-27 14:52:00+00:00,3120000000000.0,1.078010000001,1.079029999999,['4.32 USD'],-0.00095,-106.32 USD,True
BACKTESTER-001,MovingAverageCrossover-MA_CROSS,EUR/USD.IDEALPRO,IDEALPRO-001,O-20250327-150000-001-MA_CROSS-1951,O-20250327-150000-001-MA_CROSS-1953,BUY,FLAT,0.00,100000.00,1743087600000000000,2025-03-27 15:00:00+00:00,1743090060000000000,2025-03-27 15:41:00+00:00,2460000000000.0,1.078939999999,1.08143,['4.32 USD'],0.00231,244.68 USD,True
BACKTESTER-001,MovingAverageCrossover-MA_CROSS,EUR/USD.IDEALPRO,IDEALPRO-001,O-20250327-160200-001-MA_CROSS-1954,O-20250327-170400-001-MA_CROSS-1957,SELL,FLAT,0.00,100000.00,1743091320000000000,2025-03-27 16:02:00+00:00,1743095040000000000,2025-03-27 17:04:00+00:00,3720000000000.0,1.0798300000010002,1.079879999999,['4.32 USD'],-5e-05,-9.32 USD,True
BACKTESTER-001,MovingAverageCrossover-MA_CROSS,EUR/USD.IDEALPRO,IDEALPRO-001,O-20250327-173400-001-MA_CROSS-1958,O-20250327-193000-001-MA_CROSS-1961,SELL,FLAT,0.00,100000.00,1743096840000000000,2025-03-27 17:34:00+00:00,1743103800000000000,2025-03-27 19:30:00+00:00,6960000000000.0,1.079860000001,1.0798199999990001,['4.32 USD'],4e-05,-0.32 USD,True
BACKTESTER-001,MovingAverageCrossover-MA_CROSS,EUR/USD.IDEALPRO,IDEALPRO-001,O-20250328-001600-001-MA_CROSS-1962,O-20250328-030400-001-MA_CROSS-1965,SELL,FLAT,0.00,100000.00,1743120960000000000,2025-03-28 00:16:00+00:00,1743131040000000000,2025-03-28 03:04:00+00:00,10080000000000.0,1.0793900000010002,1.0796299999990002,['4.32 USD'],-0.00022,-28.32 USD,True
BACKTESTER-001,MovingAverageCrossover-MA_CROSS,EUR/USD.IDEALPRO,IDEALPRO-001,O-20250328-040000-001-MA_CROSS-1966,O-20250328-044800-001-MA_CROSS-1969,SELL,FLAT,0.00,100000.00,1743134400000000000,2025-03-28 04:00:00+00:00,1743137280000000000,2025-03-28 04:48:00+00:00,2880000000000.0,1.0791800000010001,1.078989999999,['4.32 USD'],0.00018,14.68 USD,True
BACKTESTER-001,MovingAverageCrossover-MA_CROSS,EUR/USD.IDEALPRO,IDEALPRO-001,O-20250328-061800-001-MA_CROSS-1970,O-20250328-071600-001-MA_CROSS-1973,SELL,FLAT,0.00,100000.00,1743142680000000000,2025-03-28 06:18:00+00:00,1743146160000000000,2025-03-28 07:16:00+00:00,3480000000000.0,1.078630000001,1.078799999999,['4.32 USD'],-0.00016,-21.32 USD,True
BACKTESTER-001,MovingAverageCrossover-MA_CROSS,EUR/USD.IDEALPRO,IDEALPRO-001,O-20250328-075000-001-MA_CROSS-1974,O-20250328-105200-001-MA_CROSS-1977,SELL,FLAT,0.00,100000.00,1743148200000000000,2025-03-28 07:50:00+00:00,1743159120000000000,2025-03-28 10:52:00+00:00,10920000000000.0,1.0789500000010002,1.0776899999990002,['4.32 USD'],0.00117,121.68 USD,True
BACKTESTER-001,MovingAverageCrossover-MA_CROSS,EUR/USD.IDEALPRO,IDEALPRO-001,O-20250328-110000-001-MA_CROSS-1978,O-20250328-114400-001-MA_CROSS-1981,SELL,FLAT,0.00,100000.00,1743159600000000000,2025-03-28 11:00:00+00:00,1743162240000000000,2025-03-28 11:44:00+00:00,2640000000000.0,1.076870000001,1.0772199999990002,['4.30 USD'],-0.00033,-39.30 USD,True
BACKTESTER-001,MovingAverageCrossover-MA_CROSS,EUR/USD.IDEALPRO,IDEALPRO-001,O-20250328-160000-001-MA_CROSS-1982,O-20250328-163000-001-MA_CROSS-1985,SELL,FLAT,0.00,100000.00,1743177600000000000,2025-03-28 16:00:00+00:00,1743179400000000000,2025-03-28 16:30:00+00:00,1800000000000.0,1.082500000001,1.083099999999,['4.33 USD'],-0.00055,-64.33 USD,True
BACKTESTER-001,MovingAverageCrossover-MA_CROSS,EUR/USD.IDEALPRO,IDEALPRO-001,O-20250328-164600-001-MA_CROSS-1986,O-20250328-174600-001-MA_CROSS-1989,SELL,FLAT,0.00,100000.00,1743180360000000000,2025-03-28 16:46:00+00:00,1743183960000000000,2025-03-28 17:46:00+00:00,3600000000000.0,1.0824400000010002,1.082799999999,['4.33 USD'],-0.00033,-40.33 USD,True
BACKTESTER-001,MovingAverageCrossover-MA_CROSS,EUR/USD.IDEALPRO,IDEALPRO-001,O-20250330-220400-001-MA_CROSS-1990,O-20250330-224600-001-MA_CROSS-1993,SELL,FLAT,0.00,100000.00,1743372240000000000,2025-03-30 22:04:00+00:00,1743374760000000000,2025-03-30 22:46:00+00:00,2520000000000.0,1.0812300000009998,1.082119999999,['4.32 USD'],-0.00082,-93.32 USD,True
BACKTESTER-001,MovingAverageCrossover-MA_CROSS,EUR/USD.IDEALPRO,IDEALPRO-001,O-20250331-031600-001-MA_CROSS-1994,O-20250331-053000-001-MA_CROSS-1997,SELL,FLAT,0.00,100000.00,1743390960000000000,2025-03-31 03:16:00+00:00,1743399000000000000,2025-03-31 05:30:00+00:00,8040000000000.0,1.0835900000010001,1.0839699999990002,['4.34 USD'],-0.00035,-42.34 USD,True
BACKTESTER-001,MovingAverageCrossover-MA_CROSS,EUR/USD.IDEALPRO,IDEALPRO-001,O-20250331-060000-001-MA_CROSS-1998,O-20250331-064600-001-MA_CROSS-2001,SELL,FLAT,0.00,100000.00,1743400800000000000,2025-03-31 06:00:00+00:00,1743403560000000000,2025-03-31 06:46:00+00:00,2760000000000.0,1.083430000001,1.0838499999990001,['4.34 USD'],-0.00039,-46.34 USD,True
BACKTESTER-001,MovingAverageCrossover-MA_CROSS,EUR/USD.IDEALPRO,IDEALPRO-001,O-20250331-071800-001-MA_CROSS-2002,O-20250331-090000-001-MA_CROSS-2005,SELL,FLAT,0.00,100000.00,1743405480000000000,2025-03-31 07:18:00+00:00,1743411600000000000,2025-03-31 09:00:00+00:00,6120000000000.0,1.0830500000010002,1.082759999999,['4.34 USD'],0.00027,24.66 USD,True
BACKTESTER-001,MovingAverageCrossover-MA_CROSS,EUR/USD.IDEALPRO,IDEALPRO-001,O-20250331-093800-001-MA_CROSS-2006,O-20250331-110000-001-MA_CROSS-2009,SELL,FLAT,0.00,100000.00,1743413880000000000,2025-03-31 09:38:00+00:00,1743418800000000000,2025-03-31 11:00:00+00:00,4920000000000.0,1.082320000001,1.081849999999,['4.32 USD'],0.00043,42.68 USD,True
BACKTESTER-001,MovingAverageCrossover-MA_CROSS,EUR/USD.IDEALPRO,IDEALPRO-001,O-20250331-130200-001-MA_CROSS-2010,O-20250331-130200-001-MA_CROSS-2011,SELL,FLAT,0.00,100000.00,1743426120000000000,2025-03-31 13:02:00+00:00,1743426780000000000,2025-03-31 13:13:00+00:00,660000000000.0,1.0805100000010002,1.0815299999990002,['4.32 USD'],-0.00094,-106.32 USD,True
BACKTESTER-001,MovingAverageCrossover-MA_CROSS,EUR/USD.IDEALPRO,IDEALPRO-001,O-20250331-131600-001-MA_CROSS-2013,O-20250331-135600-001-MA_CROSS-2016,BUY,FLAT,0.00,100000.00,1743426960000000000,2025-03-31 13:16:00+00:00,1743429360000000000,2025-03-31 13:56:00+00:00,2400000000000.0,1.081339999999,1.0807800000010002,['4.32 USD'],-0.00052,-60.32 USD,True
BACKTESTER-001,MovingAverageCrossover-MA_CROSS,EUR/USD.IDEALPRO,IDEALPRO-001,O-20250331-150600-001-MA_CROSS-2017,O-20250331-150600-001-MA_CROSS-2018,BUY,FLAT,0.00,100000.00,1743433560000000000,2025-03-31 15:06:00+00:00,1743433740000000000,2025-03-31 15:09:00+00:00,180000000000.0,1.0799599999990002,1.079400000001,['4.32 USD'],-0.00052,-60.32 USD,True
BACKTESTER-001,MovingAverageCrossover-MA_CROSS,EUR/USD.IDEALPRO,IDEALPRO-001,O-20250331-154600-001-MA_CROSS-2020,O-20250331-163800-001-MA_CROSS-2023,SELL,FLAT,0.00,100000.00,1743435960000000000,2025-03-31 15:46:00+00:00,1743439080000000000,2025-03-31 16:38:00+00:00,3120000000000.0,1.0801000000010001,1.080789999999,['4.32 USD'],-0.00064,-73.32 USD,True
BACKTESTER-001,MovingAverageCrossover-MA_CROSS,EUR/USD.IDEALPRO,IDEALPRO-001,O-20250331-200400-001-MA_CROSS-2024,O-20250331-201600-001-MA_CROSS-2027,SELL,FLAT,0.00,100000.00,1743451440000000000,2025-03-31 20:04:00+00:00,1743452160000000000,2025-03-31 20:16:00+00:00,720000000000.0,1.081210000001,1.0817199999990001,['4.32 USD'],-0.00047,-55.32 USD,True
BACKTESTER-001,MovingAverageCrossover-MA_CROSS,EUR/USD.IDEALPRO,IDEALPRO-001,O-20250401-030400-001-MA_CROSS-2028,O-20250401-033400-001-MA_CROSS-2031,SELL,FLAT,0.00,100000.00,1743476640000000000,2025-04-01 03:04:00+00:00,1743478440000000000,2025-04-01 03:34:00+00:00,1800000000000.0,1.082460000001,1.082659999999,['4.33 USD'],-0.00018,-24.33 USD,True
BACKTESTER-001,MovingAverageCrossover-MA_CROSS,EUR/USD.IDEALPRO,IDEALPRO-001,O-20250401-050400-001-MA_CROSS-2032,O-20250401-071600-001-MA_CROSS-2035,SELL,FLAT,0.00,100000.00,1743483840000000000,2025-04-01 05:04:00+00:00,1743491760000000000,2025-04-01 07:16:00+00:00,7920000000000.0,1.082020000001,1.0812299999989998,['4.32 USD'],0.00073,74.68 USD,True
BACKTESTER-001,MovingAverageCrossover-MA_CROSS,EUR/USD.IDEALPRO,IDEALPRO-001,O-20250401-073000-001-MA_CROSS-2036,O-20250401-081600-001-MA_CROSS-2039,SELL,FLAT,0.00,100000.00,1743492600000000000,2025-04-01 07:30:00+00:00,1743495360000000000,2025-04-01 08:16:00+00:00,2760000000000.0,1.0804000000010001,1.080789999999,['4.32 USD'],-0.00036,-43.32 USD,True
BACKTESTER-001,MovingAverageCrossover-MA_CROSS,EUR/USD.IDEALPRO,IDEALPRO-001,O-20250401-094600-001-MA_CROSS-2040,O-20250401-094600-001-MA_CROSS-2042,SELL,FLAT,0.00,100000.00,1743500760000000000,2025-04-01 09:46:00+00:00,1743502200000000000,2025-04-01 10:10:00+00:00,1440000000000.0,1.0815300000010002,1.0790400000000002,['4.32 USD'],0.0023,244.68 USD,True
BACKTESTER-001,MovingAverageCrossover-MA_CROSS,EUR/USD.IDEALPRO,IDEALPRO-001,O-20250401-133000-001-MA_CROSS-2043,O-20250401-133000-001-MA_CROSS-2044,BUY,FLAT,0.00,100000.00,1743514200000000000,2025-04-01 13:30:00+00:00,1743515940000000000,2025-04-01 13:59:00+00:00,1740000000000.0,1.079539999999,1.0785200000009998,['4.32 USD'],-0.00094,-106.32 USD,True
BACKTESTER-001,MovingAverageCrossover-MA_CROSS,EUR/USD.IDEALPRO,IDEALPRO-001,O-20250401-140000-001-MA_CROSS-2046,O-20250401-140000-001-MA_CROSS-2047,SELL,FLAT,0.00,100000.00,1743516000000000000,2025-04-01 14:00:00+00:00,1743516120000000000,2025-04-01 14:02:00+00:00,120000000000.0,1.078730000001,1.079749999999,['4.32 USD'],-0.00095,-106.32 USD,True
BACKTESTER-001,MovingAverageCrossover-MA_CROSS,EUR/USD.IDEALPRO,IDEALPRO-001,O-20250401-141600-001-MA_CROSS-2049,O-20250401-141600-001-MA_CROSS-2050,BUY,FLAT,0.00,100000.00,1743516960000000000,2025-04-01 14:16:00+00:00,1743517560000000000,2025-04-01 14:26:00+00:00,600000000000.0,1.0810699999989999,1.080050000001,['4.32 USD'],-0.00094,-106.32 USD,True
BACKTESTER-001,MovingAverageCrossover-MA_CROSS,EUR/USD.IDEALPRO,IDEALPRO-001,O-20250401-154600-001-MA_CROSS-2052,O-20250401-170200-001-MA_CROSS-2055,SELL,FLAT,0.00,100000.00,1743522360000000000,2025-04-01 15:46:00+00:00,1743526920000000000,2025-04-01 17:02:00+00:00,4560000000000.0,1.080290000001,1.0802799999989998,['4.32 USD'],1e-05,-3.32 USD,True
BACKTESTER-001,MovingAverageCrossover-MA_CROSS,EUR/USD.IDEALPRO,IDEALPRO-001,O-20250401-173000-001-MA_CROSS-2056,O-20250401-201600-001-MA_CROSS-2059,SELL,FLAT,0.00,100000.00,1743528600000000000,2025-04-01 17:30:00+00:00,1743538560000000000,2025-04-01 20:16:00+00:00,9960000000000.0,1.0793900000010002,1.0790899999990002,['4.32 USD'],0.00028,25.68 USD,True
BACKTESTER-001,MovingAverageCrossover-MA_CROSS,EUR/USD.IDEALPRO,IDEALPRO-001,O-20250401-230000-001-MA_CROSS-2060,O-20250402-031600-001-MA_CROSS-2063,SELL,FLAT,0.00,100000.00,1743548400000000000,2025-04-01 23:00:00+00:00,1743563760000000000,2025-04-02 03:16:00+00:00,15360000000000.0,1.079910000001,1.079909999999,['4.32 USD'],0.0,-4.32 USD,True
BACKTESTER-001,MovingAverageCrossover-MA_CROSS,EUR/USD.IDEALPRO,IDEALPRO-001,O-20250402-034800-001-MA_CROSS-2064,O-20250402-061600-001-MA_CROSS-2067,SELL,FLAT,0.00,100000.00,1743565680000000000,2025-04-02 03:48:00+00:00,1743574560000000000,2025-04-02 06:16:00+00:00,8880000000000.0,1.0796200000010001,1.0792799999990002,['4.32 USD'],0.00031,29.68 USD,True
BACKTESTER-001,MovingAverageCrossover-MA_CROSS,EUR/USD.IDEALPRO,IDEALPRO-001,O-20250402-064400-001-MA_CROSS-2068,O-20250402-070000-001-MA_CROSS-2071,SELL,FLAT,0.00,100000.00,1743576240000000000,2025-04-02 06:44:00+00:00,1743577200000000000,2025-04-02 07:00:00+00:00,960000000000.0,1.0789500000010002,1.0792999999989998,['4.32 USD'],-0.00032,-39.32 USD,True
BACKTESTER-001,MovingAverageCrossover-MA_CROSS,EUR/USD.IDEALPRO,IDEALPRO-001,O-20250402-071600-001-MA_CROSS-2072,O-20250402-071600-001-MA_CROSS-2073,SELL,FLAT,0.00,100000.00,1743578160000000000,2025-04-02 07:16:00+00:00,1743580740000000000,2025-04-02 07:59:00+00:00,2580000000000.0,1.0781700000010002,1.0791899999990002,['4.32 USD'],-0.00095,-106.32 USD,True
BACKTESTER-001,MovingAverageCrossover-MA_CROSS,EUR/USD.IDEALPRO,IDEALPRO-001,O-20250402-080000-001-MA_CROSS-2075,O-20250402-103000-001-MA_CROSS-2078,BUY,FLAT,0.00,100000.00,1743580800000000000,2025-04-02 08:00:00+00:00,1743589800000000000,2025-04-02 10:30:00+00:00,9000000000000.0,1.0791899999990002,1.079290000001,['4.32 USD'],9e-05,5.68 USD,True
BACKTESTER-001,MovingAverageCrossover-MA_CROSS,EUR/USD.IDEALPRO,IDEALPRO-001,O-20250402-111400-001-MA_CROSS-2079,O-20250402-111400-001-MA_CROSS-2081,BUY,FLAT,0.00,100000.00,1743592440000000000,2025-04-02 11:14:00+00:00,1743599760000000000,2025-04-02 13:16:00+00:00,7320000000000.0,1.079839999999,1.0823300000000002,['4.32 USD'],0.00231,244.68 USD,True
BACKTESTER-001,MovingAverageCrossover-MA_CROSS,EUR/USD.IDEALPRO,IDEALPRO-001,O-20250402-163000-001-MA_CROSS-2082,O-20250402-170600-001-MA_CROSS-2085,SELL,FLAT,0.00,100000.00,1743611400000000000,2025-04-02 16:30:00+00:00,1743613560000000000,2025-04-02 17:06:00+00:00,2160000000000.0,1.085380000001,1.085839999999,['4.34 USD'],-0.00042,-50.34 USD,True
BACKTESTER-001,MovingAverageCrossover-MA_CROSS,EUR/USD.IDEALPRO,IDEALPRO-001,O-20250402-180000-001-MA_CROSS-2086,O-20250402-180000-001-MA_CROSS-2087,SELL,FLAT,0.00,100000.00,1743616800000000000,2025-04-02 18:00:00+00:00,1743624840000000000,2025-04-02 20:14:00+00:00,8040000000000.0,1.0851800000010001,1.086199999999,['4.34 USD'],-0.00094,-106.34 USD,True
BACKTESTER-001,MovingAverageCrossover-MA_CROSS,EUR/USD.IDEALPRO,IDEALPRO-001,O-20250402-201600-001-MA_CROSS-2089,O-20250402-201600-001-MA_CROSS-2091,BUY,FLAT,0.00,100000.00,1743624960000000000,2025-04-02 20:16:00+00:00,1743625080000000000,2025-04-02 20:18:00+00:00,120000000000.0,1.0883399999990002,1.09083,['4.36 USD'],0.00229,244.64 USD,True
BACKTESTER-001,MovingAverageCrossover-MA_CROSS,EUR/USD.IDEALPRO,IDEALPRO-001,O-20250402-203400-001-MA_CROSS-2092,O-20250402-203400-001-MA_CROSS-2093,SELL,FLAT,0.00,100000.00,1743626040000000000,2025-04-02 20:34:00+00:00,1743626160000000000,2025-04-02 20:36:00+00:00,120000000000.0,1.0839600000010001,1.0849799999990002,['4.34 USD'],-0.00094,-106.34 USD,True
BACKTESTER-001,MovingAverageCrossover-MA_CROSS,EUR/USD.IDEALPRO,IDEALPRO-001,O-20250403-004600-001-MA_CROSS-2095,O-20250403-004600-001-MA_CROSS-2096,BUY,FLAT,0.00,100000.00,1743641160000000000,2025-04-03 00:46:00+00:00,1743641760000000000,2025-04-03 00:56:00+00:00,600000000000.0,1.0904099999990002,1.0893900000010002,['4.36 USD'],-0.00094,-106.36 USD,True
BACKTESTER-001,MovingAverageCrossover-MA_CROSS,EUR/USD.IDEALPRO,IDEALPRO-001,O-20250403-031600-001-MA_CROSS-2098,O-20250403-033000-001-MA_CROSS-2101,SELL,FLAT,0.00,100000.00,1743650160000000000,2025-04-03 03:16:00+00:00,1743651000000000000,2025-04-03 03:30:00+00:00,840000000000.0,1.091100000001,1.091979999999,['4.36 USD'],-0.00081,-92.36 USD,True
BACKTESTER-001,MovingAverageCrossover-MA_CROSS,EUR/USD.IDEALPRO,IDEALPRO-001,O-20250403-040600-001-MA_CROSS-2102,O-20250403-051600-001-MA_CROSS-2105,SELL,FLAT,0.00,100000.00,1743653160000000000,2025-04-03 04:06:00+00:00,1743657360000000000,2025-04-03 05:16:00+00:00,4200000000000.0,1.091340000001,1.091869999999,['4.36 USD'],-0.00049,-57.36 USD,True
BACKTESTER-001,MovingAverageCrossover-MA_CROSS,EUR/USD.IDEALPRO,IDEALPRO-001,O-20250403-073000-001-MA_CROSS-2106,O-20250403-073000-001-MA_CROSS-2107,SELL,FLAT,0.00,100000.00,1743665400000000000,2025-04-03 07:30:00+00:00,1743665880000000000,2025-04-03 07:38:00+00:00,480000000000.0,1.094980000001,1.0959999999990002,['4.38 USD'],-0.00093,-106.38 USD,True
BACKTESTER-001,MovingAverageCrossover-MA_CROSS,EUR/USD.IDEALPRO,IDEALPRO-001,O-20250403-075800-001-MA_CROSS-2109,O-20250403-075800-001-MA_CROSS-2111,BUY,FLAT,0.00,100000.00,1743667080000000000,2025-04-03 07:58:00+00:00,1743669420000000000,2025-04-03 08:37:00+00:00,2340000000000.0,1.0968499999990002,1.09959,['4.39 USD'],0.0025,269.61 USD,True
BACKTESTER-001,MovingAverageCrossover-MA_CROSS,EUR/USD.IDEALPRO,IDEALPRO-001,O-20250403-104600-001-MA_CROSS-2112,O-20250403-104600-001-MA_CROSS-2114,SELL,FLAT,0.00,100000.00,1743677160000000000,2025-04-03 10:46:00+00:00,1743677940000000000,2025-04-03 10:59:00+00:00,780000000000.0,1.1074600000010002,1.10497,['4.42 USD'],0.00225,244.58 USD,True
BACKTESTER-001,MovingAverageCrossover-MA_CROSS,EUR/USD.IDEALPRO,IDEALPRO-001,O-20250403-114600-001-MA_CROSS-2115,O-20250403-114600-001-MA_CROSS-2116,BUY,FLAT,0.00,100000.00,1743680760000000000,2025-04-03 11:46:00+00:00,1743682680000000000,2025-04-03 12:18:00+00:00,1920000000000.0,1.1089199999989998,1.1079000000010002,['4.44 USD'],-0.00092,-106.44 USD,True
BACKTESTER-001,MovingAverageCrossover-MA_CROSS,EUR/USD.IDEALPRO,IDEALPRO-001,O-20250403-130200-001-MA_CROSS-2118,O-20250403-130200-001-MA_CROSS-2119,SELL,FLAT,0.00,100000.00,1743685320000000000,2025-04-03 13:02:00+00:00,1743685500000000000,2025-04-03 13:05:00+00:00,180000000000.0,1.1078600000010002,1.1088799999990002,['4.44 USD'],-0.00092,-106.44 USD,True
BACKTESTER-001,MovingAverageCrossover-MA_CROSS,EUR/USD.IDEALPRO,IDEALPRO-001,O-20250403-131600-001-MA_CROSS-2121,O-20250403-131600-001-MA_CROSS-2122,BUY,FLAT,0.00,100000.00,1743686160000000000,2025-04-03 13:16:00+00:00,1743686160000000000,2025-04-03 13:16:00+00:00,,1.111979999999,1.110960000001,['4.44 USD'],-0.00092,-106.44 USD,True
BACKTESTER-001,MovingAverageCrossover-MA_CROSS,EUR/USD.IDEALPRO,IDEALPRO-001,O-20250403-133400-001-MA_CROSS-2124,O-20250403-133400-001-MA_CROSS-2125,SELL,FLAT,0.00,100000.00,1743687240000000000,2025-04-03 13:34:00+00:00,1743687720000000000,2025-04-03 13:42:00+00:00,480000000000.0,1.108160000001,1.1091799999990002,['4.44 USD'],-0.00092,-106.44 USD,True
BACKTESTER-001,MovingAverageCrossover-MA_CROSS,EUR/USD.IDEALPRO,IDEALPRO-001,O-20250403-141600-001-MA_CROSS-2127,O-20250403-141600-001-MA_CROSS-2129,BUY,FLAT,0.00,100000.00,1743689760000000000,2025-04-03 14:16:00+00:00,1743691380000000000,2025-04-03 14:43:00+00:00,1620000000000.0,1.1091199999990002,1.11161,['4.44 USD'],0.00225,244.56 USD,True
BACKTESTER-001,MovingAverageCrossover-MA_CROSS,EUR/USD.IDEALPRO,IDEALPRO-001,O-20250403-151600-001-MA_CROSS-2130,O-20250403-151600-001-MA_CROSS-2132,SELL,FLAT,0.00,100000.00,1743693360000000000,2025-04-03 15:16:00+00:00,1743694020000000000,2025-04-03 15:27:00+00:00,660000000000.0,1.1088400000010001,1.10635,['4.43 USD'],0.00225,244.57 USD,True
BACKTESTER-001,MovingAverageCrossover-MA_CROSS,EUR/USD.IDEALPRO,IDEALPRO-001,O-20250403-200400-001-MA_CROSS-2133,O-20250403-200400-001-MA_CROSS-2135,BUY,FLAT,0.00,100000.00,1743710640000000000,2025-04-03 20:04:00+00:00,1743713340000000000,2025-04-03 20:49:00+00:00,2700000000000.0,1.102489999999,1.10498,['4.41 USD'],0.00226,244.59 USD,True
BACKTESTER-001,MovingAverageCrossover-MA_CROSS,EUR/USD.IDEALPRO,IDEALPRO-001,O-20250404-000400-001-MA_CROSS-2136,O-20250404-000400-001-MA_CROSS-2137,SELL,FLAT,0.00,100000.00,1743725040000000000,2025-04-04 00:04:00+00:00,1743727260000000000,2025-04-04 00:41:00+00:00,2220000000000.0,1.103960000001,1.1049799999990002,['4.42 USD'],-0.00092,-106.42 USD,True
BACKTESTER-001,MovingAverageCrossover-MA_CROSS,EUR/USD.IDEALPRO,IDEALPRO-001,O-20250404-004600-001-MA_CROSS-2139,O-20250404-030200-001-MA_CROSS-2142,BUY,FLAT,0.00,100000.00,1743727560000000000,2025-04-04 00:46:00+00:00,1743735720000000000,2025-04-04 03:02:00+00:00,8160000000000.0,1.105909999999,1.1057900000010001,['4.42 USD'],-0.00011,-16.42 USD,True
BACKTESTER-001,MovingAverageCrossover-MA_CROSS,EUR/USD.IDEALPRO,IDEALPRO-001,O-20250404-033000-001-MA_CROSS-2143,O-20250404-033000-001-MA_CROSS-2145,BUY,FLAT,0.00,100000.00,1743737400000000000,2025-04-04 03:30:00+00:00,1743743820000000000,2025-04-04 05:17:00+00:00,6420000000000.0,1.107679999999,1.11017,['4.44 USD'],0.00225,244.56 USD,True
BACKTESTER-001,MovingAverageCrossover-MA_CROSS,EUR/USD.IDEALPRO,IDEALPRO-001,O-20250404-054600-001-MA_CROSS-2146,O-20250404-054600-001-MA_CROSS-2148,SELL,FLAT,0.00,100000.00,1743745560000000000,2025-04-04 05:46:00+00:00,1743749760000000000,2025-04-04 06:56:00+00:00,4200000000000.0,1.108150000001,1.10566,['4.43 USD'],0.00225,244.57 USD,True
BACKTESTER-001,MovingAverageCrossover-MA_CROSS,EUR/USD.IDEALPRO,IDEALPRO-001,O-20250404-085800-001-MA_CROSS-2149,O-20250404-085800-001-MA_CROSS-2151,SELL,FLAT,0.00,100000.00,1743757080000000000,2025-04-04 08:58:00+00:00,1743760020000000000,2025-04-04 09:47:00+00:00,2940000000000.0,1.099680000001,1.09719,['4.39 USD'],0.00226,244.61 USD,True
BACKTESTER-001,MovingAverageCrossover-MA_CROSS,EUR/USD.IDEALPRO,IDEALPRO-001,O-20250404-103000-001-MA_CROSS-2152,O-20250404-103000-001-MA_CROSS-2153,BUY,FLAT,0.00,100000.00,1743762600000000000,2025-04-04 10:30:00+00:00,1743762660000000000,2025-04-04 10:31:00+00:00,60000000000.0,1.1044999999990002,1.103480000001,['4.42 USD'],-0.00092,-106.42 USD,True
BACKTESTER-001,MovingAverageCrossover-MA_CROSS,EUR/USD.IDEALPRO,IDEALPRO-001,O-20250404-130200-001-MA_CROSS-2155,O-20250404-130200-001-MA_CROSS-2156,SELL,FLAT,0.00,100000.00,1743771720000000000,2025-04-04 13:02:00+00:00,1743771900000000000,2025-04-04 13:05:00+00:00,180000000000.0,1.1024700000010001,1.1034899999990002,['4.41 USD'],-0.00093,-106.41 USD,True
BACKTESTER-001,MovingAverageCrossover-MA_CROSS,EUR/USD.IDEALPRO,IDEALPRO-001,O-20250404-151600-001-MA_CROSS-2158,O-20250404-151600-001-MA_CROSS-2159,BUY,FLAT,0.00,100000.00,1743779760000000000,2025-04-04 15:16:00+00:00,1743780120000000000,2025-04-04 15:22:00+00:00,360000000000.0,1.0993099999990001,1.098290000001,['4.40 USD'],-0.00093,-106.40 USD,True
BACKTESTER-001,MovingAverageCrossover-MA_CROSS,EUR/USD.IDEALPRO,IDEALPRO-001,O-20250404-161600-001-MA_CROSS-2161,O-20250404-161600-001-MA_CROSS-2163,SELL,FLAT,0.00,100000.00,1743783360000000000,2025-04-04 16:16:00+00:00,1743785340000000000,2025-04-04 16:49:00+00:00,1980000000000.0,1.098760000001,1.09627,['4.39 USD'],0.00227,244.61 USD,True
BACKTESTER-001,MovingAverageCrossover-MA_CROSS,EUR/USD.IDEALPRO,IDEALPRO-001,O-20250404-193200-001-MA_CROSS-2164,O-20250404-200400-001-MA_CROSS-2167,BUY,FLAT,0.00,100000.00,1743795120000000000,2025-04-04 19:32:00+00:00,1743797040000000000,2025-04-04 20:04:00+00:00,1920000000000.0,1.094689999999,1.094630000001,['4.38 USD'],-5e-05,-10.38 USD,True
BACKTESTER-001,MovingAverageCrossover-MA_CROSS,EUR/USD.IDEALPRO,IDEALPRO-001,O-20250404-205000-001-MA_CROSS-2168,O-20250404-205000-001-MA_CROSS-2169,BUY,FLAT,0.00,100000.00,1743799800000000000,2025-04-04 20:50:00+00:00,1743974160000000000,2025-04-06 21:16:00+00:00,174360000000000.0,1.095329999999,1.094310000001,['4.38 USD'],-0.00093,-106.38 USD,True
BACKTESTER-001,MovingAverageCrossover-MA_CROSS,EUR/USD.IDEALPRO,IDEALPRO-001,O-20250407-001600-001-MA_CROSS-2171,O-20250407-001600-001-MA_CROSS-2172,SELL,FLAT,0.00,100000.00,1743984960000000000,2025-04-07 00:16:00+00:00,1743985200000000000,2025-04-07 00:20:00+00:00,240000000000.0,1.094650000001,1.095669999999,['4.38 USD'],-0.00093,-106.38 USD,True
BACKTESTER-001,MovingAverageCrossover-MA_CROSS,EUR/USD.IDEALPRO,IDEALPRO-001,O-20250407-034600-001-MA_CROSS-2174,O-20250407-034600-001-MA_CROSS-2176,BUY,FLAT,0.00,100000.00,1743997560000000000,2025-04-07 03:46:00+00:00,1743999900000000000,2025-04-07 04:25:00+00:00,2340000000000.0,1.0948099999990002,1.0973,['4.38 USD'],0.00227,244.62 USD,True
BACKTESTER-001,MovingAverageCrossover-MA_CROSS,EUR/USD.IDEALPRO,IDEALPRO-001,O-20250407-074800-001-MA_CROSS-2177,O-20250407-074800-001-MA_CROSS-2179,SELL,FLAT,0.00,100000.00,1744012080000000000,2025-04-07 07:48:00+00:00,1744014000000000000,2025-04-07 08:20:00+00:00,1920000000000.0,1.1013500000010001,1.09886,['4.40 USD'],0.00226,244.60 USD,True
BACKTESTER-001,MovingAverageCrossover-MA_CROSS,EUR/USD.IDEALPRO,IDEALPRO-001,O-20250407-103000-001-MA_CROSS-2180,O-20250407-103000-001-MA_CROSS-2181,BUY,FLAT,0.00,100000.00,1744021800000000000,2025-04-07 10:30:00+00:00,1744022580000000000,2025-04-07 10:43:00+00:00,780000000000.0,1.0985399999990002,1.0975200000010001,['4.40 USD'],-0.00093,-106.40 USD,True
BACKTESTER-001,MovingAverageCrossover-MA_CROSS,EUR/USD.IDEALPRO,IDEALPRO-001,O-20250407-105000-001-MA_CROSS-2183,O-20250407-105000-001-MA_CROSS-2185,SELL,FLAT,0.00,100000.00,1744023000000000000,2025-04-07 10:50:00+00:00,1744024920000000000,2025-04-07 11:22:00+00:00,1920000000000.0,1.0970200000010002,1.0945300000000002,['4.38 USD'],0.00227,244.62 USD,True
BACKTESTER-001,MovingAverageCrossover-MA_CROSS,EUR/USD.IDEALPRO,IDEALPRO-001,O-20250407-120000-001-MA_CROSS-2186,O-20250407-120000-001-MA_CROSS-2187,BUY,FLAT,0.00,100000.00,1744027200000000000,2025-04-07 12:00:00+00:00,1744027860000000000,2025-04-07 12:11:00+00:00,660000000000.0,1.096959999999,1.0959400000009998,['4.38 USD'],-0.00093,-106.38 USD,True
BACKTESTER-001,MovingAverageCrossover-MA_CROSS,EUR/USD.IDEALPRO,IDEALPRO-001,O-20250407-132400-001-MA_CROSS-2189,O-20250407-132400-001-MA_CROSS-2190,SELL,FLAT,0.00,100000.00,1744032240000000000,2025-04-07 13:24:00+00:00,1744032660000000000,2025-04-07 13:31:00+00:00,420000000000.0,1.095960000001,1.0969799999990002,['4.38 USD'],-0.00093,-106.38 USD,True
BACKTESTER-001,MovingAverageCrossover-MA_CROSS,EUR/USD.IDEALPRO,IDEALPRO-001,O-20250407-141800-001-MA_CROSS-2192,O-20250407-141800-001-MA_CROSS-2193,BUY,FLAT,0.00,100000.00,1744035480000000000,2025-04-07 14:18:00+00:00,1744035600000000000,2025-04-07 14:20:00+00:00,120000000000.0,1.0962399999990002,1.0952200000010002,['4.38 USD'],-0.00093,-106.38 USD,True
BACKTESTER-001,MovingAverageCrossover-MA_CROSS,EUR/USD.IDEALPRO,IDEALPRO-001,O-20250407-143400-001-MA_CROSS-2195,O-20250407-143400-001-MA_CROSS-2196,SELL,FLAT,0.00,100000.00,1744036440000000000,2025-04-07 14:34:00+00:00,1744036560000000000,2025-04-07 14:36:00+00:00,120000000000.0,1.094420000001,1.095439999999,['4.38 USD'],-0.00093,-106.38 USD,True
BACKTESTER-001,MovingAverageCrossover-MA_CROSS,EUR/USD.IDEALPRO,IDEALPRO-001,O-20250407-170000-001-MA_CROSS-2198,O-20250407-191600-001-MA_CROSS-2201,BUY,FLAT,0.00,100000.00,1744045200000000000,2025-04-07 17:00:00+00:00,1744053360000000000,2025-04-07 19:16:00+00:00,8160000000000.0,1.0932399999990001,1.092630000001,['4.38 USD'],-0.00056,-65.38 USD,True
BACKTESTER-001,MovingAverageCrossover-MA_CROSS,EUR/USD.IDEALPRO,IDEALPRO-001,O-20250407-194600-001-MA_CROSS-2202,O-20250407-194600-001-MA_CROSS-2203,BUY,FLAT,0.00,100000.00,1744055160000000000,2025-04-07 19:46:00+00:00,1744055640000000000,2025-04-07 19:54:00+00:00,480000000000.0,1.094059999999,1.093040000001,['4.38 USD'],-0.00093,-106.38 USD,True
BACKTESTER-001,MovingAverageCrossover-MA_CROSS,EUR/USD.IDEALPRO,IDEALPRO-001,O-20250407-200000-001-MA_CROSS-2205,O-20250407-224600-001-MA_CROSS-2208,SELL,FLAT,0.00,100000.00,1744056000000000000,2025-04-07 20:00:00+00:00,1744065960000000000,2025-04-07 22:46:00+00:00,9960000000000.0,1.0916200000010001,1.091669999999,['4.36 USD'],-5e-05,-9.36 USD,True
BACKTESTER-001,MovingAverageCrossover-MA_CROSS,EUR/USD.IDEALPRO,IDEALPRO-001,O-20250408-033000-001-MA_CROSS-2209,O-20250408-041600-001-MA_CROSS-2212,SELL,FLAT,0.00,100000.00,1744083000000000000,2025-04-08 03:30:00+00:00,1744085760000000000,2025-04-08 04:16:00+00:00,2760000000000.0,1.096560000001,1.096829999999,['4.38 USD'],-0.00025,-31.38 USD,True
BACKTESTER-001,MovingAverageCrossover-MA_CROSS,EUR/USD.IDEALPRO,IDEALPRO-001,O-20250408-051600-001-MA_CROSS-2213,O-20250408-060000-001-MA_CROSS-2216,SELL,FLAT,0.00,100000.00,1744089360000000000,2025-04-08 05:16:00+00:00,1744092000000000000,2025-04-08 06:00:00+00:00,2640000000000.0,1.0965400000010002,1.0968399999990002,['4.38 USD'],-0.00027,-34.38 USD,True
BACKTESTER-001,MovingAverageCrossover-MA_CROSS,EUR/USD.IDEALPRO,IDEALPRO-001,O-20250408-073000-001-MA_CROSS-2217,O-20250408-073000-001-MA_CROSS-2218,SELL,FLAT,0.00,100000.00,1744097400000000000,2025-04-08 07:30:00+00:00,1744097580000000000,2025-04-08 07:33:00+00:00,180000000000.0,1.095870000001,1.0968899999989998,['4.38 USD'],-0.00093,-106.38 USD,True
BACKTESTER-001,MovingAverageCrossover-MA_CROSS,EUR/USD.IDEALPRO,IDEALPRO-001,O-20250408-083000-001-MA_CROSS-2220,O-20250408-083000-001-MA_CROSS-2221,BUY,FLAT,0.00,100000.00,1744101000000000000,2025-04-08 08:30:00+00:00,1744102380000000000,2025-04-08 08:53:00+00:00,1380000000000.0,1.094659999999,1.093640000001,['4.38 USD'],-0.00093,-106.38 USD,True
BACKTESTER-001,MovingAverageCrossover-MA_CROSS,EUR/USD.IDEALPRO,IDEALPRO-001,O-20250408-085400-001-MA_CROSS-2223,O-20250408-085400-001-MA_CROSS-2224,SELL,FLAT,0.00,100000.00,1744102440000000000,2025-04-08 08:54:00+00:00,1744102560000000000,2025-04-08 08:56:00+00:00,120000000000.0,1.0929400000010001,1.0939599999990002,['4.38 USD'],-0.00093,-106.38 USD,True
BACKTESTER-001,MovingAverageCrossover-MA_CROSS,EUR/USD.IDEALPRO,IDEALPRO-001,O-20250408-103000-001-MA_CROSS-2226,O-20250408-110000-001-MA_CROSS-2229,BUY,FLAT,0.00,100000.00,1744108200000000000,2025-04-08 10:30:00+00:00,1744110000000000000,2025-04-08 11:00:00+00:00,1800000000000.0,1.093129999999,1.0927400000010001,['4.38 USD'],-0.00036,-43.38 USD,True
BACKTESTER-001,MovingAverageCrossover-MA_CROSS,EUR/USD.IDEALPRO,IDEALPRO-001,O-20250408-111600-001-MA_CROSS-2230,O-20250408-111600-001-MA_CROSS-2231,BUY,FLAT,0.00,100000.00,1744110960000000000,2025-04-08 11:16:00+00:00,1744112280000000000,2025-04-08 11:38:00+00:00,1320000000000.0,1.093779999999,1.092760000001,['4.38 USD'],-0.00093,-106.38 USD,True
BACKTESTER-001,MovingAverageCrossover-MA_CROSS,EUR/USD.IDEALPRO,IDEALPRO-001,O-20250408-114600-001-MA_CROSS-2233,O-20250408-114600-001-MA_CROSS-2234,SELL,FLAT,0.00,100000.00,1744112760000000000,2025-04-08 11:46:00+00:00,1744113840000000000,2025-04-08 12:04:00+00:00,1080000000000.0,1.093340000001,1.0943599999990001,['4.38 USD'],-0.00093,-106.38 USD,True
BACKTESTER-001,MovingAverageCrossover-MA_CROSS,EUR/USD.IDEALPRO,IDEALPRO-001,O-20250408-163400-001-MA_CROSS-2236,O-20250408-163400-001-MA_CROSS-2238,BUY,FLAT,0.00,100000.00,1744130040000000000,2025-04-08 16:34:00+00:00,1744132140000000000,2025-04-08 17:09:00+00:00,2100000000000.0,1.0912799999990002,1.09377,['4.37 USD'],0.00228,244.63 USD,True
BACKTESTER-001,MovingAverageCrossover-MA_CROSS,EUR/USD.IDEALPRO,IDEALPRO-001,O-20250408-194600-001-MA_CROSS-2239,O-20250408-210000-001-MA_CROSS-2242,SELL,FLAT,0.00,100000.00,1744141560000000000,2025-04-08 19:46:00+00:00,1744146000000000000,2025-04-08 21:00:00+00:00,4440000000000.0,1.0957200000010001,1.096079999999,['4.38 USD'],-0.00033,-40.38 USD,True
BACKTESTER-001,MovingAverageCrossover-MA_CROSS,EUR/USD.IDEALPRO,IDEALPRO-001,O-20250409-001600-001-MA_CROSS-2243,O-20250409-001600-001-MA_CROSS-2244,SELL,FLAT,0.00,100000.00,1744157760000000000,2025-04-09 00:16:00+00:00,1744158120000000000,2025-04-09 00:22:00+00:00,360000000000.0,1.0977600000010002,1.0987799999990002,['4.40 USD'],-0.00093,-106.40 USD,True
BACKTESTER-001,MovingAverageCrossover-MA_CROSS,EUR/USD.IDEALPRO,IDEALPRO-001,O-20250409-003000-001-MA_CROSS-2246,O-20250409-003000-001-MA_CROSS-2248,BUY,FLAT,0.00,100000.00,1744158600000000000,2025-04-09 00:30:00+00:00,1744160340000000000,2025-04-09 00:59:00+00:00,1740000000000.0,1.0989399999990002,1.10143,['4.40 USD'],0.00227,244.60 USD,True
BACKTESTER-001,MovingAverageCrossover-MA_CROSS,EUR/USD.IDEALPRO,IDEALPRO-001,O-20250409-034600-001-MA_CROSS-2249,O-20250409-034600-001-MA_CROSS-2250,SELL,FLAT,0.00,100000.00,1744170360000000000,2025-04-09 03:46:00+00:00,1744171500000000000,2025-04-09 04:05:00+00:00,1140000000000.0,1.1019600000010001,1.1029799999990002,['4.41 USD'],-0.00093,-106.41 USD,True
BACKTESTER-001,MovingAverageCrossover-MA_CROSS,EUR/USD.IDEALPRO,IDEALPRO-001,O-20250409-041000-001-MA_CROSS-2252,O-20250409-041000-001-MA_CROSS-2254,BUY,FLAT,0.00,100000.00,1744171800000000000,2025-04-09 04:10:00+00:00,1744172940000000000,2025-04-09 04:29:00+00:00,1140000000000.0,1.1039699999989998,1.10608,['4.42 USD'],0.00191,206.58 USD,True
BACKTESTER-001,MovingAverageCrossover-MA_CROSS,EUR/USD.IDEALPRO,IDEALPRO-001,O-20250409-053000-001-MA_CROSS-2255,O-20250409-053000-001-MA_CROSS-2256,SELL,FLAT,0.00,100000.00,1744176600000000000,2025-04-09 05:30:00+00:00,1744177740000000000,2025-04-09 05:49:00+00:00,1140000000000.0,1.1040300000010002,1.1050499999990002,['4.42 USD'],-0.00092,-106.42 USD,True
BACKTESTER-001,MovingAverageCrossover-MA_CROSS,EUR/USD.IDEALPRO,IDEALPRO-001,O-20250409-055200-001-MA_CROSS-2258,O-20250409-055200-001-MA_CROSS-2259,BUY,FLAT,0.00,100000.00,1744177920000000000,2025-04-09 05:52:00+00:00,1744179240000000000,2025-04-09 06:14:00+00:00,1320000000000.0,1.1061899999990001,1.105170000001,['4.42 USD'],-0.00092,-106.42 USD,True
BACKTESTER-001,MovingAverageCrossover-MA_CROSS,EUR/USD.IDEALPRO,IDEALPRO-001,O-20250409-071800-001-MA_CROSS-2261,O-20250409-071800-001-MA_CROSS-2262,SELL,FLAT,0.00,100000.00,1744183080000000000,2025-04-09 07:18:00+00:00,1744183380000000000,2025-04-09 07:23:00+00:00,300000000000.0,1.105640000001,1.1066599999989999,['4.42 USD'],-0.00092,-106.42 USD,True
BACKTESTER-001,MovingAverageCrossover-MA_CROSS,EUR/USD.IDEALPRO,IDEALPRO-001,O-20250409-090000-001-MA_CROSS-2264,O-20250409-090000-001-MA_CROSS-2265,BUY,FLAT,0.00,100000.00,1744189200000000000,2025-04-09 09:00:00+00:00,1744189320000000000,2025-04-09 09:02:00+00:00,120000000000.0,1.102759999999,1.101740000001,['4.41 USD'],-0.00092,-106.41 USD,True
BACKTESTER-001,MovingAverageCrossover-MA_CROSS,EUR/USD.IDEALPRO,IDEALPRO-001,O-20250409-103200-001-MA_CROSS-2267,O-20250409-103200-001-MA_CROSS-2268,SELL,FLAT,0.00,100000.00,1744194720000000000,2025-04-09 10:32:00+00:00,1744195560000000000,2025-04-09 10:46:00+00:00,840000000000.0,1.103180000001,1.1041999999990002,['4.42 USD'],-0.00092,-106.42 USD,True
BACKTESTER-001,MovingAverageCrossover-MA_CROSS,EUR/USD.IDEALPRO,IDEALPRO-001,O-20250409-105000-001-MA_CROSS-2270,O-20250409-105000-001-MA_CROSS-2271,BUY,FLAT,0.00,100000.00,1744195800000000000,2025-04-09 10:50:00+00:00,1744196040000000000,2025-04-09 10:54:00+00:00,240000000000.0,1.104349999999,1.103330000001,['4.42 USD'],-0.00092,-106.42 USD,True
BACKTESTER-001,MovingAverageCrossover-MA_CROSS,EUR/USD.IDEALPRO,IDEALPRO-001,O-20250409-110000-001-MA_CROSS-2273,O-20250409-110000-001-MA_CROSS-2274,SELL,FLAT,0.00,100000.00,1744196400000000000,2025-04-09 11:00:00+00:00,1744196460000000000,2025-04-09 11:01:00+00:00,60000000000.0,1.103310000001,1.104329999999,['4.42 USD'],-0.00092,-106.42 USD,True
BACKTESTER-001,MovingAverageCrossover-MA_CROSS,EUR/USD.IDEALPRO,IDEALPRO-001,O-20250409-111600-001-MA_CROSS-2276,O-20250409-111600-001-MA_CROSS-2277,BUY,FLAT,0.00,100000.00,1744197360000000000,2025-04-09 11:16:00+00:00,1744197600000000000,2025-04-09 11:20:00+00:00,240000000000.0,1.1050699999990001,1.104050000001,['4.42 USD'],-0.00092,-106.42 USD,True
BACKTESTER-001,MovingAverageCrossover-MA_CROSS,EUR/USD.IDEALPRO,IDEALPRO-001,O-20250409-120000-001-MA_CROSS-2279,O-20250409-120000-001-MA_CROSS-2280,SELL,FLAT,0.00,100000.00,1744200000000000000,2025-04-09 12:00:00+00:00,1744200120000000000,2025-04-09 12:02:00+00:00,120000000000.0,1.103530000001,1.104549999999,['4.42 USD'],-0.00092,-106.42 USD,True
BACKTESTER-001,MovingAverageCrossover-MA_CROSS,EUR/USD.IDEALPRO,IDEALPRO-001,O-20250409-151600-001-MA_CROSS-2282,O-20250409-155000-001-MA_CROSS-2285,BUY,FLAT,0.00,100000.00,1744211760000000000,2025-04-09 15:16:00+00:00,1744213800000000000,2025-04-09 15:50:00+00:00,2040000000000.0,1.1050099999990002,1.105300000001,['4.42 USD'],0.00026,24.58 USD,True
BACKTESTER-001,MovingAverageCrossover-MA_CROSS,EUR/USD.IDEALPRO,IDEALPRO-001,O-20250409-172200-001-MA_CROSS-2286,O-20250409-172200-001-MA_CROSS-2287,BUY,FLAT,0.00,100000.00,1744219320000000000,2025-04-09 17:22:00+00:00,1744219380000000000,2025-04-09 17:23:00+00:00,60000000000.0,1.1046099999990002,1.1035900000010002,['4.42 USD'],-0.00092,-106.42 USD,True
BACKTESTER-001,MovingAverageCrossover-MA_CROSS,EUR/USD.IDEALPRO,IDEALPRO-001,O-20250409-173000-001-MA_CROSS-2289,O-20250409-173000-001-MA_CROSS-2290,SELL,FLAT,0.00,100000.00,1744219800000000000,2025-04-09 17:30:00+00:00,1744219860000000000,2025-04-09 17:31:00+00:00,60000000000.0,1.0978700000009998,1.098889999999,['4.40 USD'],-0.00093,-106.40 USD,True
BACKTESTER-001,MovingAverageCrossover-MA_CROSS,EUR/USD.IDEALPRO,IDEALPRO-001,O-20250409-175000-001-MA_CROSS-2292,O-20250409-175000-001-MA_CROSS-2293,BUY,FLAT,0.00,100000.00,1744221000000000000,2025-04-09 17:50:00+00:00,1744221120000000000,2025-04-09 17:52:00+00:00,120000000000.0,1.1018699999989998,1.1008500000010002,['4.40 USD'],-0.00093,-106.40 USD,True
BACKTESTER-001,MovingAverageCrossover-MA_CROSS,EUR/USD.IDEALPRO,IDEALPRO-001,O-20250409-180000-001-MA_CROSS-2295,O-20250409-180000-001-MA_CROSS-2297,SELL,FLAT,0.00,100000.00,1744221600000000000,2025-04-09 18:00:00+00:00,1744221900000000000,2025-04-09 18:05:00+00:00,300000000000.0,1.0977300000010002,1.09524,['4.39 USD'],0.00227,244.61 USD,True
BACKTESTER-001,MovingAverageCrossover-MA_CROSS,EUR/USD.IDEALPRO,IDEALPRO-001,O-20250409-203000-001-MA_CROSS-2298,O-20250409-203000-001-MA_CROSS-2299,BUY,FLAT,0.00,100000.00,1744230600000000000,2025-04-09 20:30:00+00:00,1744231020000000000,2025-04-09 20:37:00+00:00,420000000000.0,1.0951699999989999,1.094150000001,['4.38 USD'],-0.00093,-106.38 USD,True
BACKTESTER-001,MovingAverageCrossover-MA_CROSS,EUR/USD.IDEALPRO,IDEALPRO-001,O-20250410-055200-001-MA_CROSS-2301,O-20250410-055200-001-MA_CROSS-2302,SELL,FLAT,0.00,100000.00,1744264320000000000,2025-04-10 05:52:00+00:00,1744269600000000000,2025-04-10 07:20:00+00:00,5280000000000.0,1.098080000001,1.099099999999,['4.40 USD'],-0.00093,-106.40 USD,True
BACKTESTER-001,MovingAverageCrossover-MA_CROSS,EUR/USD.IDEALPRO,IDEALPRO-001,O-20250410-073000-001-MA_CROSS-2304,O-20250410-073000-001-MA_CROSS-2306,BUY,FLAT,0.00,100000.00,1744270200000000000,2025-04-10 07:30:00+00:00,1744270620000000000,2025-04-10 07:37:00+00:00,420000000000.0,1.0983299999990002,1.10082,['4.40 USD'],0.00227,244.60 USD,True
BACKTESTER-001,MovingAverageCrossover-MA_CROSS,EUR/USD.IDEALPRO,IDEALPRO-001,O-20250410-130200-001-MA_CROSS-2307,O-20250410-130200-001-MA_CROSS-2308,SELL,FLAT,0.00,100000.00,1744290120000000000,2025-04-10 13:02:00+00:00,1744290540000000000,2025-04-10 13:09:00+00:00,420000000000.0,1.109690000001,1.1107099999990002,['4.44 USD'],-0.00092,-106.44 USD,True
BACKTESTER-001,MovingAverageCrossover-MA_CROSS,EUR/USD.IDEALPRO,IDEALPRO-001,O-20250410-132200-001-MA_CROSS-2310,O-20250410-132200-001-MA_CROSS-2312,BUY,FLAT,0.00,100000.00,1744291320000000000,2025-04-10 13:22:00+00:00,1744295940000000000,2025-04-10 14:39:00+00:00,4620000000000.0,1.1117099999989999,1.1145,['4.45 USD'],0.00251,274.55 USD,True
BACKTESTER-001,MovingAverageCrossover-MA_CROSS,EUR/USD.IDEALPRO,IDEALPRO-001,O-20250410-172000-001-MA_CROSS-2313,O-20250410-172000-001-MA_CROSS-2314,SELL,FLAT,0.00,100000.00,1744305600000000000,2025-04-10 17:20:00+00:00,1744306620000000000,2025-04-10 17:37:00+00:00,1020000000000.0,1.1185400000010002,1.1195599999990002,['4.48 USD'],-0.00091,-106.48 USD,True
BACKTESTER-001,MovingAverageCrossover-MA_CROSS,EUR/USD.IDEALPRO,IDEALPRO-001,O-20250410-174600-001-MA_CROSS-2316,O-20250410-174600-001-MA_CROSS-2318,BUY,FLAT,0.00,100000.00,1744307160000000000,2025-04-10 17:46:00+00:00,1744309440000000000,2025-04-10 18:24:00+00:00,2280000000000.0,1.120519999999,1.12301,['4.49 USD'],0.00222,244.51 USD,True
BACKTESTER-001,MovingAverageCrossover-MA_CROSS,EUR/USD.IDEALPRO,IDEALPRO-001,O-20250410-191600-001-MA_CROSS-2319,O-20250410-191600-001-MA_CROSS-2320,SELL,FLAT,0.00,100000.00,1744312560000000000,2025-04-10 19:16:00+00:00,1744314960000000000,2025-04-10 19:56:00+00:00,2400000000000.0,1.117890000001,1.1189099999990002,['4.48 USD'],-0.00091,-106.48 USD,True
BACKTESTER-001,MovingAverageCrossover-MA_CROSS,EUR/USD.IDEALPRO,IDEALPRO-001,O-20250410-200000-001-MA_CROSS-2322,O-20250410-200000-001-MA_CROSS-2323,BUY,FLAT,0.00,100000.00,1744315200000000000,2025-04-10 20:00:00+00:00,1744315440000000000,2025-04-10 20:04:00+00:00,240000000000.0,1.120489999999,1.119470000001,['4.48 USD'],-0.00091,-106.48 USD,True
BACKTESTER-001,MovingAverageCrossover-MA_CROSS,EUR/USD.IDEALPRO,IDEALPRO-001,O-20250410-203200-001-MA_CROSS-2325,O-20250410-203200-001-MA_CROSS-2326,SELL,FLAT,0.00,100000.00,1744317120000000000,2025-04-10 20:32:00+00:00,1744318260000000000,2025-04-10 20:51:00+00:00,1140000000000.0,1.1187700000010001,1.1197899999990002,['4.48 USD'],-0.00091,-106.48 USD,True
BACKTESTER-001,MovingAverageCrossover-MA_CROSS,EUR/USD.IDEALPRO,IDEALPRO-001,O-20250410-205400-001-MA_CROSS-2328,O-20250410-205400-001-MA_CROSS-2329,BUY,FLAT,0.00,100000.00,1744318440000000000,2025-04-10 20:54:00+00:00,1744320480000000000,2025-04-10 21:28:00+00:00,2040000000000.0,1.1201999999990002,1.1191800000010002,['4.48 USD'],-0.00091,-106.48 USD,True
BACKTESTER-001,MovingAverageCrossover-MA_CROSS,EUR/USD.IDEALPRO,IDEALPRO-001,O-20250411-041600-001-MA_CROSS-2331,O-20250411-050000-001-MA_CROSS-2334,SELL,FLAT,0.00,100000.00,1744344960000000000,2025-04-11 04:16:00+00:00,1744347600000000000,2025-04-11 05:00:00+00:00,2640000000000.0,1.1325700000010002,1.1322699999990002,['4.53 USD'],0.00026,25.47 USD,True
BACKTESTER-001,MovingAverageCrossover-MA_CROSS,EUR/USD.IDEALPRO,IDEALPRO-001,O-20250411-051600-001-MA_CROSS-2335,O-20250411-051600-001-MA_CROSS-2337,SELL,FLAT,0.00,100000.00,1744348560000000000,2025-04-11 05:16:00+00:00,1744350000000000000,2025-04-11 05:40:00+00:00,1440000000000.0,1.130730000001,1.12824,['4.52 USD'],0.0022,244.48 USD,True
BACKTESTER-001,MovingAverageCrossover-MA_CROSS,EUR/USD.IDEALPRO,IDEALPRO-001,O-20250411-070000-001-MA_CROSS-2338,O-20250411-070000-001-MA_CROSS-2340,BUY,FLAT,0.00,100000.00,1744354800000000000,2025-04-11 07:00:00+00:00,1744355040000000000,2025-04-11 07:04:00+00:00,240000000000.0,1.1286899999989999,1.13118,['4.52 USD'],0.00221,244.48 USD,True
BACKTESTER-001,MovingAverageCrossover-MA_CROSS,EUR/USD.IDEALPRO,IDEALPRO-001,O-20250411-093200-001-MA_CROSS-2341,O-20250411-093200-001-MA_CROSS-2342,SELL,FLAT,0.00,100000.00,1744363920000000000,2025-04-11 09:32:00+00:00,1744364040000000000,2025-04-11 09:34:00+00:00,120000000000.0,1.1390700000010001,1.140089999999,['4.56 USD'],-0.0009,-106.56 USD,True
BACKTESTER-001,MovingAverageCrossover-MA_CROSS,EUR/USD.IDEALPRO,IDEALPRO-001,O-20250411-094800-001-MA_CROSS-2344,O-20250411-094800-001-MA_CROSS-2345,BUY,FLAT,0.00,100000.00,1744364880000000000,2025-04-11 09:48:00+00:00,1744365300000000000,2025-04-11 09:55:00+00:00,420000000000.0,1.1409999999990001,1.139980000001,['4.56 USD'],-0.00089,-106.56 USD,True
BACKTESTER-001,MovingAverageCrossover-MA_CROSS,EUR/USD.IDEALPRO,IDEALPRO-001,O-20250411-100000-001-MA_CROSS-2347,O-20250411-100000-001-MA_CROSS-2349,SELL,FLAT,0.00,100000.00,1744365600000000000,2025-04-11 10:00:00+00:00,1744365720000000000,2025-04-11 10:02:00+00:00,120000000000.0,1.1385700000010002,1.13608,['4.55 USD'],0.00219,244.45 USD,True
BACKTESTER-001,MovingAverageCrossover-MA_CROSS,EUR/USD.IDEALPRO,IDEALPRO-001,O-20250411-130200-001-MA_CROSS-2350,O-20250411-130200-001-MA_CROSS-2351,BUY,FLAT,0.00,100000.00,1744376520000000000,2025-04-11 13:02:00+00:00,1744376640000000000,2025-04-11 13:04:00+00:00,120000000000.0,1.1400599999990002,1.1390400000010001,['4.56 USD'],-0.00089,-106.56 USD,True
BACKTESTER-001,MovingAverageCrossover-MA_CROSS,EUR/USD.IDEALPRO,IDEALPRO-001,O-20250411-140000-001-MA_CROSS-2353,O-20250411-140000-001-MA_CROSS-2354,SELL,FLAT,0.00,100000.00,1744380000000000000,2025-04-11 14:00:00+00:00,1744380420000000000,2025-04-11 14:07:00+00:00,420000000000.0,1.136120000001,1.1371399999990002,['4.54 USD'],-0.0009,-106.54 USD,True
BACKTESTER-001,MovingAverageCrossover-MA_CROSS,EUR/USD.IDEALPRO,IDEALPRO-001,O-20250411-141600-001-MA_CROSS-2356,O-20250411-141600-001-MA_CROSS-2357,BUY,FLAT,0.00,100000.00,1744380960000000000,2025-04-11 14:16:00+00:00,1744381380000000000,2025-04-11 14:23:00+00:00,420000000000.0,1.137869999999,1.136850000001,['4.55 USD'],-0.0009,-106.55 USD,True
BACKTESTER-001,MovingAverageCrossover-MA_CROSS,EUR/USD.IDEALPRO,IDEALPRO-001,O-20250411-143600-001-MA_CROSS-2359,O-20250411-143600-001-MA_CROSS-2360,SELL,FLAT,0.00,100000.00,1744382160000000000,2025-04-11 14:36:00+00:00,1744382280000000000,2025-04-11 14:38:00+00:00,120000000000.0,1.134380000001,1.135399999999,['4.54 USD'],-0.0009,-106.54 USD,True
BACKTESTER-001,MovingAverageCrossover-MA_CROSS,EUR/USD.IDEALPRO,IDEALPRO-001,O-20250411-171600-001-MA_CROSS-2362,O-20250411-171600-001-MA_CROSS-2363,BUY,FLAT,0.00,100000.00,1744391760000000000,2025-04-11 17:16:00+00:00,1744392060000000000,2025-04-11 17:21:00+00:00,300000000000.0,1.131709999999,1.130690000001,['4.52 USD'],-0.0009,-106.52 USD,True
BACKTESTER-001,MovingAverageCrossover-MA_CROSS,EUR/USD.IDEALPRO,IDEALPRO-001,O-20250411-180000-001-MA_CROSS-2365,O-20250411-180000-001-MA_CROSS-2366,SELL,FLAT,0.00,100000.00,1744394400000000000,2025-04-11 18:00:00+00:00,1744394580000000000,2025-04-11 18:03:00+00:00,180000000000.0,1.128560000001,1.129579999999,['4.52 USD'],-0.0009,-106.52 USD,True
BACKTESTER-001,MovingAverageCrossover-MA_CROSS,EUR/USD.IDEALPRO,IDEALPRO-001,O-20250411-190400-001-MA_CROSS-2368,O-20250411-190400-001-MA_CROSS-2370,BUY,FLAT,0.00,100000.00,1744398240000000000,2025-04-11 19:04:00+00:00,1744401960000000000,2025-04-11 20:06:00+00:00,3720000000000.0,1.131529999999,1.13444,['4.53 USD'],0.00257,286.47 USD,True
BACKTESTER-001,MovingAverageCrossover-MA_CROSS,EUR/USD.IDEALPRO,IDEALPRO-001,O-20250413-230000-001-MA_CROSS-2371,O-20250413-230000-001-MA_CROSS-2372,SELL,FLAT,0.00,100000.00,1744585200000000000,2025-04-13 23:00:00+00:00,1744585920000000000,2025-04-13 23:12:00+00:00,720000000000.0,1.133400000001,1.134419999999,['4.54 USD'],-0.0009,-106.54 USD,True
BACKTESTER-001,MovingAverageCrossover-MA_CROSS,EUR/USD.IDEALPRO,IDEALPRO-001,O-20250414-000200-001-MA_CROSS-2374,O-20250414-000200-001-MA_CROSS-2376,BUY,FLAT,0.00,100000.00,1744588920000000000,2025-04-14 00:02:00+00:00,1744592520000000000,2025-04-14 01:02:00+00:00,3600000000000.0,1.134779999999,1.13727,['4.54 USD'],0.00219,244.46 USD,True
BACKTESTER-001,MovingAverageCrossover-MA_CROSS,EUR/USD.IDEALPRO,IDEALPRO-001,O-20250414-030200-001-MA_CROSS-2377,O-20250414-030200-001-MA_CROSS-2378,SELL,FLAT,0.00,100000.00,1744599720000000000,2025-04-14 03:02:00+00:00,1744600200000000000,2025-04-14 03:10:00+00:00,480000000000.0,1.1373500000010002,1.1383699999990002,['4.55 USD'],-0.0009,-106.55 USD,True
BACKTESTER-001,MovingAverageCrossover-MA_CROSS,EUR/USD.IDEALPRO,IDEALPRO-001,O-20250414-043000-001-MA_CROSS-2380,O-20250414-045000-001-MA_CROSS-2383,BUY,FLAT,0.00,100000.00,1744605000000000000,2025-04-14 04:30:00+00:00,1744606200000000000,2025-04-14 04:50:00+00:00,1200000000000.0,1.137699999999,1.137040000001,['4.55 USD'],-0.00058,-70.55 USD,True
BACKTESTER-001,MovingAverageCrossover-MA_CROSS,EUR/USD.IDEALPRO,IDEALPRO-001,O-20250414-053000-001-MA_CROSS-2384,O-20250414-053000-001-MA_CROSS-2385,BUY,FLAT,0.00,100000.00,1744608600000000000,2025-04-14 05:30:00+00:00,1744609500000000000,2025-04-14 05:45:00+00:00,900000000000.0,1.137779999999,1.136760000001,['4.55 USD'],-0.0009,-106.55 USD,True
BACKTESTER-001,MovingAverageCrossover-MA_CROSS,EUR/USD.IDEALPRO,IDEALPRO-001,O-20250414-073200-001-MA_CROSS-2387,O-20250414-081600-001-MA_CROSS-2390,SELL,FLAT,0.00,100000.00,1744615920000000000,2025-04-14 07:32:00+00:00,1744618560000000000,2025-04-14 08:16:00+00:00,2640000000000.0,1.139780000001,1.140089999999,['4.56 USD'],-0.00027,-35.56 USD,True
BACKTESTER-001,MovingAverageCrossover-MA_CROSS,EUR/USD.IDEALPRO,IDEALPRO-001,O-20250414-084000-001-MA_CROSS-2391,O-20250414-084000-001-MA_CROSS-2392,SELL,FLAT,0.00,100000.00,1744620000000000000,2025-04-14 08:40:00+00:00,1744620780000000000,2025-04-14 08:53:00+00:00,780000000000.0,1.1392800000010002,1.1396199999990002,['4.56 USD'],-0.0003,-38.56 USD,True
BACKTESTER-001,MovingAverageCrossover-MA_CROSS,EUR/USD.IDEALPRO,IDEALPRO-001,O-20250414-091600-001-MA_CROSS-2394,O-20250414-093600-001-MA_CROSS-2397,BUY,FLAT,0.00,100000.00,1744622160000000000,2025-04-14 09:16:00+00:00,1744623360000000000,2025-04-14 09:36:00+00:00,1200000000000.0,1.140119999999,1.139360000001,['4.56 USD'],-0.00067,-80.56 USD,True
BACKTESTER-001,MovingAverageCrossover-MA_CROSS,EUR/USD.IDEALPRO,IDEALPRO-001,O-20250414-113000-001-MA_CROSS-2398,O-20250414-113000-001-MA_CROSS-2399,BUY,FLAT,0.00,100000.00,1744630200000000000,2025-04-14 11:30:00+00:00,1744631880000000000,2025-04-14 11:58:00+00:00,1680000000000.0,1.1390099999990002,1.137990000001,['4.56 USD'],-0.0009,-106.56 USD,True
BACKTESTER-001,MovingAverageCrossover-MA_CROSS,EUR/USD.IDEALPRO,IDEALPRO-001,O-20250414-120000-001-MA_CROSS-2401,O-20250414-120000-001-MA_CROSS-2403,SELL,FLAT,0.00,100000.00,1744632000000000000,2025-04-14 12:00:00+00:00,1744633440000000000,2025-04-14 12:24:00+00:00,1440000000000.0,1.1383700000010002,1.13588,['4.55 USD'],0.00219,244.45 USD,True
BACKTESTER-001,MovingAverageCrossover-MA_CROSS,EUR/USD.IDEALPRO,IDEALPRO-001,O-20250414-141600-001-MA_CROSS-2404,O-20250414-141600-001-MA_CROSS-2406,BUY,FLAT,0.00,100000.00,1744640160000000000,2025-04-14 14:16:00+00:00,1744641240000000000,2025-04-14 14:34:00+00:00,1080000000000.0,1.134039999999,1.13653,['4.54 USD'],0.0022,244.46 USD,True
BACKTESTER-001,MovingAverageCrossover-MA_CROSS,EUR/USD.IDEALPRO,IDEALPRO-001,O-20250414-163200-001-MA_CROSS-2407,O-20250414-163200-001-MA_CROSS-2408,SELL,FLAT,0.00,100000.00,1744648320000000000,2025-04-14 16:32:00+00:00,1744648740000000000,2025-04-14 16:39:00+00:00,420000000000.0,1.135340000001,1.1363599999990002,['4.54 USD'],-0.0009,-106.54 USD,True
BACKTESTER-001,MovingAverageCrossover-MA_CROSS,EUR/USD.IDEALPRO,IDEALPRO-001,O-20250414-190200-001-MA_CROSS-2410,O-20250414-203000-001-MA_CROSS-2413,BUY,FLAT,0.00,100000.00,1744657320000000000,2025-04-14 19:02:00+00:00,1744662600000000000,2025-04-14 20:30:00+00:00,5280000000000.0,1.135569999999,1.134960000001,['4.54 USD'],-0.00054,-65.54 USD,True
BACKTESTER-001,MovingAverageCrossover-MA_CROSS,EUR/USD.IDEALPRO,IDEALPRO-001,O-20250414-205200-001-MA_CROSS-2414,O-20250414-221600-001-MA_CROSS-2417,BUY,FLAT,0.00,100000.00,1744663920000000000,2025-04-14 20:52:00+00:00,1744668960000000000,2025-04-14 22:16:00+00:00,5040000000000.0,1.135339999999,1.134700000001,['4.54 USD'],-0.00056,-68.54 USD,True
BACKTESTER-001,MovingAverageCrossover-MA_CROSS,EUR/USD.IDEALPRO,IDEALPRO-001,O-20250415-030200-001-MA_CROSS-2418,O-20250415-053600-001-MA_CROSS-2421,BUY,FLAT,0.00,100000.00,1744686120000000000,2025-04-15 03:02:00+00:00,1744695360000000000,2025-04-15 05:36:00+00:00,9240000000000.0,1.135089999999,1.1356600000009998,['4.54 USD'],0.0005,52.46 USD,True
BACKTESTER-001,MovingAverageCrossover-MA_CROSS,EUR/USD.IDEALPRO,IDEALPRO-001,O-20250415-071800-001-MA_CROSS-2422,O-20250415-071800-001-MA_CROSS-2423,BUY,FLAT,0.00,100000.00,1744701480000000000,2025-04-15 07:18:00+00:00,1744702200000000000,2025-04-15 07:30:00+00:00,720000000000.0,1.134309999999,1.133290000001,['4.54 USD'],-0.0009,-106.54 USD,True
BACKTESTER-001,MovingAverageCrossover-MA_CROSS,EUR/USD.IDEALPRO,IDEALPRO-001,O-20250415-073600-001-MA_CROSS-2425,O-20250415-073600-001-MA_CROSS-2426,SELL,FLAT,0.00,100000.00,1744702560000000000,2025-04-15 07:36:00+00:00,1744702860000000000,2025-04-15 07:41:00+00:00,300000000000.0,1.1333200000010002,1.134159999999,['4.54 USD'],-0.00074,-88.54 USD,True
BACKTESTER-001,MovingAverageCrossover-MA_CROSS,EUR/USD.IDEALPRO,IDEALPRO-001,O-20250415-074600-001-MA_CROSS-2428,O-20250415-074600-001-MA_CROSS-2430,BUY,FLAT,0.00,100000.00,1744703160000000000,2025-04-15 07:46:00+00:00,1744704300000000000,2025-04-15 08:05:00+00:00,1140000000000.0,1.134549999999,1.13704,['4.54 USD'],0.00219,244.46 USD,True
BACKTESTER-001,MovingAverageCrossover-MA_CROSS,EUR/USD.IDEALPRO,IDEALPRO-001,O-20250415-083200-001-MA_CROSS-2431,O-20250415-094200-001-MA_CROSS-2434,SELL,FLAT,0.00,100000.00,1744705920000000000,2025-04-15 08:32:00+00:00,1744710120000000000,2025-04-15 09:42:00+00:00,4200000000000.0,1.135560000001,1.1348099999990002,['4.54 USD'],0.00066,70.46 USD,True
BACKTESTER-001,MovingAverageCrossover-MA_CROSS,EUR/USD.IDEALPRO,IDEALPRO-001,O-20250415-095000-001-MA_CROSS-2435,O-20250415-095000-001-MA_CROSS-2436,SELL,FLAT,0.00,100000.00,1744710600000000000,2025-04-15 09:50:00+00:00,1744713060000000000,2025-04-15 10:31:00+00:00,2460000000000.0,1.1338500000010001,1.1348699999990002,['4.54 USD'],-0.0009,-106.54 USD,True
BACKTESTER-001,MovingAverageCrossover-MA_CROSS,EUR/USD.IDEALPRO,IDEALPRO-001,O-20250415-143400-001-MA_CROSS-2438,O-20250415-151600-001-MA_CROSS-2441,BUY,FLAT,0.00,100000.00,1744727640000000000,2025-04-15 14:34:00+00:00,1744730160000000000,2025-04-15 15:16:00+00:00,2520000000000.0,1.131389999999,1.1311500000010002,['4.52 USD'],-0.00021,-28.52 USD,True
BACKTESTER-001,MovingAverageCrossover-MA_CROSS,EUR/USD.IDEALPRO,IDEALPRO-001,O-20250415-190400-001-MA_CROSS-2442,O-20250415-190400-001-MA_CROSS-2444,BUY,FLAT,0.00,100000.00,1744743840000000000,2025-04-15 19:04:00+00:00,1744762140000000000,2025-04-16 00:09:00+00:00,18300000000000.0,1.127509999999,1.13,['4.52 USD'],0.00221,244.48 USD,True
BACKTESTER-001,MovingAverageCrossover-MA_CROSS,EUR/USD.IDEALPRO,IDEALPRO-001,O-20250416-070000-001-MA_CROSS-2445,O-20250416-070000-001-MA_CROSS-2446,SELL,FLAT,0.00,100000.00,1744786800000000000,2025-04-16 07:00:00+00:00,1744787220000000000,2025-04-16 07:07:00+00:00,420000000000.0,1.136080000001,1.137099999999,['4.54 USD'],-0.0009,-106.54 USD,True
BACKTESTER-001,MovingAverageCrossover-MA_CROSS,EUR/USD.IDEALPRO,IDEALPRO-001,O-20250416-071600-001-MA_CROSS-2448,O-20250416-071600-001-MA_CROSS-2449,BUY,FLAT,0.00,100000.00,1744787760000000000,2025-04-16 07:16:00+00:00,1744792080000000000,2025-04-16 08:28:00+00:00,4320000000000.0,1.1374499999990002,1.136430000001,['4.54 USD'],-0.0009,-106.54 USD,True
BACKTESTER-001,MovingAverageCrossover-MA_CROSS,EUR/USD.IDEALPRO,IDEALPRO-001,O-20250416-083000-001-MA_CROSS-2451,O-20250416-083000-001-MA_CROSS-2453,SELL,FLAT,0.00,100000.00,1744792200000000000,2025-04-16 08:30:00+00:00,1744792920000000000,2025-04-16 08:42:00+00:00,720000000000.0,1.136800000001,1.13431,['4.54 USD'],0.00219,244.46 USD,True
BACKTESTER-001,MovingAverageCrossover-MA_CROSS,EUR/USD.IDEALPRO,IDEALPRO-001,O-20250416-090200-001-MA_CROSS-2454,O-20250416-090200-001-MA_CROSS-2455,BUY,FLAT,0.00,100000.00,1744794120000000000,2025-04-16 09:02:00+00:00,1744794900000000000,2025-04-16 09:15:00+00:00,780000000000.0,1.137119999999,1.1361000000010002,['4.54 USD'],-0.0009,-106.54 USD,True
BACKTESTER-001,MovingAverageCrossover-MA_CROSS,EUR/USD.IDEALPRO,IDEALPRO-001,O-20250416-094600-001-MA_CROSS-2457,O-20250416-103000-001-MA_CROSS-2460,SELL,FLAT,0.00,100000.00,1744796760000000000,2025-04-16 09:46:00+00:00,1744799400000000000,2025-04-16 10:30:00+00:00,2640000000000.0,1.1359900000010001,1.136449999999,['4.54 USD'],-0.0004,-50.54 USD,True
BACKTESTER-001,MovingAverageCrossover-MA_CROSS,EUR/USD.IDEALPRO,IDEALPRO-001,O-20250416-110200-001-MA_CROSS-2461,O-20250416-110200-001-MA_CROSS-2462,SELL,FLAT,0.00,100000.00,1744801320000000000,2025-04-16 11:02:00+00:00,1744801620000000000,2025-04-16 11:07:00+00:00,300000000000.0,1.1356800000010001,1.1366999999990002,['4.54 USD'],-0.0009,-106.54 USD,True
BACKTESTER-001,MovingAverageCrossover-MA_CROSS,EUR/USD.IDEALPRO,IDEALPRO-001,O-20250416-113000-001-MA_CROSS-2464,O-20250416-113000-001-MA_CROSS-2465,BUY,FLAT,0.00,100000.00,1744803000000000000,2025-04-16 11:30:00+00:00,1744803720000000000,2025-04-16 11:42:00+00:00,720000000000.0,1.136959999999,1.135940000001,['4.54 USD'],-0.0009,-106.54 USD,True
BACKTESTER-001,MovingAverageCrossover-MA_CROSS,EUR/USD.IDEALPRO,IDEALPRO-001,O-20250416-114600-001-MA_CROSS-2467,O-20250416-131600-001-MA_CROSS-2470,SELL,FLAT,0.00,100000.00,1744803960000000000,2025-04-16 11:46:00+00:00,1744809360000000000,2025-04-16 13:16:00+00:00,5400000000000.0,1.1358600000010002,1.136289999999,['4.54 USD'],-0.00038,-47.54 USD,True
BACKTESTER-001,MovingAverageCrossover-MA_CROSS,EUR/USD.IDEALPRO,IDEALPRO-001,O-20250416-142200-001-MA_CROSS-2471,O-20250416-142200-001-MA_CROSS-2472,SELL,FLAT,0.00,100000.00,1744813320000000000,2025-04-16 14:22:00+00:00,1744814640000000000,2025-04-16 14:44:00+00:00,1320000000000.0,1.1357200000010002,1.1367399999990002,['4.54 USD'],-0.0009,-106.54 USD,True
BACKTESTER-001,MovingAverageCrossover-MA_CROSS,EUR/USD.IDEALPRO,IDEALPRO-001,O-20250416-150000-001-MA_CROSS-2474,O-20250416-150000-001-MA_CROSS-2475,BUY,FLAT,0.00,100000.00,1744815600000000000,2025-04-16 15:00:00+00:00,1744816680000000000,2025-04-16 15:18:00+00:00,1080000000000.0,1.138409999999,1.1373900000009998,['4.55 USD'],-0.0009,-106.55 USD,True
BACKTESTER-001,MovingAverageCrossover-MA_CROSS,EUR/USD.IDEALPRO,IDEALPRO-001,O-20250416-153000-001-MA_CROSS-2477,O-20250416-153000-001-MA_CROSS-2478,SELL,FLAT,0.00,100000.00,1744817400000000000,2025-04-16 15:30:00+00:00,1744818240000000000,2025-04-16 15:44:00+00:00,840000000000.0,1.136080000001,1.137099999999,['4.54 USD'],-0.0009,-106.54 USD,True
BACKTESTER-001,MovingAverageCrossover-MA_CROSS,EUR/USD.IDEALPRO,IDEALPRO-001,O-20250416-155000-001-MA_CROSS-2480,O-20250416-163000-001-MA_CROSS-2483,BUY,FLAT,0.00,100000.00,1744818600000000000,2025-04-16 15:50:00+00:00,1744821000000000000,2025-04-16 16:30:00+00:00,2400000000000.0,1.1377899999990002,1.1373100000010001,['4.55 USD'],-0.00042,-52.55 USD,True
BACKTESTER-001,MovingAverageCrossover-MA_CROSS,EUR/USD.IDEALPRO,IDEALPRO-001,O-20250416-173800-001-MA_CROSS-2484,O-20250416-173800-001-MA_CROSS-2485,BUY,FLAT,0.00,100000.00,1744825080000000000,2025-04-16 17:38:00+00:00,1744826340000000000,2025-04-16 17:59:00+00:00,1260000000000.0,1.138079999999,1.137060000001,['4.55 USD'],-0.0009,-106.55 USD,True
BACKTESTER-001,MovingAverageCrossover-MA_CROSS,EUR/USD.IDEALPRO,IDEALPRO-001,O-20250416-200000-001-MA_CROSS-2487,O-20250416-203200-001-MA_CROSS-2490,SELL,FLAT,0.00,100000.00,1744833600000000000,2025-04-16 20:00:00+00:00,1744835520000000000,2025-04-16 20:32:00+00:00,1920000000000.0,1.138650000001,1.139259999999,['4.56 USD'],-0.00054,-65.56 USD,True
BACKTESTER-001,MovingAverageCrossover-MA_CROSS,EUR/USD.IDEALPRO,IDEALPRO-001,O-20250417-000200-001-MA_CROSS-2491,O-20250417-000200-001-MA_CROSS-2493,SELL,FLAT,0.00,100000.00,1744848120000000000,2025-04-17 00:02:00+00:00,1744851480000000000,2025-04-17 00:58:00+00:00,3360000000000.0,1.1391800000010002,1.13669,['4.55 USD'],0.00219,244.45 USD,True
BACKTESTER-001,MovingAverageCrossover-MA_CROSS,EUR/USD.IDEALPRO,IDEALPRO-001,O-20250417-042800-001-MA_CROSS-2494,O-20250417-053000-001-MA_CROSS-2497,BUY,FLAT,0.00,100000.00,1744864080000000000,2025-04-17 04:28:00+00:00,1744867800000000000,2025-04-17 05:30:00+00:00,3720000000000.0,1.136859999999,1.136120000001,['4.54 USD'],-0.00065,-78.54 USD,True
BACKTESTER-001,MovingAverageCrossover-MA_CROSS,EUR/USD.IDEALPRO,IDEALPRO-001,O-20250417-063000-001-MA_CROSS-2498,O-20250417-073000-001-MA_CROSS-2501,BUY,FLAT,0.00,100000.00,1744871400000000000,2025-04-17 06:30:00+00:00,1744875000000000000,2025-04-17 07:30:00+00:00,3600000000000.0,1.135839999999,1.135950000001,['4.54 USD'],0.0001,6.46 USD,True
BACKTESTER-001,MovingAverageCrossover-MA_CROSS,EUR/USD.IDEALPRO,IDEALPRO-001,O-20250417-074600-001-MA_CROSS-2502,O-20250417-100800-001-MA_CROSS-2505,BUY,FLAT,0.00,100000.00,1744875960000000000,2025-04-17 07:46:00+00:00,1744884480000000000,2025-04-17 10:08:00+00:00,8520000000000.0,1.1372199999989998,1.136830000001,['4.54 USD'],-0.00034,-43.54 USD,True
BACKTESTER-001,MovingAverageCrossover-MA_CROSS,EUR/USD.IDEALPRO,IDEALPRO-001,O-20250417-113000-001-MA_CROSS-2506,O-20250417-115600-001-MA_CROSS-2509,BUY,FLAT,0.00,100000.00,1744889400000000000,2025-04-17 11:30:00+00:00,1744890960000000000,2025-04-17 11:56:00+00:00,1560000000000.0,1.1366699999990002,1.1358600000010002,['4.54 USD'],-0.00071,-85.54 USD,True
BACKTESTER-001,MovingAverageCrossover-MA_CROSS,EUR/USD.IDEALPRO,IDEALPRO-001,O-20250417-130200-001-MA_CROSS-2510,O-20250417-130200-001-MA_CROSS-2511,BUY,FLAT,0.00,100000.00,1744894920000000000,2025-04-17 13:02:00+00:00,1744895520000000000,2025-04-17 13:12:00+00:00,600000000000.0,1.136889999999,1.135870000001,['4.54 USD'],-0.0009,-106.54 USD,True
BACKTESTER-001,MovingAverageCrossover-MA_CROSS,EUR/USD.IDEALPRO,IDEALPRO-001,O-20250417-135000-001-MA_CROSS-2513,O-20250417-135000-001-MA_CROSS-2514,SELL,FLAT,0.00,100000.00,1744897800000000000,2025-04-17 13:50:00+00:00,1744899420000000000,2025-04-17 14:17:00+00:00,1620000000000.0,1.136090000001,1.1371099999990002,['4.54 USD'],-0.0009,-106.54 USD,True
BACKTESTER-001,MovingAverageCrossover-MA_CROSS,EUR/USD.IDEALPRO,IDEALPRO-001,O-20250417-141800-001-MA_CROSS-2516,O-20250417-141800-001-MA_CROSS-2517,BUY,FLAT,0.00,100000.00,1744899480000000000,2025-04-17 14:18:00+00:00,1744901460000000000,2025-04-17 14:51:00+00:00,1980000000000.0,1.137239999999,1.136220000001,['4.54 USD'],-0.0009,-106.54 USD,True
BACKTESTER-001,MovingAverageCrossover-MA_CROSS,EUR/USD.IDEALPRO,IDEALPRO-001,O-20250417-150000-001-MA_CROSS-2519,O-20250417-150000-001-MA_CROSS-2520,SELL,FLAT,0.00,100000.00,1744902000000000000,2025-04-17 15:00:00+00:00,1744902720000000000,2025-04-17 15:12:00+00:00,720000000000.0,1.134950000001,1.135969999999,['4.54 USD'],-0.0009,-106.54 USD,True
BACKTESTER-001,MovingAverageCrossover-MA_CROSS,EUR/USD.IDEALPRO,IDEALPRO-001,O-20250417-152200-001-MA_CROSS-2522,O-20250417-155400-001-MA_CROSS-2525,BUY,FLAT,0.00,100000.00,1744903320000000000,2025-04-17 15:22:00+00:00,1744905240000000000,2025-04-17 15:54:00+00:00,1920000000000.0,1.1369399999990002,1.136090000001,['4.54 USD'],-0.00075,-89.54 USD,True
BACKTESTER-001,MovingAverageCrossover-MA_CROSS,EUR/USD.IDEALPRO,IDEALPRO-001,O-20250417-190200-001-MA_CROSS-2526,O-20250417-204600-001-MA_CROSS-2529,BUY,FLAT,0.00,100000.00,1744916520000000000,2025-04-17 19:02:00+00:00,1744922760000000000,2025-04-17 20:46:00+00:00,6240000000000.0,1.1372999999989999,1.136520000001,['4.54 USD'],-0.00069,-82.54 USD,True
BACKTESTER-001,MovingAverageCrossover-MA_CROSS,EUR/USD.IDEALPRO,IDEALPRO-001,O-20250417-220200-001-MA_CROSS-2530,O-20250418-051800-001-MA_CROSS-2533,BUY,FLAT,0.00,100000.00,1744927320000000000,2025-04-17 22:02:00+00:00,1744953480000000000,2025-04-18 05:18:00+00:00,26160000000000.0,1.137029999999,1.137030000001,['4.54 USD'],0.0,-4.54 USD,True
BACKTESTER-001,MovingAverageCrossover-MA_CROSS,EUR/USD.IDEALPRO,IDEALPRO-001,O-20250418-061200-001-MA_CROSS-2534,O-20250418-061200-001-MA_CROSS-2535,BUY,FLAT,0.00,100000.00,1744956720000000000,2025-04-18 06:12:00+00:00,1744959540000000000,2025-04-18 06:59:00+00:00,2820000000000.0,1.137269999999,1.136250000001,['4.54 USD'],-0.0009,-106.54 USD,True
BACKTESTER-001,MovingAverageCrossover-MA_CROSS,EUR/USD.IDEALPRO,IDEALPRO-001,O-20250418-070000-001-MA_CROSS-2537,O-20250418-070000-001-MA_CROSS-2538,SELL,FLAT,0.00,100000.00,1744959600000000000,2025-04-18 07:00:00+00:00,1744960500000000000,2025-04-18 07:15:00+00:00,900000000000.0,1.136180000001,1.137199999999,['4.54 USD'],-0.0009,-106.54 USD,True
BACKTESTER-001,MovingAverageCrossover-MA_CROSS,EUR/USD.IDEALPRO,IDEALPRO-001,O-20250418-071800-001-MA_CROSS-2540,O-20250418-080000-001-MA_CROSS-2543,BUY,FLAT,0.00,100000.00,1744960680000000000,2025-04-18 07:18:00+00:00,1744963200000000000,2025-04-18 08:00:00+00:00,2520000000000.0,1.137529999999,1.1369900000009998,['4.55 USD'],-0.00047,-58.55 USD,True
BACKTESTER-001,MovingAverageCrossover-MA_CROSS,EUR/USD.IDEALPRO,IDEALPRO-001,O-20250418-090800-001-MA_CROSS-2544,O-20250418-090800-001-MA_CROSS-2546,BUY,FLAT,0.00,100000.00,1744967280000000000,2025-04-18 09:08:00+00:00,1744988220000000000,2025-04-18 14:57:00+00:00,20940000000000.0,1.137189999999,1.13968,['4.55 USD'],0.00219,244.45 USD,True
BACKTESTER-001,MovingAverageCrossover-MA_CROSS,EUR/USD.IDEALPRO,IDEALPRO-001,O-20250418-172000-001-MA_CROSS-2547,O-20250418-193800-001-MA_CROSS-2550,SELL,FLAT,0.00,100000.00,1744996800000000000,2025-04-18 17:20:00+00:00,1745005080000000000,2025-04-18 19:38:00+00:00,8280000000000.0,1.1391200000009998,1.1396099999990001,['4.56 USD'],-0.00043,-53.56 USD,True
BACKTESTER-001,MovingAverageCrossover-MA_CROSS,EUR/USD.IDEALPRO,IDEALPRO-001,O-20250418-201600-001-MA_CROSS-2551,O-20250418-201600-001-MA_CROSS-2552,SELL,FLAT,0.00,100000.00,1745007360000000000,2025-04-18 20:16:00+00:00,1745193660000000000,2025-04-21 00:01:00+00:00,186300000000000.0,1.139220000001,1.140239999999,['4.56 USD'],-0.0009,-106.56 USD,True
BACKTESTER-001,MovingAverageCrossover-MA_CROSS,EUR/USD.IDEALPRO,IDEALPRO-001,O-20250421-001600-001-MA_CROSS-2554,O-20250421-001600-001-MA_CROSS-2555,BUY,FLAT,0.00,100000.00,1745194560000000000,2025-04-21 00:16:00+00:00,1745196480000000000,2025-04-21 00:48:00+00:00,1920000000000.0,1.146889999999,1.145870000001,['4.58 USD'],-0.00089,-106.58 USD,True
BACKTESTER-001,MovingAverageCrossover-MA_CROSS,EUR/USD.IDEALPRO,IDEALPRO-001,O-20250421-041600-001-MA_CROSS-2557,O-20250421-043800-001-MA_CROSS-2560,SELL,FLAT,0.00,100000.00,1745208960000000000,2025-04-21 04:16:00+00:00,1745210280000000000,2025-04-21 04:38:00+00:00,1320000000000.0,1.150420000001,1.1510399999990002,['4.60 USD'],-0.00054,-66.60 USD,True
BACKTESTER-001,MovingAverageCrossover-MA_CROSS,EUR/USD.IDEALPRO,IDEALPRO-001,O-20250421-061600-001-MA_CROSS-2561,O-20250421-072200-001-MA_CROSS-2564,SELL,FLAT,0.00,100000.00,1745216160000000000,2025-04-21 06:16:00+00:00,1745220120000000000,2025-04-21 07:22:00+00:00,3960000000000.0,1.1518200000010002,1.1522499999990001,['4.60 USD'],-0.00037,-47.60 USD,True
BACKTESTER-001,MovingAverageCrossover-MA_CROSS,EUR/USD.IDEALPRO,IDEALPRO-001,O-20250421-082400-001-MA_CROSS-2565,O-20250421-082400-001-MA_CROSS-2566,SELL,FLAT,0.00,100000.00,1745223840000000000,2025-04-21 08:24:00+00:00,1745224500000000000,2025-04-21 08:35:00+00:00,660000000000.0,1.153910000001,1.1549299999990001,['4.62 USD'],-0.00088,-106.62 USD,True
BACKTESTER-001,MovingAverageCrossover-MA_CROSS,EUR/USD.IDEALPRO,IDEALPRO-001,O-20250421-084000-001-MA_CROSS-2568,O-20250421-100000-001-MA_CROSS-2571,BUY,FLAT,0.00,100000.00,1745224800000000000,2025-04-21 08:40:00+00:00,1745229600000000000,2025-04-21 10:00:00+00:00,4800000000000.0,1.1552699999990002,1.1547000000010001,['4.62 USD'],-0.00049,-61.62 USD,True
BACKTESTER-001,MovingAverageCrossover-MA_CROSS,EUR/USD.IDEALPRO,IDEALPRO-001,O-20250421-114600-001-MA_CROSS-2572,O-20250421-114600-001-MA_CROSS-2573,BUY,FLAT,0.00,100000.00,1745235960000000000,2025-04-21 11:46:00+00:00,1745238600000000000,2025-04-21 12:30:00+00:00,2640000000000.0,1.1541899999990002,1.1531700000010001,['4.62 USD'],-0.00088,-106.62 USD,True
BACKTESTER-001,MovingAverageCrossover-MA_CROSS,EUR/USD.IDEALPRO,IDEALPRO-001,O-20250421-131600-001-MA_CROSS-2575,O-20250421-131600-001-MA_CROSS-2577,SELL,FLAT,0.00,100000.00,1745241360000000000,2025-04-21 13:16:00+00:00,1745242140000000000,2025-04-21 13:29:00+00:00,780000000000.0,1.153060000001,1.15057,['4.61 USD'],0.00216,244.39 USD,True
BACKTESTER-001,MovingAverageCrossover-MA_CROSS,EUR/USD.IDEALPRO,IDEALPRO-001,O-20250421-140000-001-MA_CROSS-2578,O-20250421-140000-001-MA_CROSS-2579,BUY,FLAT,0.00,100000.00,1745244000000000000,2025-04-21 14:00:00+00:00,1745244780000000000,2025-04-21 14:13:00+00:00,780000000000.0,1.1519299999989998,1.1509100000010002,['4.60 USD'],-0.00089,-106.60 USD,True
BACKTESTER-001,MovingAverageCrossover-MA_CROSS,EUR/USD.IDEALPRO,IDEALPRO-001,O-20250421-141600-001-MA_CROSS-2581,O-20250421-141600-001-MA_CROSS-2583,SELL,FLAT,0.00,100000.00,1745244960000000000,2025-04-21 14:16:00+00:00,1745248200000000000,2025-04-21 15:10:00+00:00,3240000000000.0,1.150800000001,1.14831,['4.60 USD'],0.00216,244.40 USD,True
BACKTESTER-001,MovingAverageCrossover-MA_CROSS,EUR/USD.IDEALPRO,IDEALPRO-001,O-20250421-154600-001-MA_CROSS-2584,O-20250421-164200-001-MA_CROSS-2587,BUY,FLAT,0.00,100000.00,1745250360000000000,2025-04-21 15:46:00+00:00,1745253720000000000,2025-04-21 16:42:00+00:00,3360000000000.0,1.1501199999990002,1.1503300000010002,['4.60 USD'],0.00018,16.40 USD,True
BACKTESTER-001,MovingAverageCrossover-MA_CROSS,EUR/USD.IDEALPRO,IDEALPRO-001,O-20250421-165800-001-MA_CROSS-2588,O-20250421-165800-001-MA_CROSS-2589,BUY,FLAT,0.00,100000.00,1745254680000000000,2025-04-21 16:58:00+00:00,1745255580000000000,2025-04-21 17:13:00+00:00,900000000000.0,1.150989999999,1.149970000001,['4.60 USD'],-0.00089,-106.60 USD,True
BACKTESTER-001,MovingAverageCrossover-MA_CROSS,EUR/USD.IDEALPRO,IDEALPRO-001,O-20250421-171600-001-MA_CROSS-2591,O-20250421-171600-001-MA_CROSS-2592,SELL,FLAT,0.00,100000.00,1745255760000000000,2025-04-21 17:16:00+00:00,1745257200000000000,2025-04-21 17:40:00+00:00,1440000000000.0,1.1494500000010002,1.1504699999990002,['4.60 USD'],-0.00089,-106.60 USD,True
BACKTESTER-001,MovingAverageCrossover-MA_CROSS,EUR/USD.IDEALPRO,IDEALPRO-001,O-20250421-174800-001-MA_CROSS-2594,O-20250421-193200-001-MA_CROSS-2597,BUY,FLAT,0.00,100000.00,1745257680000000000,2025-04-21 17:48:00+00:00,1745263920000000000,2025-04-21 19:32:00+00:00,6240000000000.0,1.1502999999990002,1.1515100000010001,['4.60 USD'],0.00105,116.40 USD,True
BACKTESTER-001,MovingAverageCrossover-MA_CROSS,EUR/USD.IDEALPRO,IDEALPRO-001,O-20250421-221600-001-MA_CROSS-2598,O-20250421-221600-001-MA_CROSS-2599,BUY,FLAT,0.00,100000.00,1745273760000000000,2025-04-21 22:16:00+00:00,1745279220000000000,2025-04-21 23:47:00+00:00,5460000000000.0,1.151999999999,1.1509800000009998,['4.60 USD'],-0.00089,-106.60 USD,True
BACKTESTER-001,MovingAverageCrossover-MA_CROSS,EUR/USD.IDEALPRO,IDEALPRO-001,O-20250422-000200-001-MA_CROSS-2601,O-20250422-000200-001-MA_CROSS-2602,SELL,FLAT,0.00,100000.00,1745280120000000000,2025-04-22 00:02:00+00:00,1745289120000000000,2025-04-22 02:32:00+00:00,9000000000000.0,1.1502300000010002,1.1512499999990002,['4.60 USD'],-0.00089,-106.60 USD,True
BACKTESTER-001,MovingAverageCrossover-MA_CROSS,EUR/USD.IDEALPRO,IDEALPRO-001,O-20250422-030200-001-MA_CROSS-2604,O-20250422-051600-001-MA_CROSS-2607,BUY,FLAT,0.00,100000.00,1745290920000000000,2025-04-22 03:02:00+00:00,1745298960000000000,2025-04-22 05:16:00+00:00,8040000000000.0,1.152479999999,1.152920000001,['4.61 USD'],0.00038,39.39 USD,True
BACKTESTER-001,MovingAverageCrossover-MA_CROSS,EUR/USD.IDEALPRO,IDEALPRO-001,O-20250422-053000-001-MA_CROSS-2608,O-20250422-053000-001-MA_CROSS-2609,BUY,FLAT,0.00,100000.00,1745299800000000000,2025-04-22 05:30:00+00:00,1745299860000000000,2025-04-22 05:31:00+00:00,60000000000.0,1.154719999999,1.153700000001,['4.62 USD'],-0.00088,-106.62 USD,True
BACKTESTER-001,MovingAverageCrossover-MA_CROSS,EUR/USD.IDEALPRO,IDEALPRO-001,O-20250422-061800-001-MA_CROSS-2611,O-20250422-061800-001-MA_CROSS-2613,SELL,FLAT,0.00,100000.00,1745302680000000000,2025-04-22 06:18:00+00:00,1745305020000000000,2025-04-22 06:57:00+00:00,2340000000000.0,1.1528400000010002,1.1503500000000002,['4.61 USD'],0.00216,244.39 USD,True
BACKTESTER-001,MovingAverageCrossover-MA_CROSS,EUR/USD.IDEALPRO,IDEALPRO-001,O-20250422-083000-001-MA_CROSS-2614,O-20250422-083000-001-MA_CROSS-2615,BUY,FLAT,0.00,100000.00,1745310600000000000,2025-04-22 08:30:00+00:00,1745311380000000000,2025-04-22 08:43:00+00:00,780000000000.0,1.1509099999990002,1.1498900000010002,['4.60 USD'],-0.00089,-106.60 USD,True
BACKTESTER-001,MovingAverageCrossover-MA_CROSS,EUR/USD.IDEALPRO,IDEALPRO-001,O-20250422-084600-001-MA_CROSS-2617,O-20250422-084600-001-MA_CROSS-2618,SELL,FLAT,0.00,100000.00,1745311560000000000,2025-04-22 08:46:00+00:00,1745311860000000000,2025-04-22 08:51:00+00:00,300000000000.0,1.149880000001,1.1508999999990002,['4.60 USD'],-0.00089,-106.60 USD,True
BACKTESTER-001,MovingAverageCrossover-MA_CROSS,EUR/USD.IDEALPRO,IDEALPRO-001,O-20250422-091600-001-MA_CROSS-2620,O-20250422-091600-001-MA_CROSS-2621,BUY,FLAT,0.00,100000.00,1745313360000000000,2025-04-22 09:16:00+00:00,1745315700000000000,2025-04-22 09:55:00+00:00,2340000000000.0,1.1504699999990002,1.1494500000010002,['4.60 USD'],-0.00089,-106.60 USD,True
BACKTESTER-001,MovingAverageCrossover-MA_CROSS,EUR/USD.IDEALPRO,IDEALPRO-001,O-20250422-100000-001-MA_CROSS-2623,O-20250422-100000-001-MA_CROSS-2624,SELL,FLAT,0.00,100000.00,1745316000000000000,2025-04-22 10:00:00+00:00,1745322900000000000,2025-04-22 11:55:00+00:00,6900000000000.0,1.149060000001,1.150079999999,['4.60 USD'],-0.00089,-106.60 USD,True
BACKTESTER-001,MovingAverageCrossover-MA_CROSS,EUR/USD.IDEALPRO,IDEALPRO-001,O-20250422-140000-001-MA_CROSS-2626,O-20250422-140000-001-MA_CROSS-2627,BUY,FLAT,0.00,100000.00,1745330400000000000,2025-04-22 14:00:00+00:00,1745331060000000000,2025-04-22 14:11:00+00:00,660000000000.0,1.1474499999990002,1.1464300000010001,['4.58 USD'],-0.00089,-106.58 USD,True
BACKTESTER-001,MovingAverageCrossover-MA_CROSS,EUR/USD.IDEALPRO,IDEALPRO-001,O-20250422-141600-001-MA_CROSS-2629,O-20250422-141600-001-MA_CROSS-2630,SELL,FLAT,0.00,100000.00,1745331360000000000,2025-04-22 14:16:00+00:00,1745332560000000000,2025-04-22 14:36:00+00:00,1200000000000.0,1.1465600000010001,1.1475799999990002,['4.59 USD'],-0.00089,-106.59 USD,True
BACKTESTER-001,MovingAverageCrossover-MA_CROSS,EUR/USD.IDEALPRO,IDEALPRO-001,O-20250422-144600-001-MA_CROSS-2632,O-20250422-144600-001-MA_CROSS-2633,BUY,FLAT,0.00,100000.00,1745333160000000000,2025-04-22 14:46:00+00:00,1745333580000000000,2025-04-22 14:53:00+00:00,420000000000.0,1.148579999999,1.147560000001,['4.60 USD'],-0.00089,-106.60 USD,True
BACKTESTER-001,MovingAverageCrossover-MA_CROSS,EUR/USD.IDEALPRO,IDEALPRO-001,O-20250422-160000-001-MA_CROSS-2635,O-20250422-160000-001-MA_CROSS-2637,SELL,FLAT,0.00,100000.00,1745337600000000000,2025-04-22 16:00:00+00:00,1745340840000000000,2025-04-22 16:54:00+00:00,3240000000000.0,1.146490000001,1.144,['4.58 USD'],0.00217,244.42 USD,True
BACKTESTER-001,MovingAverageCrossover-MA_CROSS,EUR/USD.IDEALPRO,IDEALPRO-001,O-20250423-001600-001-MA_CROSS-2638,O-20250423-001600-001-MA_CROSS-2640,BUY,FLAT,0.00,100000.00,1745367360000000000,2025-04-23 00:16:00+00:00,1745370060000000000,2025-04-23 01:01:00+00:00,2700000000000.0,1.137439999999,1.13993,['4.55 USD'],0.00219,244.45 USD,True
BACKTESTER-001,MovingAverageCrossover-MA_CROSS,EUR/USD.IDEALPRO,IDEALPRO-001,O-20250423-031600-001-MA_CROSS-2641,O-20250423-044600-001-MA_CROSS-2644,SELL,FLAT,0.00,100000.00,1745378160000000000,2025-04-23 03:16:00+00:00,1745383560000000000,2025-04-23 04:46:00+00:00,5400000000000.0,1.139300000001,1.139059999999,['4.56 USD'],0.00021,19.44 USD,True
BACKTESTER-001,MovingAverageCrossover-MA_CROSS,EUR/USD.IDEALPRO,IDEALPRO-001,O-20250423-054000-001-MA_CROSS-2645,O-20250423-054000-001-MA_CROSS-2646,SELL,FLAT,0.00,100000.00,1745386800000000000,2025-04-23 05:40:00+00:00,1745388600000000000,2025-04-23 06:10:00+00:00,1800000000000.0,1.138350000001,1.139369999999,['4.56 USD'],-0.0009,-106.56 USD,True
BACKTESTER-001,MovingAverageCrossover-MA_CROSS,EUR/USD.IDEALPRO,IDEALPRO-001,O-20250423-061600-001-MA_CROSS-2648,O-20250423-061600-001-MA_CROSS-2649,BUY,FLAT,0.00,100000.00,1745388960000000000,2025-04-23 06:16:00+00:00,1745389500000000000,2025-04-23 06:25:00+00:00,540000000000.0,1.1394699999990001,1.138450000001,['4.56 USD'],-0.0009,-106.56 USD,True
BACKTESTER-001,MovingAverageCrossover-MA_CROSS,EUR/USD.IDEALPRO,IDEALPRO-001,O-20250423-063600-001-MA_CROSS-2651,O-20250423-063600-001-MA_CROSS-2652,SELL,FLAT,0.00,100000.00,1745390160000000000,2025-04-23 06:36:00+00:00,1745391240000000000,2025-04-23 06:54:00+00:00,1080000000000.0,1.1379400000010003,1.1389599999989999,['4.56 USD'],-0.0009,-106.56 USD,True
BACKTESTER-001,MovingAverageCrossover-MA_CROSS,EUR/USD.IDEALPRO,IDEALPRO-001,O-20250423-072600-001-MA_CROSS-2654,O-20250423-072600-001-MA_CROSS-2655,BUY,FLAT,0.00,100000.00,1745393160000000000,2025-04-23 07:26:00+00:00,1745394180000000000,2025-04-23 07:43:00+00:00,1020000000000.0,1.139899999999,1.138880000001,['4.56 USD'],-0.00089,-106.56 USD,True
BACKTESTER-001,MovingAverageCrossover-MA_CROSS,EUR/USD.IDEALPRO,IDEALPRO-001,O-20250423-074800-001-MA_CROSS-2657,O-20250423-074800-001-MA_CROSS-2658,SELL,FLAT,0.00,100000.00,1745394480000000000,2025-04-23 07:48:00+00:00,1745397000000000000,2025-04-23 08:30:00+00:00,2520000000000.0,1.138560000001,1.1395799999990002,['4.56 USD'],-0.0009,-106.56 USD,True
BACKTESTER-001,MovingAverageCrossover-MA_CROSS,EUR/USD.IDEALPRO,IDEALPRO-001,O-20250423-083000-001-MA_CROSS-2660,O-20250423-083000-001-MA_CROSS-2662,BUY,FLAT,0.00,100000.00,1745397000000000000,2025-04-23 08:30:00+00:00,1745398980000000000,2025-04-23 09:03:00+00:00,1980000000000.0,1.139529999999,1.14202,['4.56 USD'],0.00219,244.44 USD,True
BACKTESTER-001,MovingAverageCrossover-MA_CROSS,EUR/USD.IDEALPRO,IDEALPRO-001,O-20250423-101600-001-MA_CROSS-2663,O-20250423-114600-001-MA_CROSS-2666,SELL,FLAT,0.00,100000.00,1745403360000000000,2025-04-23 10:16:00+00:00,1745408760000000000,2025-04-23 11:46:00+00:00,5400000000000.0,1.1406700000010002,1.141019999999,['4.56 USD'],-0.00031,-39.56 USD,True
BACKTESTER-001,MovingAverageCrossover-MA_CROSS,EUR/USD.IDEALPRO,IDEALPRO-001,O-20250423-130200-001-MA_CROSS-2667,O-20250423-130200-001-MA_CROSS-2669,SELL,FLAT,0.00,100000.00,1745413320000000000,2025-04-23 13:02:00+00:00,1745416020000000000,2025-04-23 13:47:00+00:00,2700000000000.0,1.140350000001,1.13786,['4.56 USD'],0.00218,244.44 USD,True
BACKTESTER-001,MovingAverageCrossover-MA_CROSS,EUR/USD.IDEALPRO,IDEALPRO-001,O-20250423-144600-001-MA_CROSS-2670,O-20250423-144600-001-MA_CROSS-2671,BUY,FLAT,0.00,100000.00,1745419560000000000,2025-04-23 14:46:00+00:00,1745420100000000000,2025-04-23 14:55:00+00:00,540000000000.0,1.136479999999,1.1354600000009998,['4.54 USD'],-0.0009,-106.54 USD,True
BACKTESTER-001,MovingAverageCrossover-MA_CROSS,EUR/USD.IDEALPRO,IDEALPRO-001,O-20250423-150000-001-MA_CROSS-2673,O-20250423-150000-001-MA_CROSS-2674,SELL,FLAT,0.00,100000.00,1745420400000000000,2025-04-23 15:00:00+00:00,1745421840000000000,2025-04-23 15:24:00+00:00,1440000000000.0,1.1353200000010002,1.136339999999,['4.54 USD'],-0.0009,-106.54 USD,True
BACKTESTER-001,MovingAverageCrossover-MA_CROSS,EUR/USD.IDEALPRO,IDEALPRO-001,O-20250423-153000-001-MA_CROSS-2676,O-20250423-153000-001-MA_CROSS-2677,BUY,FLAT,0.00,100000.00,1745422200000000000,2025-04-23 15:30:00+00:00,1745422320000000000,2025-04-23 15:32:00+00:00,120000000000.0,1.1379999999989998,1.1369800000010002,['4.55 USD'],-0.0009,-106.55 USD,True
BACKTESTER-001,MovingAverageCrossover-MA_CROSS,EUR/USD.IDEALPRO,IDEALPRO-001,O-20250423-155800-001-MA_CROSS-2679,O-20250423-155800-001-MA_CROSS-2680,SELL,FLAT,0.00,100000.00,1745423880000000000,2025-04-23 15:58:00+00:00,1745424960000000000,2025-04-23 16:16:00+00:00,1080000000000.0,1.1355200000010002,1.136109999999,['4.54 USD'],-0.00052,-63.54 USD,True
BACKTESTER-001,MovingAverageCrossover-MA_CROSS,EUR/USD.IDEALPRO,IDEALPRO-001,O-20250423-193000-001-MA_CROSS-2682,O-20250423-193000-001-MA_CROSS-2683,BUY,FLAT,0.00,100000.00,1745436600000000000,2025-04-23 19:30:00+00:00,1745437080000000000,2025-04-23 19:38:00+00:00,480000000000.0,1.1331299999989999,1.132110000001,['4.53 USD'],-0.0009,-106.53 USD,True
BACKTESTER-001,MovingAverageCrossover-MA_CROSS,EUR/USD.IDEALPRO,IDEALPRO-001,O-20250423-195000-001-MA_CROSS-2685,O-20250423-220200-001-MA_CROSS-2688,SELL,FLAT,0.00,100000.00,1745437800000000000,2025-04-23 19:50:00+00:00,1745445720000000000,2025-04-23 22:02:00+00:00,7920000000000.0,1.1323600000010001,1.1325199999989999,['4.53 USD'],-0.00014,-20.53 USD,True
BACKTESTER-001,MovingAverageCrossover-MA_CROSS,EUR/USD.IDEALPRO,IDEALPRO-001,O-20250424-000200-001-MA_CROSS-2689,O-20250424-000200-001-MA_CROSS-2690,SELL,FLAT,0.00,100000.00,1745452920000000000,2025-04-24 00:02:00+00:00,1745454300000000000,2025-04-24 00:25:00+00:00,1380000000000.0,1.132660000001,1.1336799999990002,['4.54 USD'],-0.0009,-106.54 USD,True
BACKTESTER-001,MovingAverageCrossover-MA_CROSS,EUR/USD.IDEALPRO,IDEALPRO-001,O-20250424-003000-001-MA_CROSS-2692,O-20250424-031600-001-MA_CROSS-2695,BUY,FLAT,0.00,100000.00,1745454600000000000,2025-04-24 00:30:00+00:00,1745464560000000000,2025-04-24 03:16:00+00:00,9960000000000.0,1.133969999999,1.1345100000009998,['4.54 USD'],0.00048,49.46 USD,True
BACKTESTER-001,MovingAverageCrossover-MA_CROSS,EUR/USD.IDEALPRO,IDEALPRO-001,O-20250424-060800-001-MA_CROSS-2696,O-20250424-060800-001-MA_CROSS-2698,BUY,FLAT,0.00,100000.00,1745474880000000000,2025-04-24 06:08:00+00:00,1745479260000000000,2025-04-24 07:21:00+00:00,4380000000000.0,1.1343299999990002,1.13682,['4.54 USD'],0.0022,244.46 USD,True
BACKTESTER-001,MovingAverageCrossover-MA_CROSS,EUR/USD.IDEALPRO,IDEALPRO-001,O-20250424-084600-001-MA_CROSS-2699,O-20250424-084600-001-MA_CROSS-2700,SELL,FLAT,0.00,100000.00,1745484360000000000,2025-04-24 08:46:00+00:00,1745485200000000000,2025-04-24 09:00:00+00:00,840000000000.0,1.137230000001,1.138249999999,['4.55 USD'],-0.0009,-106.55 USD,True
BACKTESTER-001,MovingAverageCrossover-MA_CROSS,EUR/USD.IDEALPRO,IDEALPRO-001,O-20250424-090200-001-MA_CROSS-2702,O-20250424-094800-001-MA_CROSS-2705,BUY,FLAT,0.00,100000.00,1745485320000000000,2025-04-24 09:02:00+00:00,1745488080000000000,2025-04-24 09:48:00+00:00,2760000000000.0,1.138309999999,1.1375900000010002,['4.56 USD'],-0.00063,-76.56 USD,True
BACKTESTER-001,MovingAverageCrossover-MA_CROSS,EUR/USD.IDEALPRO,IDEALPRO-001,O-20250424-100200-001-MA_CROSS-2706,O-20250424-104600-001-MA_CROSS-2709,BUY,FLAT,0.00,100000.00,1745488920000000000,2025-04-24 10:02:00+00:00,1745491560000000000,2025-04-24 10:46:00+00:00,2640000000000.0,1.138179999999,1.138420000001,['4.56 USD'],0.00021,19.44 USD,True
BACKTESTER-001,MovingAverageCrossover-MA_CROSS,EUR/USD.IDEALPRO,IDEALPRO-001,O-20250424-111800-001-MA_CROSS-2710,O-20250424-111800-001-MA_CROSS-2711,BUY,FLAT,0.00,100000.00,1745493480000000000,2025-04-24 11:18:00+00:00,1745494800000000000,2025-04-24 11:40:00+00:00,1320000000000.0,1.138749999999,1.137730000001,['4.56 USD'],-0.0009,-106.56 USD,True
BACKTESTER-001,MovingAverageCrossover-MA_CROSS,EUR/USD.IDEALPRO,IDEALPRO-001,O-20250424-114600-001-MA_CROSS-2713,O-20250424-130200-001-MA_CROSS-2716,SELL,FLAT,0.00,100000.00,1745495160000000000,2025-04-24 11:46:00+00:00,1745499720000000000,2025-04-24 13:02:00+00:00,4560000000000.0,1.1381300000010002,1.138219999999,['4.56 USD'],-8e-05,-13.56 USD,True
BACKTESTER-001,MovingAverageCrossover-MA_CROSS,EUR/USD.IDEALPRO,IDEALPRO-001,O-20250424-134400-001-MA_CROSS-2717,O-20250424-140400-001-MA_CROSS-2720,SELL,FLAT,0.00,100000.00,1745502240000000000,2025-04-24 13:44:00+00:00,1745503440000000000,2025-04-24 14:04:00+00:00,1200000000000.0,1.137170000001,1.1378799999990001,['4.55 USD'],-0.00062,-75.55 USD,True
BACKTESTER-001,MovingAverageCrossover-MA_CROSS,EUR/USD.IDEALPRO,IDEALPRO-001,O-20250424-150000-001-MA_CROSS-2721,O-20250424-150000-001-MA_CROSS-2723,SELL,FLAT,0.00,100000.00,1745506800000000000,2025-04-24 15:00:00+00:00,1745509320000000000,2025-04-24 15:42:00+00:00,2520000000000.0,1.137270000001,1.13478,['4.54 USD'],0.00219,244.46 USD,True
BACKTESTER-001,MovingAverageCrossover-MA_CROSS,EUR/USD.IDEALPRO,IDEALPRO-001,O-20250424-161600-001-MA_CROSS-2724,O-20250424-174600-001-MA_CROSS-2727,BUY,FLAT,0.00,100000.00,1745511360000000000,2025-04-24 16:16:00+00:00,1745516760000000000,2025-04-24 17:46:00+00:00,5400000000000.0,1.1363499999989999,1.137030000001,['4.54 USD'],0.0006,63.46 USD,True
BACKTESTER-001,MovingAverageCrossover-MA_CROSS,EUR/USD.IDEALPRO,IDEALPRO-001,O-20250424-190200-001-MA_CROSS-2728,O-20250424-220800-001-MA_CROSS-2731,BUY,FLAT,0.00,100000.00,1745521320000000000,2025-04-24 19:02:00+00:00,1745532480000000000,2025-04-24 22:08:00+00:00,11160000000000.0,1.1379199999990002,1.1389100000010002,['4.56 USD'],0.00087,94.44 USD,True
BACKTESTER-001,MovingAverageCrossover-MA_CROSS,EUR/USD.IDEALPRO,IDEALPRO-001,O-20250425-032000-001-MA_CROSS-2732,O-20250425-032000-001-MA_CROSS-2733,BUY,FLAT,0.00,100000.00,1745551200000000000,2025-04-25 03:20:00+00:00,1745551920000000000,2025-04-25 03:32:00+00:00,720000000000.0,1.135089999999,1.134070000001,['4.54 USD'],-0.0009,-106.54 USD,True
BACKTESTER-001,MovingAverageCrossover-MA_CROSS,EUR/USD.IDEALPRO,IDEALPRO-001,O-20250425-033200-001-MA_CROSS-2735,O-20250425-033200-001-MA_CROSS-2737,SELL,FLAT,0.00,100000.00,1745551920000000000,2025-04-25 03:32:00+00:00,1745553900000000000,2025-04-25 04:05:00+00:00,1980000000000.0,1.1342300000010002,1.13174,['4.53 USD'],0.0022,244.47 USD,True
BACKTESTER-001,MovingAverageCrossover-MA_CROSS,EUR/USD.IDEALPRO,IDEALPRO-001,O-20250425-043200-001-MA_CROSS-2738,O-20250425-043200-001-MA_CROSS-2739,BUY,FLAT,0.00,100000.00,1745555520000000000,2025-04-25 04:32:00+00:00,1745561280000000000,2025-04-25 06:08:00+00:00,5760000000000.0,1.1331899999989998,1.132170000001,['4.53 USD'],-0.0009,-106.53 USD,True
BACKTESTER-001,MovingAverageCrossover-MA_CROSS,EUR/USD.IDEALPRO,IDEALPRO-001,O-20250425-083000-001-MA_CROSS-2741,O-20250425-091600-001-MA_CROSS-2744,SELL,FLAT,0.00,100000.00,1745569800000000000,2025-04-25 08:30:00+00:00,1745572560000000000,2025-04-25 09:16:00+00:00,2760000000000.0,1.1350400000010001,1.1359099999989999,['4.54 USD'],-0.00077,-91.54 USD,True
BACKTESTER-001,MovingAverageCrossover-MA_CROSS,EUR/USD.IDEALPRO,IDEALPRO-001,O-20250425-100000-001-MA_CROSS-2745,O-20250425-100000-001-MA_CROSS-2746,SELL,FLAT,0.00,100000.00,1745575200000000000,2025-04-25 10:00:00+00:00,1745577420000000000,2025-04-25 10:37:00+00:00,2220000000000.0,1.134620000001,1.1356399999990001,['4.54 USD'],-0.0009,-106.54 USD,True
BACKTESTER-001,MovingAverageCrossover-MA_CROSS,EUR/USD.IDEALPRO,IDEALPRO-001,O-20250425-104600-001-MA_CROSS-2748,O-20250425-104600-001-MA_CROSS-2749,BUY,FLAT,0.00,100000.00,1745577960000000000,2025-04-25 10:46:00+00:00,1745582340000000000,2025-04-25 11:59:00+00:00,4380000000000.0,1.135659999999,1.1346400000010002,['4.54 USD'],-0.0009,-106.54 USD,True
BACKTESTER-001,MovingAverageCrossover-MA_CROSS,EUR/USD.IDEALPRO,IDEALPRO-001,O-20250425-130200-001-MA_CROSS-2751,O-20250425-140000-001-MA_CROSS-2754,SELL,FLAT,0.00,100000.00,1745586120000000000,2025-04-25 13:02:00+00:00,1745589600000000000,2025-04-25 14:00:00+00:00,3480000000000.0,1.1352500000010002,1.135339999999,['4.54 USD'],-8e-05,-13.54 USD,True
BACKTESTER-001,MovingAverageCrossover-MA_CROSS,EUR/USD.IDEALPRO,IDEALPRO-001,O-20250425-151600-001-MA_CROSS-2755,O-20250425-151600-001-MA_CROSS-2756,SELL,FLAT,0.00,100000.00,1745594160000000000,2025-04-25 15:16:00+00:00,1745595240000000000,2025-04-25 15:34:00+00:00,1080000000000.0,1.1363600000010001,1.1373799999990002,['4.54 USD'],-0.0009,-106.54 USD,True
BACKTESTER-001,MovingAverageCrossover-MA_CROSS,EUR/USD.IDEALPRO,IDEALPRO-001,O-20250425-153400-001-MA_CROSS-2758,O-20250425-164800-001-MA_CROSS-2761,BUY,FLAT,0.00,100000.00,1745595240000000000,2025-04-25 15:34:00+00:00,1745599680000000000,2025-04-25 16:48:00+00:00,4440000000000.0,1.1375099999990002,1.1376200000010002,['4.56 USD'],0.0001,6.44 USD,True
BACKTESTER-001,MovingAverageCrossover-MA_CROSS,EUR/USD.IDEALPRO,IDEALPRO-001,O-20250425-174600-001-MA_CROSS-2762,O-20250425-194600-001-MA_CROSS-2765,BUY,FLAT,0.00,100000.00,1745603160000000000,2025-04-25 17:46:00+00:00,1745610360000000000,2025-04-25 19:46:00+00:00,7200000000000.0,1.137469999999,1.1373100000010001,['4.54 USD'],-0.00014,-20.54 USD,True
BACKTESTER-001,MovingAverageCrossover-MA_CROSS,EUR/USD.IDEALPRO,IDEALPRO-001,O-20250428-001600-001-MA_CROSS-2766,O-20250428-001600-001-MA_CROSS-2767,BUY,FLAT,0.00,100000.00,1745799360000000000,2025-04-28 00:16:00+00:00,1745805780000000000,2025-04-28 02:03:00+00:00,6420000000000.0,1.135799999999,1.134780000001,['4.54 USD'],-0.0009,-106.54 USD,True
BACKTESTER-001,MovingAverageCrossover-MA_CROSS,EUR/USD.IDEALPRO,IDEALPRO-001,O-20250428-061600-001-MA_CROSS-2769,O-20250428-061600-001-MA_CROSS-2771,SELL,FLAT,0.00,100000.00,1745820960000000000,2025-04-28 06:16:00+00:00,1745822460000000000,2025-04-28 06:41:00+00:00,1500000000000.0,1.1369800000010002,1.1344900000000002,['4.54 USD'],0.00219,244.46 USD,True
BACKTESTER-001,MovingAverageCrossover-MA_CROSS,EUR/USD.IDEALPRO,IDEALPRO-001,O-20250428-073000-001-MA_CROSS-2772,O-20250428-080400-001-MA_CROSS-2775,BUY,FLAT,0.00,100000.00,1745825400000000000,2025-04-28 07:30:00+00:00,1745827440000000000,2025-04-28 08:04:00+00:00,2040000000000.0,1.1349999999990001,1.134690000001,['4.54 USD'],-0.00027,-35.54 USD,True
BACKTESTER-001,MovingAverageCrossover-MA_CROSS,EUR/USD.IDEALPRO,IDEALPRO-001,O-20250428-084600-001-MA_CROSS-2776,O-20250428-110000-001-MA_CROSS-2779,BUY,FLAT,0.00,100000.00,1745829960000000000,2025-04-28 08:46:00+00:00,1745838000000000000,2025-04-28 11:00:00+00:00,8040000000000.0,1.1348599999990001,1.135050000001,['4.54 USD'],0.00017,14.46 USD,True
BACKTESTER-001,MovingAverageCrossover-MA_CROSS,EUR/USD.IDEALPRO,IDEALPRO-001,O-20250428-120000-001-MA_CROSS-2780,O-20250428-130200-001-MA_CROSS-2783,BUY,FLAT,0.00,100000.00,1745841600000000000,2025-04-28 12:00:00+00:00,1745845320000000000,2025-04-28 13:02:00+00:00,3720000000000.0,1.135169999999,1.1350700000010001,['4.54 USD'],-9e-05,-14.54 USD,True
BACKTESTER-001,MovingAverageCrossover-MA_CROSS,EUR/USD.IDEALPRO,IDEALPRO-001,O-20250428-133400-001-MA_CROSS-2784,O-20250428-141800-001-MA_CROSS-2787,BUY,FLAT,0.00,100000.00,1745847240000000000,2025-04-28 13:34:00+00:00,1745849880000000000,2025-04-28 14:18:00+00:00,2640000000000.0,1.1360699999989998,1.1361300000010002,['4.54 USD'],5e-05,1.46 USD,True
BACKTESTER-001,MovingAverageCrossover-MA_CROSS,EUR/USD.IDEALPRO,IDEALPRO-001,O-20250428-143000-001-MA_CROSS-2788,O-20250428-143000-001-MA_CROSS-2790,BUY,FLAT,0.00,100000.00,1745850600000000000,2025-04-28 14:30:00+00:00,1745851200000000000,2025-04-28 14:40:00+00:00,600000000000.0,1.1369099999990002,1.1394,['4.55 USD'],0.00219,244.45 USD,True
BACKTESTER-001,MovingAverageCrossover-MA_CROSS,EUR/USD.IDEALPRO,IDEALPRO-001,O-20250428-150800-001-MA_CROSS-2791,O-20250428-153600-001-MA_CROSS-2794,SELL,FLAT,0.00,100000.00,1745852880000000000,2025-04-28 15:08:00+00:00,1745854560000000000,2025-04-28 15:36:00+00:00,1680000000000.0,1.138100000001,1.138779999999,['4.56 USD'],-0.0006,-72.56 USD,True
BACKTESTER-001,MovingAverageCrossover-MA_CROSS,EUR/USD.IDEALPRO,IDEALPRO-001,O-20250428-180000-001-MA_CROSS-2795,O-20250428-180000-001-MA_CROSS-2796,SELL,FLAT,0.00,100000.00,1745863200000000000,2025-04-28 18:00:00+00:00,1745865360000000000,2025-04-28 18:36:00+00:00,2160000000000.0,1.140090000001,1.1411099999990002,['4.56 USD'],-0.00089,-106.56 USD,True
BACKTESTER-001,MovingAverageCrossover-MA_CROSS,EUR/USD.IDEALPRO,IDEALPRO-001,O-20250428-190200-001-MA_CROSS-2798,O-20250428-221400-001-MA_CROSS-2801,BUY,FLAT,0.00,100000.00,1745866920000000000,2025-04-28 19:02:00+00:00,1745878440000000000,2025-04-28 22:14:00+00:00,11520000000000.0,1.141699999999,1.141710000001,['4.56 USD'],1e-05,-3.56 USD,True
BACKTESTER-001,MovingAverageCrossover-MA_CROSS,EUR/USD.IDEALPRO,IDEALPRO-001,O-20250429-001600-001-MA_CROSS-2802,O-20250429-001600-001-MA_CROSS-2803,BUY,FLAT,0.00,100000.00,1745885760000000000,2025-04-29 00:16:00+00:00,1745886420000000000,2025-04-29 00:27:00+00:00,660000000000.0,1.141529999999,1.140510000001,['4.56 USD'],-0.00089,-106.56 USD,True
BACKTESTER-001,MovingAverageCrossover-MA_CROSS,EUR/USD.IDEALPRO,IDEALPRO-001,O-20250429-003200-001-MA_CROSS-2805,O-20250429-003200-001-MA_CROSS-2806,SELL,FLAT,0.00,100000.00,1745886720000000000,2025-04-29 00:32:00+00:00,1745892900000000000,2025-04-29 02:15:00+00:00,6180000000000.0,1.140760000001,1.1417799999990002,['4.56 USD'],-0.00089,-106.56 USD,True
BACKTESTER-001,MovingAverageCrossover-MA_CROSS,EUR/USD.IDEALPRO,IDEALPRO-001,O-20250429-054600-001-MA_CROSS-2808,O-20250429-070000-001-MA_CROSS-2811,BUY,FLAT,0.00,100000.00,1745905560000000000,2025-04-29 05:46:00+00:00,1745910000000000000,2025-04-29 07:00:00+00:00,4440000000000.0,1.1386699999990002,1.138960000001,['4.56 USD'],0.00025,24.44 USD,True
BACKTESTER-001,MovingAverageCrossover-MA_CROSS,EUR/USD.IDEALPRO,IDEALPRO-001,O-20250429-071600-001-MA_CROSS-2812,O-20250429-071600-001-MA_CROSS-2813,BUY,FLAT,0.00,100000.00,1745910960000000000,2025-04-29 07:16:00+00:00,1745914380000000000,2025-04-29 08:13:00+00:00,3420000000000.0,1.1398499999990002,1.138830000001,['4.56 USD'],-0.00089,-106.56 USD,True
BACKTESTER-001,MovingAverageCrossover-MA_CROSS,EUR/USD.IDEALPRO,IDEALPRO-001,O-20250429-081600-001-MA_CROSS-2815,O-20250429-093000-001-MA_CROSS-2818,SELL,FLAT,0.00,100000.00,1745914560000000000,2025-04-29 08:16:00+00:00,1745919000000000000,2025-04-29 09:30:00+00:00,4440000000000.0,1.139300000001,1.139659999999,['4.56 USD'],-0.00032,-40.56 USD,True
BACKTESTER-001,MovingAverageCrossover-MA_CROSS,EUR/USD.IDEALPRO,IDEALPRO-001,O-20250429-094600-001-MA_CROSS-2819,O-20250429-111600-001-MA_CROSS-2822,SELL,FLAT,0.00,100000.00,1745919960000000000,2025-04-29 09:46:00+00:00,1745925360000000000,2025-04-29 11:16:00+00:00,5400000000000.0,1.1384700000010002,1.1381699999989998,['4.56 USD'],0.00026,25.44 USD,True
BACKTESTER-001,MovingAverageCrossover-MA_CROSS,EUR/USD.IDEALPRO,IDEALPRO-001,O-20250429-114000-001-MA_CROSS-2823,O-20250429-114000-001-MA_CROSS-2824,SELL,FLAT,0.00,100000.00,1745926800000000000,2025-04-29 11:40:00+00:00,1745929620000000000,2025-04-29 12:27:00+00:00,2820000000000.0,1.137770000001,1.138789999999,['4.56 USD'],-0.0009,-106.56 USD,True
BACKTESTER-001,MovingAverageCrossover-MA_CROSS,EUR/USD.IDEALPRO,IDEALPRO-001,O-20250429-143000-001-MA_CROSS-2826,O-20250429-143000-001-MA_CROSS-2827,BUY,FLAT,0.00,100000.00,1745937000000000000,2025-04-29 14:30:00+00:00,1745937780000000000,2025-04-29 14:43:00+00:00,780000000000.0,1.140609999999,1.1395900000010002,['4.56 USD'],-0.00089,-106.56 USD,True
BACKTESTER-001,MovingAverageCrossover-MA_CROSS,EUR/USD.IDEALPRO,IDEALPRO-001,O-20250429-144800-001-MA_CROSS-2829,O-20250429-144800-001-MA_CROSS-2830,SELL,FLAT,0.00,100000.00,1745938080000000000,2025-04-29 14:48:00+00:00,1745939160000000000,2025-04-29 15:06:00+00:00,1080000000000.0,1.138440000001,1.139459999999,['4.56 USD'],-0.0009,-106.56 USD,True
BACKTESTER-001,MovingAverageCrossover-MA_CROSS,EUR/USD.IDEALPRO,IDEALPRO-001,O-20250429-151600-001-MA_CROSS-2832,O-20250429-170000-001-MA_CROSS-2835,BUY,FLAT,0.00,100000.00,1745939760000000000,2025-04-29 15:16:00+00:00,1745946000000000000,2025-04-29 17:00:00+00:00,6240000000000.0,1.1394199999990002,1.140320000001,['4.56 USD'],0.00079,85.44 USD,True
BACKTESTER-001,MovingAverageCrossover-MA_CROSS,EUR/USD.IDEALPRO,IDEALPRO-001,O-20250429-201600-001-MA_CROSS-2836,O-20250429-210000-001-MA_CROSS-2839,BUY,FLAT,0.00,100000.00,1745957760000000000,2025-04-29 20:16:00+00:00,1745960400000000000,2025-04-29 21:00:00+00:00,2640000000000.0,1.1387999999990002,1.138490000001,['4.56 USD'],-0.00027,-35.56 USD,True
BACKTESTER-001,MovingAverageCrossover-MA_CROSS,EUR/USD.IDEALPRO,IDEALPRO-001,O-20250429-220200-001-MA_CROSS-2840,O-20250430-003800-001-MA_CROSS-2843,BUY,FLAT,0.00,100000.00,1745964120000000000,2025-04-29 22:02:00+00:00,1745973480000000000,2025-04-30 00:38:00+00:00,9360000000000.0,1.1391799999990002,1.1389500000009998,['4.56 USD'],-0.0002,-27.56 USD,True
BACKTESTER-001,MovingAverageCrossover-MA_CROSS,EUR/USD.IDEALPRO,IDEALPRO-001,O-20250430-030200-001-MA_CROSS-2844,O-20250430-034600-001-MA_CROSS-2847,BUY,FLAT,0.00,100000.00,1745982120000000000,2025-04-30 03:02:00+00:00,1745984760000000000,2025-04-30 03:46:00+00:00,2640000000000.0,1.137359999999,1.136860000001,['4.54 USD'],-0.00044,-54.54 USD,True
BACKTESTER-001,MovingAverageCrossover-MA_CROSS,EUR/USD.IDEALPRO,IDEALPRO-001,O-20250430-042000-001-MA_CROSS-2848,O-20250430-042000-001-MA_CROSS-2849,BUY,FLAT,0.00,100000.00,1745986800000000000,2025-04-30 04:20:00+00:00,1745993520000000000,2025-04-30 06:12:00+00:00,6720000000000.0,1.137609999999,1.136590000001,['4.55 USD'],-0.0009,-106.55 USD,True
BACKTESTER-001,MovingAverageCrossover-MA_CROSS,EUR/USD.IDEALPRO,IDEALPRO-001,O-20250430-061600-001-MA_CROSS-2851,O-20250430-061600-001-MA_CROSS-2852,SELL,FLAT,0.00,100000.00,1745993760000000000,2025-04-30 06:16:00+00:00,1745994300000000000,2025-04-30 06:25:00+00:00,540000000000.0,1.137330000001,1.1383499999989999,['4.55 USD'],-0.0009,-106.55 USD,True
BACKTESTER-001,MovingAverageCrossover-MA_CROSS,EUR/USD.IDEALPRO,IDEALPRO-001,O-20250430-063000-001-MA_CROSS-2854,O-20250430-072600-001-MA_CROSS-2857,BUY,FLAT,0.00,100000.00,1745994600000000000,2025-04-30 06:30:00+00:00,1745997960000000000,2025-04-30 07:26:00+00:00,3360000000000.0,1.138849999999,1.1384000000010002,['4.56 USD'],-0.0004,-49.56 USD,True
BACKTESTER-001,MovingAverageCrossover-MA_CROSS,EUR/USD.IDEALPRO,IDEALPRO-001,O-20250430-091600-001-MA_CROSS-2858,O-20250430-095200-001-MA_CROSS-2861,BUY,FLAT,0.00,100000.00,1746004560000000000,2025-04-30 09:16:00+00:00,1746006720000000000,2025-04-30 09:52:00+00:00,2160000000000.0,1.1373499999990002,1.1366700000010002,['4.54 USD'],-0.0006,-72.54 USD,True
BACKTESTER-001,MovingAverageCrossover-MA_CROSS,EUR/USD.IDEALPRO,IDEALPRO-001,O-20250430-113000-001-MA_CROSS-2862,O-20250430-130400-001-MA_CROSS-2865,BUY,FLAT,0.00,100000.00,1746012600000000000,2025-04-30 11:30:00+00:00,1746018240000000000,2025-04-30 13:04:00+00:00,5640000000000.0,1.137029999999,1.137010000001,['4.54 USD'],-2e-05,-6.54 USD,True
BACKTESTER-001,MovingAverageCrossover-MA_CROSS,EUR/USD.IDEALPRO,IDEALPRO-001,O-20250430-134600-001-MA_CROSS-2866,O-20250430-134600-001-MA_CROSS-2867,BUY,FLAT,0.00,100000.00,1746020760000000000,2025-04-30 13:46:00+00:00,1746021660000000000,2025-04-30 14:01:00+00:00,900000000000.0,1.137259999999,1.1362400000009998,['4.54 USD'],-0.0009,-106.54 USD,True
BACKTESTER-001,MovingAverageCrossover-MA_CROSS,EUR/USD.IDEALPRO,IDEALPRO-001,O-20250430-140400-001-MA_CROSS-2869,O-20250430-140400-001-MA_CROSS-2870,SELL,FLAT,0.00,100000.00,1746021840000000000,2025-04-30 14:04:00+00:00,1746024720000000000,2025-04-30 14:52:00+00:00,2880000000000.0,1.1362400000009998,1.1371799999990002,['4.54 USD'],-0.00083,-98.54 USD,True
BACKTESTER-001,MovingAverageCrossover-MA_CROSS,EUR/USD.IDEALPRO,IDEALPRO-001,O-20250430-150200-001-MA_CROSS-2872,O-20250430-150200-001-MA_CROSS-2873,BUY,FLAT,0.00,100000.00,1746025320000000000,2025-04-30 15:02:00+00:00,1746026100000000000,2025-04-30 15:15:00+00:00,780000000000.0,1.1371699999990001,1.136150000001,['4.54 USD'],-0.0009,-106.54 USD,True
BACKTESTER-001,MovingAverageCrossover-MA_CROSS,EUR/USD.IDEALPRO,IDEALPRO-001,O-20250430-152200-001-MA_CROSS-2875,O-20250430-152200-001-MA_CROSS-2877,SELL,FLAT,0.00,100000.00,1746026520000000000,2025-04-30 15:22:00+00:00,1746027180000000000,2025-04-30 15:33:00+00:00,660000000000.0,1.135140000001,1.1323600000000003,['4.53 USD'],0.00245,273.47 USD,True
BACKTESTER-001,MovingAverageCrossover-MA_CROSS,EUR/USD.IDEALPRO,IDEALPRO-001,O-20250430-160200-001-MA_CROSS-2878,O-20250430-192000-001-MA_CROSS-2881,BUY,FLAT,0.00,100000.00,1746028920000000000,2025-04-30 16:02:00+00:00,1746040800000000000,2025-04-30 19:20:00+00:00,11880000000000.0,1.134719999999,1.1345000000010002,['4.54 USD'],-0.00019,-26.54 USD,True
BACKTESTER-001,MovingAverageCrossover-MA_CROSS,EUR/USD.IDEALPRO,IDEALPRO-001,O-20250501-001600-001-MA_CROSS-2882,O-20250501-004600-001-MA_CROSS-2885,BUY,FLAT,0.00,100000.00,1746058560000000000,2025-05-01 00:16:00+00:00,1746060360000000000,2025-05-01 00:46:00+00:00,1800000000000.0,1.132779999999,1.132380000001,['4.53 USD'],-0.00035,-44.53 USD,True
BACKTESTER-001,MovingAverageCrossover-MA_CROSS,EUR/USD.IDEALPRO,IDEALPRO-001,O-20250501-030200-001-MA_CROSS-2886,O-20250501-030200-001-MA_CROSS-2887,BUY,FLAT,0.00,100000.00,1746068520000000000,2025-05-01 03:02:00+00:00,1746069000000000000,2025-05-01 03:10:00+00:00,480000000000.0,1.131669999999,1.130650000001,['4.52 USD'],-0.0009,-106.52 USD,True
BACKTESTER-001,MovingAverageCrossover-MA_CROSS,EUR/USD.IDEALPRO,IDEALPRO-001,O-20250501-031600-001-MA_CROSS-2889,O-20250501-040200-001-MA_CROSS-2892,SELL,FLAT,0.00,100000.00,1746069360000000000,2025-05-01 03:16:00+00:00,1746072120000000000,2025-05-01 04:02:00+00:00,2760000000000.0,1.1305400000010002,1.1310699999990002,['4.52 USD'],-0.00047,-57.52 USD,True
BACKTESTER-001,MovingAverageCrossover-MA_CROSS,EUR/USD.IDEALPRO,IDEALPRO-001,O-20250501-043800-001-MA_CROSS-2893,O-20250501-060000-001-MA_CROSS-2896,SELL,FLAT,0.00,100000.00,1746074280000000000,2025-05-01 04:38:00+00:00,1746079200000000000,2025-05-01 06:00:00+00:00,4920000000000.0,1.1306000000010001,1.130009999999,['4.52 USD'],0.00052,54.48 USD,True
BACKTESTER-001,MovingAverageCrossover-MA_CROSS,EUR/USD.IDEALPRO,IDEALPRO-001,O-20250501-070200-001-MA_CROSS-2897,O-20250501-074600-001-MA_CROSS-2900,SELL,FLAT,0.00,100000.00,1746082920000000000,2025-05-01 07:02:00+00:00,1746085560000000000,2025-05-01 07:46:00+00:00,2640000000000.0,1.129850000001,1.130419999999,['4.52 USD'],-0.0005,-61.52 USD,True
BACKTESTER-001,MovingAverageCrossover-MA_CROSS,EUR/USD.IDEALPRO,IDEALPRO-001,O-20250501-091600-001-MA_CROSS-2901,O-20250501-101600-001-MA_CROSS-2904,SELL,FLAT,0.00,100000.00,1746090960000000000,2025-05-01 09:16:00+00:00,1746094560000000000,2025-05-01 10:16:00+00:00,3600000000000.0,1.131880000001,1.1325199999989999,['4.53 USD'],-0.00057,-68.53 USD,True
BACKTESTER-001,MovingAverageCrossover-MA_CROSS,EUR/USD.IDEALPRO,IDEALPRO-001,O-20250501-114800-001-MA_CROSS-2905,O-20250501-114800-001-MA_CROSS-2906,SELL,FLAT,0.00,100000.00,1746100080000000000,2025-05-01 11:48:00+00:00,1746102720000000000,2025-05-01 12:32:00+00:00,2640000000000.0,1.132660000001,1.1336799999990002,['4.54 USD'],-0.0009,-106.54 USD,True
BACKTESTER-001,MovingAverageCrossover-MA_CROSS,EUR/USD.IDEALPRO,IDEALPRO-001,O-20250501-132800-001-MA_CROSS-2908,O-20250501-132800-001-MA_CROSS-2909,BUY,FLAT,0.00,100000.00,1746106080000000000,2025-05-01 13:28:00+00:00,1746107160000000000,2025-05-01 13:46:00+00:00,1080000000000.0,1.132379999999,1.131360000001,['4.52 USD'],-0.0009,-106.52 USD,True
BACKTESTER-001,MovingAverageCrossover-MA_CROSS,EUR/USD.IDEALPRO,IDEALPRO-001,O-20250501-134600-001-MA_CROSS-2911,O-20250501-134600-001-MA_CROSS-2912,SELL,FLAT,0.00,100000.00,1746107160000000000,2025-05-01 13:46:00+00:00,1746108000000000000,2025-05-01 14:00:00+00:00,840000000000.0,1.1312100000010001,1.1322299999990002,['4.52 USD'],-0.0009,-106.52 USD,True
BACKTESTER-001,MovingAverageCrossover-MA_CROSS,EUR/USD.IDEALPRO,IDEALPRO-001,O-20250501-164600-001-MA_CROSS-2914,O-20250501-174600-001-MA_CROSS-2917,BUY,FLAT,0.00,100000.00,1746117960000000000,2025-05-01 16:46:00+00:00,1746121560000000000,2025-05-01 17:46:00+00:00,3600000000000.0,1.128479999999,1.1280600000010002,['4.52 USD'],-0.00037,-46.52 USD,True
BACKTESTER-001,MovingAverageCrossover-MA_CROSS,EUR/USD.IDEALPRO,IDEALPRO-001,O-20250501-193000-001-MA_CROSS-2918,O-20250502-001600-001-MA_CROSS-2921,BUY,FLAT,0.00,100000.00,1746127800000000000,2025-05-01 19:30:00+00:00,1746144960000000000,2025-05-02 00:16:00+00:00,17160000000000.0,1.128919999999,1.128830000001,['4.52 USD'],-8e-05,-13.52 USD,True
BACKTESTER-001,MovingAverageCrossover-MA_CROSS,EUR/USD.IDEALPRO,IDEALPRO-001,O-20250502-032200-001-MA_CROSS-2922,O-20250502-043400-001-MA_CROSS-2925,BUY,FLAT,0.00,100000.00,1746156120000000000,2025-05-02 03:22:00+00:00,1746160440000000000,2025-05-02 04:34:00+00:00,4320000000000.0,1.129949999999,1.130560000001,['4.52 USD'],0.00054,56.48 USD,True
BACKTESTER-001,MovingAverageCrossover-MA_CROSS,EUR/USD.IDEALPRO,IDEALPRO-001,O-20250502-051400-001-MA_CROSS-2926,O-20250502-051400-001-MA_CROSS-2928,BUY,FLAT,0.00,100000.00,1746162840000000000,2025-05-02 05:14:00+00:00,1746169860000000000,2025-05-02 07:11:00+00:00,7020000000000.0,1.130679999999,1.1331700000000002,['4.53 USD'],0.0022,244.47 USD,True
BACKTESTER-001,MovingAverageCrossover-MA_CROSS,EUR/USD.IDEALPRO,IDEALPRO-001,O-20250502-073000-001-MA_CROSS-2929,O-20250502-075000-001-MA_CROSS-2932,SELL,FLAT,0.00,100000.00,1746171000000000000,2025-05-02 07:30:00+00:00,1746172200000000000,2025-05-02 07:50:00+00:00,1200000000000.0,1.1321000000010002,1.132949999999,['4.53 USD'],-0.00075,-89.53 USD,True
BACKTESTER-001,MovingAverageCrossover-MA_CROSS,EUR/USD.IDEALPRO,IDEALPRO-001,O-20250502-081600-001-MA_CROSS-2933,O-20250502-081600-001-MA_CROSS-2934,SELL,FLAT,0.00,100000.00,1746173760000000000,2025-05-02 08:16:00+00:00,1746174840000000000,2025-05-02 08:34:00+00:00,1080000000000.0,1.131880000001,1.1328999999990002,['4.53 USD'],-0.0009,-106.53 USD,True
BACKTESTER-001,MovingAverageCrossover-MA_CROSS,EUR/USD.IDEALPRO,IDEALPRO-001,O-20250502-083600-001-MA_CROSS-2936,O-20250502-091800-001-MA_CROSS-2939,BUY,FLAT,0.00,100000.00,1746174960000000000,2025-05-02 08:36:00+00:00,1746177480000000000,2025-05-02 09:18:00+00:00,2520000000000.0,1.132999999999,1.132830000001,['4.54 USD'],-0.00015,-21.54 USD,True
BACKTESTER-001,MovingAverageCrossover-MA_CROSS,EUR/USD.IDEALPRO,IDEALPRO-001,O-20250502-093400-001-MA_CROSS-2940,O-20250502-103000-001-MA_CROSS-2943,BUY,FLAT,0.00,100000.00,1746178440000000000,2025-05-02 09:34:00+00:00,1746181800000000000,2025-05-02 10:30:00+00:00,3360000000000.0,1.133829999999,1.1342000000010002,['4.54 USD'],0.00033,32.46 USD,True
BACKTESTER-001,MovingAverageCrossover-MA_CROSS,EUR/USD.IDEALPRO,IDEALPRO-001,O-20250502-113000-001-MA_CROSS-2944,O-20250502-113000-001-MA_CROSS-2945,BUY,FLAT,0.00,100000.00,1746185400000000000,2025-05-02 11:30:00+00:00,1746188760000000000,2025-05-02 12:26:00+00:00,3360000000000.0,1.1339499999990001,1.132930000001,['4.54 USD'],-0.0009,-106.54 USD,True
BACKTESTER-001,MovingAverageCrossover-MA_CROSS,EUR/USD.IDEALPRO,IDEALPRO-001,O-20250502-130200-001-MA_CROSS-2947,O-20250502-130200-001-MA_CROSS-2948,SELL,FLAT,0.00,100000.00,1746190920000000000,2025-05-02 13:02:00+00:00,1746191160000000000,2025-05-02 13:06:00+00:00,240000000000.0,1.131510000001,1.1325299999990002,['4.53 USD'],-0.0009,-106.53 USD,True
BACKTESTER-001,MovingAverageCrossover-MA_CROSS,EUR/USD.IDEALPRO,IDEALPRO-001,O-20250502-131600-001-MA_CROSS-2950,O-20250502-131600-001-MA_CROSS-2951,BUY,FLAT,0.00,100000.00,1746191760000000000,2025-05-02 13:16:00+00:00,1746191760000000000,2025-05-02 13:16:00+00:00,,1.133499999999,1.132480000001,['4.53 USD'],-0.0009,-106.53 USD,True
BACKTESTER-001,MovingAverageCrossover-MA_CROSS,EUR/USD.IDEALPRO,IDEALPRO-001,O-20250502-153000-001-MA_CROSS-2953,O-20250502-153000-001-MA_CROSS-2955,SELL,FLAT,0.00,100000.00,1746199800000000000,2025-05-02 15:30:00+00:00,1746205560000000000,2025-05-02 17:06:00+00:00,5760000000000.0,1.1337200000010001,1.13123,['4.53 USD'],0.0022,244.47 USD,True
BACKTESTER-001,MovingAverageCrossover-MA_CROSS,EUR/USD.IDEALPRO,IDEALPRO-001,O-20250502-195200-001-MA_CROSS-2956,O-20250502-200800-001-MA_CROSS-2959,BUY,FLAT,0.00,100000.00,1746215520000000000,2025-05-02 19:52:00+00:00,1746216480000000000,2025-05-02 20:08:00+00:00,960000000000.0,1.130729999999,1.1300300000010002,['4.52 USD'],-0.00062,-74.52 USD,True
BACKTESTER-001,MovingAverageCrossover-MA_CROSS,EUR/USD.IDEALPRO,IDEALPRO-001,O-20250504-220400-001-MA_CROSS-2960,O-20250505-003000-001-MA_CROSS-2963,BUY,FLAT,0.00,100000.00,1746396240000000000,2025-05-04 22:04:00+00:00,1746405000000000000,2025-05-05 00:30:00+00:00,8760000000000.0,1.130559999999,1.131670000001,['4.52 USD'],0.00098,106.48 USD,True
BACKTESTER-001,MovingAverageCrossover-MA_CROSS,EUR/USD.IDEALPRO,IDEALPRO-001,O-20250505-010000-001-MA_CROSS-2964,O-20250505-031600-001-MA_CROSS-2967,BUY,FLAT,0.00,100000.00,1746406800000000000,2025-05-05 01:00:00+00:00,1746414960000000000,2025-05-05 03:16:00+00:00,8160000000000.0,1.1322699999990002,1.133300000001,['4.53 USD'],0.00091,98.47 USD,True
BACKTESTER-001,MovingAverageCrossover-MA_CROSS,EUR/USD.IDEALPRO,IDEALPRO-001,O-20250505-041600-001-MA_CROSS-2968,O-20250505-044000-001-MA_CROSS-2971,BUY,FLAT,0.00,100000.00,1746418560000000000,2025-05-05 04:16:00+00:00,1746420000000000000,2025-05-05 04:40:00+00:00,1440000000000.0,1.133639999999,1.1329800000010002,['4.54 USD'],-0.00058,-70.54 USD,True
BACKTESTER-001,MovingAverageCrossover-MA_CROSS,EUR/USD.IDEALPRO,IDEALPRO-001,O-20250505-050000-001-MA_CROSS-2972,O-20250505-054800-001-MA_CROSS-2975,BUY,FLAT,0.00,100000.00,1746421200000000000,2025-05-05 05:00:00+00:00,1746424080000000000,2025-05-05 05:48:00+00:00,2880000000000.0,1.133769999999,1.133500000001,['4.54 USD'],-0.00024,-31.54 USD,True
BACKTESTER-001,MovingAverageCrossover-MA_CROSS,EUR/USD.IDEALPRO,IDEALPRO-001,O-20250505-081600-001-MA_CROSS-2976,O-20250505-081600-001-MA_CROSS-2978,BUY,FLAT,0.00,100000.00,1746432960000000000,2025-05-05 08:16:00+00:00,1746443280000000000,2025-05-05 11:08:00+00:00,10320000000000.0,1.132349999999,1.13484,['4.53 USD'],0.0022,244.47 USD,True
BACKTESTER-001,MovingAverageCrossover-MA_CROSS,EUR/USD.IDEALPRO,IDEALPRO-001,O-20250505-114600-001-MA_CROSS-2979,O-20250505-114600-001-MA_CROSS-2980,SELL,FLAT,0.00,100000.00,1746445560000000000,2025-05-05 11:46:00+00:00,1746447780000000000,2025-05-05 12:23:00+00:00,2220000000000.0,1.134190000001,1.1352099999990002,['4.54 USD'],-0.0009,-106.54 USD,True
BACKTESTER-001,MovingAverageCrossover-MA_CROSS,EUR/USD.IDEALPRO,IDEALPRO-001,O-20250505-130200-001-MA_CROSS-2982,O-20250505-134600-001-MA_CROSS-2985,BUY,FLAT,0.00,100000.00,1746450120000000000,2025-05-05 13:02:00+00:00,1746452760000000000,2025-05-05 13:46:00+00:00,2640000000000.0,1.1357799999990001,1.135480000001,['4.54 USD'],-0.00026,-34.54 USD,True
BACKTESTER-001,MovingAverageCrossover-MA_CROSS,EUR/USD.IDEALPRO,IDEALPRO-001,O-20250505-190200-001-MA_CROSS-2986,O-20250505-203000-001-MA_CROSS-2989,BUY,FLAT,0.00,100000.00,1746471720000000000,2025-05-05 19:02:00+00:00,1746477000000000000,2025-05-05 20:30:00+00:00,5280000000000.0,1.1311199999989998,1.1312100000010001,['4.52 USD'],8e-05,4.48 USD,True
BACKTESTER-001,MovingAverageCrossover-MA_CROSS,EUR/USD.IDEALPRO,IDEALPRO-001,O-20250505-221600-001-MA_CROSS-2990,O-20250505-224600-001-MA_CROSS-2993,BUY,FLAT,0.00,100000.00,1746483360000000000,2025-05-05 22:16:00+00:00,1746485160000000000,2025-05-05 22:46:00+00:00,1800000000000.0,1.131939999999,1.131360000001,['4.52 USD'],-0.00051,-62.52 USD,True
BACKTESTER-001,MovingAverageCrossover-MA_CROSS,EUR/USD.IDEALPRO,IDEALPRO-001,O-20250506-033000-001-MA_CROSS-2994,O-20250506-054600-001-MA_CROSS-2997,BUY,FLAT,0.00,100000.00,1746502200000000000,2025-05-06 03:30:00+00:00,1746510360000000000,2025-05-06 05:46:00+00:00,8160000000000.0,1.131369999999,1.131780000001,['4.52 USD'],0.00036,36.48 USD,True
BACKTESTER-001,MovingAverageCrossover-MA_CROSS,EUR/USD.IDEALPRO,IDEALPRO-001,O-20250506-061600-001-MA_CROSS-2998,O-20250506-061600-001-MA_CROSS-3000,BUY,FLAT,0.00,100000.00,1746512160000000000,2025-05-06 06:16:00+00:00,1746517200000000000,2025-05-06 07:40:00+00:00,5040000000000.0,1.131829999999,1.1343200000000002,['4.53 USD'],0.0022,244.47 USD,True
BACKTESTER-001,MovingAverageCrossover-MA_CROSS,EUR/USD.IDEALPRO,IDEALPRO-001,O-20250506-084600-001-MA_CROSS-3001,O-20250506-084600-001-MA_CROSS-3003,SELL,FLAT,0.00,100000.00,1746521160000000000,2025-05-06 08:46:00+00:00,1746525120000000000,2025-05-06 09:52:00+00:00,3960000000000.0,1.1336500000010001,1.13116,['4.53 USD'],0.0022,244.47 USD,True
BACKTESTER-001,MovingAverageCrossover-MA_CROSS,EUR/USD.IDEALPRO,IDEALPRO-001,O-20250506-104600-001-MA_CROSS-3004,O-20250506-131600-001-MA_CROSS-3007,BUY,FLAT,0.00,100000.00,1746528360000000000,2025-05-06 10:46:00+00:00,1746537360000000000,2025-05-06 13:16:00+00:00,9000000000000.0,1.132169999999,1.132920000001,['4.53 USD'],0.00066,70.47 USD,True
BACKTESTER-001,MovingAverageCrossover-MA_CROSS,EUR/USD.IDEALPRO,IDEALPRO-001,O-20250506-133000-001-MA_CROSS-3008,O-20250506-150000-001-MA_CROSS-3011,BUY,FLAT,0.00,100000.00,1746538200000000000,2025-05-06 13:30:00+00:00,1746543600000000000,2025-05-06 15:00:00+00:00,5400000000000.0,1.1345399999990002,1.1341000000010002,['4.54 USD'],-0.00039,-48.54 USD,True
BACKTESTER-001,MovingAverageCrossover-MA_CROSS,EUR/USD.IDEALPRO,IDEALPRO-001,O-20250506-153200-001-MA_CROSS-3012,O-20250506-154600-001-MA_CROSS-3015,BUY,FLAT,0.00,100000.00,1746545520000000000,2025-05-06 15:32:00+00:00,1746546360000000000,2025-05-06 15:46:00+00:00,840000000000.0,1.134749999999,1.133830000001,['4.54 USD'],-0.00081,-96.54 USD,True
BACKTESTER-001,MovingAverageCrossover-MA_CROSS,EUR/USD.IDEALPRO,IDEALPRO-001,O-20250506-163200-001-MA_CROSS-3016,O-20250506-163200-001-MA_CROSS-3018,BUY,FLAT,0.00,100000.00,1746549120000000000,2025-05-06 16:32:00+00:00,1746559440000000000,2025-05-06 19:24:00+00:00,10320000000000.0,1.134889999999,1.13738,['4.54 USD'],0.00219,244.46 USD,True
BACKTESTER-001,MovingAverageCrossover-MA_CROSS,EUR/USD.IDEALPRO,IDEALPRO-001,O-20250506-204600-001-MA_CROSS-3019,O-20250506-220200-001-MA_CROSS-3022,SELL,FLAT,0.00,100000.00,1746564360000000000,2025-05-06 20:46:00+00:00,1746568920000000000,2025-05-06 22:02:00+00:00,4560000000000.0,1.136880000001,1.1371699999990001,['4.54 USD'],-0.00026,-33.54 USD,True
BACKTESTER-001,MovingAverageCrossover-MA_CROSS,EUR/USD.IDEALPRO,IDEALPRO-001,O-20250506-221600-001-MA_CROSS-3023,O-20250506-224600-001-MA_CROSS-3026,SELL,FLAT,0.00,100000.00,1746569760000000000,2025-05-06 22:16:00+00:00,1746571560000000000,2025-05-06 22:46:00+00:00,1800000000000.0,1.134250000001,1.134749999999,['4.54 USD'],-0.00044,-54.54 USD,True
BACKTESTER-001,MovingAverageCrossover-MA_CROSS,EUR/USD.IDEALPRO,IDEALPRO-001,O-20250507-003000-001-MA_CROSS-3027,O-20250507-003000-001-MA_CROSS-3028,SELL,FLAT,0.00,100000.00,1746577800000000000,2025-05-07 00:30:00+00:00,1746579360000000000,2025-05-07 00:56:00+00:00,1560000000000.0,1.133060000001,1.1340799999989999,['4.54 USD'],-0.0009,-106.54 USD,True
BACKTESTER-001,MovingAverageCrossover-MA_CROSS,EUR/USD.IDEALPRO,IDEALPRO-001,O-20250507-010000-001-MA_CROSS-3030,O-20250507-010000-001-MA_CROSS-3031,BUY,FLAT,0.00,100000.00,1746579600000000000,2025-05-07 01:00:00+00:00,1746580080000000000,2025-05-07 01:08:00+00:00,480000000000.0,1.134109999999,1.133090000001,['4.54 USD'],-0.0009,-106.54 USD,True
BACKTESTER-001,MovingAverageCrossover-MA_CROSS,EUR/USD.IDEALPRO,IDEALPRO-001,O-20250507-030800-001-MA_CROSS-3033,O-20250507-040000-001-MA_CROSS-3036,SELL,FLAT,0.00,100000.00,1746587280000000000,2025-05-07 03:08:00+00:00,1746590400000000000,2025-05-07 04:00:00+00:00,3120000000000.0,1.134000000001,1.1345999999990002,['4.54 USD'],-0.00053,-64.54 USD,True
BACKTESTER-001,MovingAverageCrossover-MA_CROSS,EUR/USD.IDEALPRO,IDEALPRO-001,O-20250507-044600-001-MA_CROSS-3037,O-20250507-051600-001-MA_CROSS-3040,SELL,FLAT,0.00,100000.00,1746593160000000000,2025-05-07 04:46:00+00:00,1746594960000000000,2025-05-07 05:16:00+00:00,1800000000000.0,1.1345100000009998,1.135389999999,['4.54 USD'],-0.00078,-92.54 USD,True
BACKTESTER-001,MovingAverageCrossover-MA_CROSS,EUR/USD.IDEALPRO,IDEALPRO-001,O-20250507-073000-001-MA_CROSS-3041,O-20250507-081800-001-MA_CROSS-3044,SELL,FLAT,0.00,100000.00,1746603000000000000,2025-05-07 07:30:00+00:00,1746605880000000000,2025-05-07 08:18:00+00:00,2880000000000.0,1.1359900000010001,1.136679999999,['4.54 USD'],-0.00061,-73.54 USD,True
BACKTESTER-001,MovingAverageCrossover-MA_CROSS,EUR/USD.IDEALPRO,IDEALPRO-001,O-20250507-090000-001-MA_CROSS-3045,O-20250507-094600-001-MA_CROSS-3048,SELL,FLAT,0.00,100000.00,1746608400000000000,2025-05-07 09:00:00+00:00,1746611160000000000,2025-05-07 09:46:00+00:00,2760000000000.0,1.1358200000010001,1.135839999999,['4.54 USD'],-2e-05,-6.54 USD,True
BACKTESTER-001,MovingAverageCrossover-MA_CROSS,EUR/USD.IDEALPRO,IDEALPRO-001,O-20250507-103400-001-MA_CROSS-3049,O-20250507-103400-001-MA_CROSS-3050,SELL,FLAT,0.00,100000.00,1746614040000000000,2025-05-07 10:34:00+00:00,1746614760000000000,2025-05-07 10:46:00+00:00,720000000000.0,1.135730000001,1.136679999999,['4.54 USD'],-0.00084,-99.54 USD,True
BACKTESTER-001,MovingAverageCrossover-MA_CROSS,EUR/USD.IDEALPRO,IDEALPRO-001,O-20250507-104800-001-MA_CROSS-3052,O-20250507-120000-001-MA_CROSS-3055,BUY,FLAT,0.00,100000.00,1746614880000000000,2025-05-07 10:48:00+00:00,1746619200000000000,2025-05-07 12:00:00+00:00,4320000000000.0,1.136549999999,1.1357600000010002,['4.54 USD'],-0.0007,-83.54 USD,True
BACKTESTER-001,MovingAverageCrossover-MA_CROSS,EUR/USD.IDEALPRO,IDEALPRO-001,O-20250507-140000-001-MA_CROSS-3056,O-20250507-140000-001-MA_CROSS-3057,BUY,FLAT,0.00,100000.00,1746626400000000000,2025-05-07 14:00:00+00:00,1746626940000000000,2025-05-07 14:09:00+00:00,540000000000.0,1.1366999999990002,1.1356800000010001,['4.54 USD'],-0.0009,-106.54 USD,True
BACKTESTER-001,MovingAverageCrossover-MA_CROSS,EUR/USD.IDEALPRO,IDEALPRO-001,O-20250507-141600-001-MA_CROSS-3059,O-20250507-143400-001-MA_CROSS-3062,SELL,FLAT,0.00,100000.00,1746627360000000000,2025-05-07 14:16:00+00:00,1746628440000000000,2025-05-07 14:34:00+00:00,1080000000000.0,1.135500000001,1.136239999999,['4.54 USD'],-0.00065,-78.54 USD,True
BACKTESTER-001,MovingAverageCrossover-MA_CROSS,EUR/USD.IDEALPRO,IDEALPRO-001,O-20250507-153000-001-MA_CROSS-3063,O-20250507-164600-001-MA_CROSS-3066,SELL,FLAT,0.00,100000.00,1746631800000000000,2025-05-07 15:30:00+00:00,1746636360000000000,2025-05-07 16:46:00+00:00,4560000000000.0,1.134410000001,1.134929999999,['4.54 USD'],-0.00046,-56.54 USD,True
BACKTESTER-001,MovingAverageCrossover-MA_CROSS,EUR/USD.IDEALPRO,IDEALPRO-001,O-20250507-171600-001-MA_CROSS-3067,O-20250507-171600-001-MA_CROSS-3068,SELL,FLAT,0.00,100000.00,1746638160000000000,2025-05-07 17:16:00+00:00,1746641220000000000,2025-05-07 18:07:00+00:00,3060000000000.0,1.1344700000010002,1.1354899999990002,['4.54 USD'],-0.0009,-106.54 USD,True
BACKTESTER-001,MovingAverageCrossover-MA_CROSS,EUR/USD.IDEALPRO,IDEALPRO-001,O-20250508-001600-001-MA_CROSS-3070,O-20250508-030200-001-MA_CROSS-3073,BUY,FLAT,0.00,100000.00,1746663360000000000,2025-05-08 00:16:00+00:00,1746673320000000000,2025-05-08 03:02:00+00:00,9960000000000.0,1.1312699999990001,1.1325300000010001,['4.53 USD'],0.00111,121.47 USD,True
BACKTESTER-001,MovingAverageCrossover-MA_CROSS,EUR/USD.IDEALPRO,IDEALPRO-001,O-20250508-031600-001-MA_CROSS-3074,O-20250508-041200-001-MA_CROSS-3077,BUY,FLAT,0.00,100000.00,1746674160000000000,2025-05-08 03:16:00+00:00,1746677520000000000,2025-05-08 04:12:00+00:00,3360000000000.0,1.1333399999990001,1.1324400000009998,['4.53 USD'],-0.00079,-94.53 USD,True
BACKTESTER-001,MovingAverageCrossover-MA_CROSS,EUR/USD.IDEALPRO,IDEALPRO-001,O-20250508-074600-001-MA_CROSS-3078,O-20250508-082000-001-MA_CROSS-3081,BUY,FLAT,0.00,100000.00,1746690360000000000,2025-05-08 07:46:00+00:00,1746692400000000000,2025-05-08 08:20:00+00:00,2040000000000.0,1.129089999999,1.129030000001,['4.52 USD'],-5e-05,-10.52 USD,True
BACKTESTER-001,MovingAverageCrossover-MA_CROSS,EUR/USD.IDEALPRO,IDEALPRO-001,O-20250508-091600-001-MA_CROSS-3082,O-20250508-093200-001-MA_CROSS-3085,BUY,FLAT,0.00,100000.00,1746695760000000000,2025-05-08 09:16:00+00:00,1746696720000000000,2025-05-08 09:32:00+00:00,960000000000.0,1.129439999999,1.1289400000010001,['4.52 USD'],-0.00044,-54.52 USD,True
BACKTESTER-001,MovingAverageCrossover-MA_CROSS,EUR/USD.IDEALPRO,IDEALPRO-001,O-20250508-103000-001-MA_CROSS-3086,O-20250508-110200-001-MA_CROSS-3089,BUY,FLAT,0.00,100000.00,1746700200000000000,2025-05-08 10:30:00+00:00,1746702120000000000,2025-05-08 11:02:00+00:00,1920000000000.0,1.129329999999,1.1287700000010001,['4.52 USD'],-0.0005,-60.52 USD,True
BACKTESTER-001,MovingAverageCrossover-MA_CROSS,EUR/USD.IDEALPRO,IDEALPRO-001,O-20250508-111800-001-MA_CROSS-3090,O-20250508-111800-001-MA_CROSS-3091,BUY,FLAT,0.00,100000.00,1746703080000000000,2025-05-08 11:18:00+00:00,1746704040000000000,2025-05-08 11:34:00+00:00,960000000000.0,1.1298799999990001,1.128860000001,['4.52 USD'],-0.0009,-106.52 USD,True
BACKTESTER-001,MovingAverageCrossover-MA_CROSS,EUR/USD.IDEALPRO,IDEALPRO-001,O-20250508-113600-001-MA_CROSS-3093,O-20250508-120000-001-MA_CROSS-3096,SELL,FLAT,0.00,100000.00,1746704160000000000,2025-05-08 11:36:00+00:00,1746705600000000000,2025-05-08 12:00:00+00:00,1440000000000.0,1.129090000001,1.129599999999,['4.52 USD'],-0.00045,-55.52 USD,True
BACKTESTER-001,MovingAverageCrossover-MA_CROSS,EUR/USD.IDEALPRO,IDEALPRO-001,O-20250508-134400-001-MA_CROSS-3097,O-20250508-134400-001-MA_CROSS-3098,SELL,FLAT,0.00,100000.00,1746711840000000000,2025-05-08 13:44:00+00:00,1746712320000000000,2025-05-08 13:52:00+00:00,480000000000.0,1.1298200000010001,1.1308399999990002,['4.52 USD'],-0.0009,-106.52 USD,True
BACKTESTER-001,MovingAverageCrossover-MA_CROSS,EUR/USD.IDEALPRO,IDEALPRO-001,O-20250508-140800-001-MA_CROSS-3100,O-20250508-140800-001-MA_CROSS-3101,BUY,FLAT,0.00,100000.00,1746713280000000000,2025-05-08 14:08:00+00:00,1746714120000000000,2025-05-08 14:22:00+00:00,840000000000.0,1.131259999999,1.130240000001,['4.52 USD'],-0.0009,-106.52 USD,True
BACKTESTER-001,MovingAverageCrossover-MA_CROSS,EUR/USD.IDEALPRO,IDEALPRO-001,O-20250508-143000-001-MA_CROSS-3103,O-20250508-143000-001-MA_CROSS-3105,SELL,FLAT,0.00,100000.00,1746714600000000000,2025-05-08 14:30:00+00:00,1746718800000000000,2025-05-08 15:40:00+00:00,4200000000000.0,1.129370000001,1.12688,['4.51 USD'],0.0022,244.49 USD,True
BACKTESTER-001,MovingAverageCrossover-MA_CROSS,EUR/USD.IDEALPRO,IDEALPRO-001,O-20250508-200000-001-MA_CROSS-3106,O-20250509-001800-001-MA_CROSS-3109,BUY,FLAT,0.00,100000.00,1746734400000000000,2025-05-08 20:00:00+00:00,1746749880000000000,2025-05-09 00:18:00+00:00,15480000000000.0,1.1226299999990001,1.1219600000010002,['4.49 USD'],-0.0006,-71.49 USD,True
BACKTESTER-001,MovingAverageCrossover-MA_CROSS,EUR/USD.IDEALPRO,IDEALPRO-001,O-20250509-010000-001-MA_CROSS-3110,O-20250509-010000-001-MA_CROSS-3111,BUY,FLAT,0.00,100000.00,1746752400000000000,2025-05-09 01:00:00+00:00,1746753960000000000,2025-05-09 01:26:00+00:00,1560000000000.0,1.122699999999,1.121680000001,['4.49 USD'],-0.00091,-106.49 USD,True
BACKTESTER-001,MovingAverageCrossover-MA_CROSS,EUR/USD.IDEALPRO,IDEALPRO-001,O-20250509-053000-001-MA_CROSS-3113,O-20250509-053000-001-MA_CROSS-3114,SELL,FLAT,0.00,100000.00,1746768600000000000,2025-05-09 05:30:00+00:00,1746769440000000000,2025-05-09 05:44:00+00:00,840000000000.0,1.122080000001,1.123099999999,['4.49 USD'],-0.00091,-106.49 USD,True
BACKTESTER-001,MovingAverageCrossover-MA_CROSS,EUR/USD.IDEALPRO,IDEALPRO-001,O-20250509-054600-001-MA_CROSS-3116,O-20250509-054600-001-MA_CROSS-3118,BUY,FLAT,0.00,100000.00,1746769560000000000,2025-05-09 05:46:00+00:00,1746776280000000000,2025-05-09 07:38:00+00:00,6720000000000.0,1.1230499999990002,1.12554,['4.50 USD'],0.00222,244.50 USD,True
BACKTESTER-001,MovingAverageCrossover-MA_CROSS,EUR/USD.IDEALPRO,IDEALPRO-001,O-20250509-083000-001-MA_CROSS-3119,O-20250509-083000-001-MA_CROSS-3120,SELL,FLAT,0.00,100000.00,1746779400000000000,2025-05-09 08:30:00+00:00,1746779880000000000,2025-05-09 08:38:00+00:00,480000000000.0,1.124400000001,1.1254199999990002,['4.50 USD'],-0.00091,-106.50 USD,True
BACKTESTER-001,MovingAverageCrossover-MA_CROSS,EUR/USD.IDEALPRO,IDEALPRO-001,O-20250509-084600-001-MA_CROSS-3122,O-20250509-093400-001-MA_CROSS-3125,BUY,FLAT,0.00,100000.00,1746780360000000000,2025-05-09 08:46:00+00:00,1746783240000000000,2025-05-09 09:34:00+00:00,2880000000000.0,1.1254699999989999,1.1252100000010001,['4.50 USD'],-0.00023,-30.50 USD,True
BACKTESTER-001,MovingAverageCrossover-MA_CROSS,EUR/USD.IDEALPRO,IDEALPRO-001,O-20250509-111600-001-MA_CROSS-3126,O-20250509-111600-001-MA_CROSS-3127,BUY,FLAT,0.00,100000.00,1746789360000000000,2025-05-09 11:16:00+00:00,1746790020000000000,2025-05-09 11:27:00+00:00,660000000000.0,1.1254699999989999,1.124450000001,['4.50 USD'],-0.00091,-106.50 USD,True
BACKTESTER-001,MovingAverageCrossover-MA_CROSS,EUR/USD.IDEALPRO,IDEALPRO-001,O-20250509-114800-001-MA_CROSS-3129,O-20250509-120000-001-MA_CROSS-3132,SELL,FLAT,0.00,100000.00,1746791280000000000,2025-05-09 11:48:00+00:00,1746792000000000000,2025-05-09 12:00:00+00:00,720000000000.0,1.124510000001,1.125459999999,['4.50 USD'],-0.00084,-99.50 USD,True
BACKTESTER-001,MovingAverageCrossover-MA_CROSS,EUR/USD.IDEALPRO,IDEALPRO-001,O-20250509-140000-001-MA_CROSS-3133,O-20250509-140000-001-MA_CROSS-3134,SELL,FLAT,0.00,100000.00,1746799200000000000,2025-05-09 14:00:00+00:00,1746799800000000000,2025-05-09 14:10:00+00:00,600000000000.0,1.1258300000010002,1.126849999999,['4.50 USD'],-0.00091,-106.50 USD,True
BACKTESTER-001,MovingAverageCrossover-MA_CROSS,EUR/USD.IDEALPRO,IDEALPRO-001,O-20250509-141600-001-MA_CROSS-3136,O-20250509-150000-001-MA_CROSS-3139,BUY,FLAT,0.00,100000.00,1746800160000000000,2025-05-09 14:16:00+00:00,1746802800000000000,2025-05-09 15:00:00+00:00,2640000000000.0,1.127029999999,1.126760000001,['4.50 USD'],-0.00024,-31.50 USD,True
BACKTESTER-001,MovingAverageCrossover-MA_CROSS,EUR/USD.IDEALPRO,IDEALPRO-001,O-20250509-154600-001-MA_CROSS-3140,O-20250509-162200-001-MA_CROSS-3143,BUY,FLAT,0.00,100000.00,1746805560000000000,2025-05-09 15:46:00+00:00,1746807720000000000,2025-05-09 16:22:00+00:00,2160000000000.0,1.1268299999990001,1.126590000001,['4.50 USD'],-0.00021,-28.50 USD,True
BACKTESTER-001,MovingAverageCrossover-MA_CROSS,EUR/USD.IDEALPRO,IDEALPRO-001,O-20250509-174600-001-MA_CROSS-3144,O-20250509-191600-001-MA_CROSS-3147,BUY,FLAT,0.00,100000.00,1746812760000000000,2025-05-09 17:46:00+00:00,1746818160000000000,2025-05-09 19:16:00+00:00,5400000000000.0,1.1262899999990001,1.1254900000010002,['4.50 USD'],-0.00071,-84.50 USD,True
BACKTESTER-001,MovingAverageCrossover-MA_CROSS,EUR/USD.IDEALPRO,IDEALPRO-001,O-20250509-200000-001-MA_CROSS-3148,O-20250509-202800-001-MA_CROSS-3151,BUY,FLAT,0.00,100000.00,1746820800000000000,2025-05-09 20:00:00+00:00,1746822480000000000,2025-05-09 20:28:00+00:00,1680000000000.0,1.125739999999,1.125030000001,['4.50 USD'],-0.00063,-75.50 USD,True
BACKTESTER-001,MovingAverageCrossover-MA_CROSS,EUR/USD.IDEALPRO,IDEALPRO-001,O-20250511-223600-001-MA_CROSS-3152,O-20250512-034400-001-MA_CROSS-3155,BUY,FLAT,0.00,100000.00,1747002960000000000,2025-05-11 22:36:00+00:00,1747021440000000000,2025-05-12 03:44:00+00:00,18480000000000.0,1.123189999999,1.122800000001,['4.50 USD'],-0.00035,-43.50 USD,True
BACKTESTER-001,MovingAverageCrossover-MA_CROSS,EUR/USD.IDEALPRO,IDEALPRO-001,O-20250512-040000-001-MA_CROSS-3156,O-20250512-043000-001-MA_CROSS-3159,BUY,FLAT,0.00,100000.00,1747022400000000000,2025-05-12 04:00:00+00:00,1747024200000000000,2025-05-12 04:30:00+00:00,1800000000000.0,1.123309999999,1.123030000001,['4.50 USD'],-0.00025,-32.50 USD,True
BACKTESTER-001,MovingAverageCrossover-MA_CROSS,EUR/USD.IDEALPRO,IDEALPRO-001,O-20250512-060400-001-MA_CROSS-3160,O-20250512-060400-001-MA_CROSS-3161,BUY,FLAT,0.00,100000.00,1747029840000000000,2025-05-12 06:04:00+00:00,1747032300000000000,2025-05-12 06:45:00+00:00,2460000000000.0,1.122899999999,1.121670000001,['4.49 USD'],-0.0011,-127.49 USD,True
BACKTESTER-001,MovingAverageCrossover-MA_CROSS,EUR/USD.IDEALPRO,IDEALPRO-001,O-20250512-064600-001-MA_CROSS-3163,O-20250512-064600-001-MA_CROSS-3165,SELL,FLAT,0.00,100000.00,1747032360000000000,2025-05-12 06:46:00+00:00,1747033260000000000,2025-05-12 07:01:00+00:00,900000000000.0,1.122020000001,1.11953,['4.48 USD'],0.00222,244.52 USD,True
BACKTESTER-001,MovingAverageCrossover-MA_CROSS,EUR/USD.IDEALPRO,IDEALPRO-001,O-20250512-090000-001-MA_CROSS-3166,O-20250512-090000-001-MA_CROSS-3167,BUY,FLAT,0.00,100000.00,1747040400000000000,2025-05-12 09:00:00+00:00,1747041300000000000,2025-05-12 09:15:00+00:00,900000000000.0,1.113779999999,1.112760000001,['4.46 USD'],-0.00092,-106.46 USD,True
BACKTESTER-001,MovingAverageCrossover-MA_CROSS,EUR/USD.IDEALPRO,IDEALPRO-001,O-20250512-101600-001-MA_CROSS-3169,O-20250512-101600-001-MA_CROSS-3171,SELL,FLAT,0.00,100000.00,1747044960000000000,2025-05-12 10:16:00+00:00,1747046940000000000,2025-05-12 10:49:00+00:00,1980000000000.0,1.1098200000010001,1.10733,['4.43 USD'],0.00224,244.57 USD,True
BACKTESTER-001,MovingAverageCrossover-MA_CROSS,EUR/USD.IDEALPRO,IDEALPRO-001,O-20250512-113000-001-MA_CROSS-3172,O-20250512-113000-001-MA_CROSS-3174,BUY,FLAT,0.00,100000.00,1747049400000000000,2025-05-12 11:30:00+00:00,1747054020000000000,2025-05-12 12:47:00+00:00,4620000000000.0,1.109839999999,1.11233,['4.44 USD'],0.00224,244.56 USD,True
BACKTESTER-001,MovingAverageCrossover-MA_CROSS,EUR/USD.IDEALPRO,IDEALPRO-001,O-20250512-140000-001-MA_CROSS-3175,O-20250512-140000-001-MA_CROSS-3176,SELL,FLAT,0.00,100000.00,1747058400000000000,2025-05-12 14:00:00+00:00,1747059000000000000,2025-05-12 14:10:00+00:00,600000000000.0,1.1118900000010001,1.1129099999990002,['4.45 USD'],-0.00092,-106.45 USD,True
BACKTESTER-001,MovingAverageCrossover-MA_CROSS,EUR/USD.IDEALPRO,IDEALPRO-001,O-20250512-144600-001-MA_CROSS-3178,O-20250512-144600-001-MA_CROSS-3179,BUY,FLAT,0.00,100000.00,1747061160000000000,2025-05-12 14:46:00+00:00,1747061580000000000,2025-05-12 14:53:00+00:00,420000000000.0,1.112379999999,1.111360000001,['4.44 USD'],-0.00092,-106.44 USD,True
BACKTESTER-001,MovingAverageCrossover-MA_CROSS,EUR/USD.IDEALPRO,IDEALPRO-001,O-20250512-150000-001-MA_CROSS-3181,O-20250512-150000-001-MA_CROSS-3182,SELL,FLAT,0.00,100000.00,1747062000000000000,2025-05-12 15:00:00+00:00,1747062360000000000,2025-05-12 15:06:00+00:00,360000000000.0,1.1111500000010002,1.1121699999990002,['4.44 USD'],-0.00092,-106.44 USD,True
BACKTESTER-001,MovingAverageCrossover-MA_CROSS,EUR/USD.IDEALPRO,IDEALPRO-001,O-20250512-151600-001-MA_CROSS-3184,O-20250512-153600-001-MA_CROSS-3187,BUY,FLAT,0.00,100000.00,1747062960000000000,2025-05-12 15:16:00+00:00,1747064160000000000,2025-05-12 15:36:00+00:00,1200000000000.0,1.111789999999,1.1110500000010002,['4.44 USD'],-0.00067,-78.44 USD,True
BACKTESTER-001,MovingAverageCrossover-MA_CROSS,EUR/USD.IDEALPRO,IDEALPRO-001,O-20250512-190200-001-MA_CROSS-3188,O-20250512-210000-001-MA_CROSS-3191,BUY,FLAT,0.00,100000.00,1747076520000000000,2025-05-12 19:02:00+00:00,1747083600000000000,2025-05-12 21:00:00+00:00,7080000000000.0,1.109059999999,1.108490000001,['4.44 USD'],-0.00051,-61.44 USD,True
BACKTESTER-001,MovingAverageCrossover-MA_CROSS,EUR/USD.IDEALPRO,IDEALPRO-001,O-20250512-220200-001-MA_CROSS-3192,O-20250513-031000-001-MA_CROSS-3195,BUY,FLAT,0.00,100000.00,1747087320000000000,2025-05-12 22:02:00+00:00,1747105800000000000,2025-05-13 03:10:00+00:00,18480000000000.0,1.1093899999990002,1.110020000001,['4.44 USD'],0.00057,58.56 USD,True
BACKTESTER-001,MovingAverageCrossover-MA_CROSS,EUR/USD.IDEALPRO,IDEALPRO-001,O-20250513-033000-001-MA_CROSS-3196,O-20250513-054600-001-MA_CROSS-3199,BUY,FLAT,0.00,100000.00,1747107000000000000,2025-05-13 03:30:00+00:00,1747115160000000000,2025-05-13 05:46:00+00:00,8160000000000.0,1.110639999999,1.111090000001,['4.44 USD'],0.00041,40.56 USD,True
BACKTESTER-001,MovingAverageCrossover-MA_CROSS,EUR/USD.IDEALPRO,IDEALPRO-001,O-20250513-064600-001-MA_CROSS-3200,O-20250513-064600-001-MA_CROSS-3201,BUY,FLAT,0.00,100000.00,1747118760000000000,2025-05-13 06:46:00+00:00,1747120680000000000,2025-05-13 07:18:00+00:00,1920000000000.0,1.111499999999,1.110480000001,['4.44 USD'],-0.00092,-106.44 USD,True
BACKTESTER-001,MovingAverageCrossover-MA_CROSS,EUR/USD.IDEALPRO,IDEALPRO-001,O-20250513-081800-001-MA_CROSS-3203,O-20250513-090000-001-MA_CROSS-3206,SELL,FLAT,0.00,100000.00,1747124280000000000,2025-05-13 08:18:00+00:00,1747126800000000000,2025-05-13 09:00:00+00:00,2520000000000.0,1.1111800000010001,1.1112199999990002,['4.44 USD'],-4e-05,-8.44 USD,True
BACKTESTER-001,MovingAverageCrossover-MA_CROSS,EUR/USD.IDEALPRO,IDEALPRO-001,O-20250513-100200-001-MA_CROSS-3207,O-20250513-103600-001-MA_CROSS-3210,SELL,FLAT,0.00,100000.00,1747130520000000000,2025-05-13 10:02:00+00:00,1747132560000000000,2025-05-13 10:36:00+00:00,2040000000000.0,1.1107700000010001,1.110619999999,['4.44 USD'],0.00014,10.56 USD,True
BACKTESTER-001,MovingAverageCrossover-MA_CROSS,EUR/USD.IDEALPRO,IDEALPRO-001,O-20250513-105000-001-MA_CROSS-3211,O-20250513-110400-001-MA_CROSS-3214,SELL,FLAT,0.00,100000.00,1747133400000000000,2025-05-13 10:50:00+00:00,1747134240000000000,2025-05-13 11:04:00+00:00,840000000000.0,1.109910000001,1.110689999999,['4.44 USD'],-0.0007,-82.44 USD,True
BACKTESTER-001,MovingAverageCrossover-MA_CROSS,EUR/USD.IDEALPRO,IDEALPRO-001,O-20250513-115800-001-MA_CROSS-3215,O-20250513-115800-001-MA_CROSS-3216,SELL,FLAT,0.00,100000.00,1747137480000000000,2025-05-13 11:58:00+00:00,1747138320000000000,2025-05-13 12:12:00+00:00,840000000000.0,1.110480000001,1.111499999999,['4.44 USD'],-0.00092,-106.44 USD,True
BACKTESTER-001,MovingAverageCrossover-MA_CROSS,EUR/USD.IDEALPRO,IDEALPRO-001,O-20250513-133000-001-MA_CROSS-3218,O-20250513-133000-001-MA_CROSS-3219,BUY,FLAT,0.00,100000.00,1747143000000000000,2025-05-13 13:30:00+00:00,1747144560000000000,2025-05-13 13:56:00+00:00,1560000000000.0,1.114209999999,1.113190000001,['4.46 USD'],-0.00092,-106.46 USD,True
BACKTESTER-001,MovingAverageCrossover-MA_CROSS,EUR/USD.IDEALPRO,IDEALPRO-001,O-20250513-141600-001-MA_CROSS-3221,O-20250513-141600-001-MA_CROSS-3222,SELL,FLAT,0.00,100000.00,1747145760000000000,2025-05-13 14:16:00+00:00,1747146120000000000,2025-05-13 14:22:00+00:00,360000000000.0,1.1133800000010001,1.1143999999990002,['4.46 USD'],-0.00092,-106.46 USD,True
BACKTESTER-001,MovingAverageCrossover-MA_CROSS,EUR/USD.IDEALPRO,IDEALPRO-001,O-20250513-144000-001-MA_CROSS-3224,O-20250513-144000-001-MA_CROSS-3226,BUY,FLAT,0.00,100000.00,1747147200000000000,2025-05-13 14:40:00+00:00,1747149720000000000,2025-05-13 15:22:00+00:00,2520000000000.0,1.114309999999,1.1168,['4.46 USD'],0.00223,244.54 USD,True
BACKTESTER-001,MovingAverageCrossover-MA_CROSS,EUR/USD.IDEALPRO,IDEALPRO-001,O-20250513-173000-001-MA_CROSS-3227,O-20250513-173000-001-MA_CROSS-3228,SELL,FLAT,0.00,100000.00,1747157400000000000,2025-05-13 17:30:00+00:00,1747159020000000000,2025-05-13 17:57:00+00:00,1620000000000.0,1.116830000001,1.1178499999990001,['4.47 USD'],-0.00091,-106.47 USD,True
BACKTESTER-001,MovingAverageCrossover-MA_CROSS,EUR/USD.IDEALPRO,IDEALPRO-001,O-20250513-180000-001-MA_CROSS-3230,O-20250513-210000-001-MA_CROSS-3233,BUY,FLAT,0.00,100000.00,1747159200000000000,2025-05-13 18:00:00+00:00,1747170000000000000,2025-05-13 21:00:00+00:00,10800000000000.0,1.1177299999989998,1.1185100000009998,['4.48 USD'],0.0007,73.52 USD,True
BACKTESTER-001,MovingAverageCrossover-MA_CROSS,EUR/USD.IDEALPRO,IDEALPRO-001,O-20250513-220200-001-MA_CROSS-3234,O-20250514-000400-001-MA_CROSS-3237,BUY,FLAT,0.00,100000.00,1747173720000000000,2025-05-13 22:02:00+00:00,1747181040000000000,2025-05-14 00:04:00+00:00,7320000000000.0,1.118949999999,1.118470000001,['4.48 USD'],-0.00043,-52.48 USD,True
BACKTESTER-001,MovingAverageCrossover-MA_CROSS,EUR/USD.IDEALPRO,IDEALPRO-001,O-20250514-003200-001-MA_CROSS-3238,O-20250514-003200-001-MA_CROSS-3239,BUY,FLAT,0.00,100000.00,1747182720000000000,2025-05-14 00:32:00+00:00,1747183800000000000,2025-05-14 00:50:00+00:00,1080000000000.0,1.119639999999,1.118620000001,['4.48 USD'],-0.00091,-106.48 USD,True
BACKTESTER-001,MovingAverageCrossover-MA_CROSS,EUR/USD.IDEALPRO,IDEALPRO-001,O-20250514-033400-001-MA_CROSS-3241,O-20250514-034600-001-MA_CROSS-3244,SELL,FLAT,0.00,100000.00,1747193640000000000,2025-05-14 03:34:00+00:00,1747194360000000000,2025-05-14 03:46:00+00:00,720000000000.0,1.118460000001,1.119059999999,['4.48 USD'],-0.00054,-64.48 USD,True
BACKTESTER-001,MovingAverageCrossover-MA_CROSS,EUR/USD.IDEALPRO,IDEALPRO-001,O-20250514-045400-001-MA_CROSS-3245,O-20250514-063000-001-MA_CROSS-3248,SELL,FLAT,0.00,100000.00,1747198440000000000,2025-05-14 04:54:00+00:00,1747204200000000000,2025-05-14 06:30:00+00:00,5760000000000.0,1.1190800000010002,1.119499999999,['4.48 USD'],-0.00038,-46.48 USD,True
BACKTESTER-001,MovingAverageCrossover-MA_CROSS,EUR/USD.IDEALPRO,IDEALPRO-001,O-20250514-070000-001-MA_CROSS-3249,O-20250514-070000-001-MA_CROSS-3250,SELL,FLAT,0.00,100000.00,1747206000000000000,2025-05-14 07:00:00+00:00,1747206180000000000,2025-05-14 07:03:00+00:00,180000000000.0,1.118790000001,1.1198099999989999,['4.48 USD'],-0.00091,-106.48 USD,True
BACKTESTER-001,MovingAverageCrossover-MA_CROSS,EUR/USD.IDEALPRO,IDEALPRO-001,O-20250514-073200-001-MA_CROSS-3252,O-20250514-073200-001-MA_CROSS-3254,BUY,FLAT,0.00,100000.00,1747207920000000000,2025-05-14 07:32:00+00:00,1747209840000000000,2025-05-14 08:04:00+00:00,1920000000000.0,1.1194599999989998,1.12195,['4.48 USD'],0.00222,244.52 USD,True
BACKTESTER-001,MovingAverageCrossover-MA_CROSS,EUR/USD.IDEALPRO,IDEALPRO-001,O-20250514-103000-001-MA_CROSS-3255,O-20250514-103000-001-MA_CROSS-3257,SELL,FLAT,0.00,100000.00,1747218600000000000,2025-05-14 10:30:00+00:00,1747224840000000000,2025-05-14 12:14:00+00:00,6240000000000.0,1.123620000001,1.1211300000000002,['4.49 USD'],0.00222,244.51 USD,True
BACKTESTER-001,MovingAverageCrossover-MA_CROSS,EUR/USD.IDEALPRO,IDEALPRO-001,O-20250514-133200-001-MA_CROSS-3258,O-20250514-133200-001-MA_CROSS-3259,BUY,FLAT,0.00,100000.00,1747229520000000000,2025-05-14 13:32:00+00:00,1747231320000000000,2025-05-14 14:02:00+00:00,1800000000000.0,1.122409999999,1.1213900000010002,['4.48 USD'],-0.00091,-106.48 USD,True
BACKTESTER-001,MovingAverageCrossover-MA_CROSS,EUR/USD.IDEALPRO,IDEALPRO-001,O-20250514-140200-001-MA_CROSS-3261,O-20250514-145000-001-MA_CROSS-3264,SELL,FLAT,0.00,100000.00,1747231320000000000,2025-05-14 14:02:00+00:00,1747234200000000000,2025-05-14 14:50:00+00:00,2880000000000.0,1.121460000001,1.122169999999,['4.48 USD'],-0.00063,-75.48 USD,True
BACKTESTER-001,MovingAverageCrossover-MA_CROSS,EUR/USD.IDEALPRO,IDEALPRO-001,O-20250514-151200-001-MA_CROSS-3265,O-20250514-151200-001-MA_CROSS-3267,SELL,FLAT,0.00,100000.00,1747235520000000000,2025-05-14 15:12:00+00:00,1747240920000000000,2025-05-14 16:42:00+00:00,5400000000000.0,1.1208800000010002,1.1183900000000002,['4.48 USD'],0.00222,244.52 USD,True
BACKTESTER-001,MovingAverageCrossover-MA_CROSS,EUR/USD.IDEALPRO,IDEALPRO-001,O-20250514-172600-001-MA_CROSS-3268,O-20250514-172600-001-MA_CROSS-3269,BUY,FLAT,0.00,100000.00,1747243560000000000,2025-05-14 17:26:00+00:00,1747244280000000000,2025-05-14 17:38:00+00:00,720000000000.0,1.119679999999,1.118660000001,['4.48 USD'],-0.00091,-106.48 USD,True
BACKTESTER-001,MovingAverageCrossover-MA_CROSS,EUR/USD.IDEALPRO,IDEALPRO-001,O-20250514-174600-001-MA_CROSS-3271,O-20250514-204600-001-MA_CROSS-3274,SELL,FLAT,0.00,100000.00,1747244760000000000,2025-05-14 17:46:00+00:00,1747255560000000000,2025-05-14 20:46:00+00:00,10800000000000.0,1.118360000001,1.1172399999990001,['4.47 USD'],0.001,107.53 USD,True
BACKTESTER-001,MovingAverageCrossover-MA_CROSS,EUR/USD.IDEALPRO,IDEALPRO-001,O-20250515-000200-001-MA_CROSS-3275,O-20250515-000200-001-MA_CROSS-3276,SELL,FLAT,0.00,100000.00,1747267320000000000,2025-05-15 00:02:00+00:00,1747268880000000000,2025-05-15 00:28:00+00:00,1560000000000.0,1.1177600000010002,1.1187799999990002,['4.48 USD'],-0.00091,-106.48 USD,True
BACKTESTER-001,MovingAverageCrossover-MA_CROSS,EUR/USD.IDEALPRO,IDEALPRO-001,O-20250515-003000-001-MA_CROSS-3278,O-20250515-041600-001-MA_CROSS-3281,BUY,FLAT,0.00,100000.00,1747269000000000000,2025-05-15 00:30:00+00:00,1747282560000000000,2025-05-15 04:16:00+00:00,13560000000000.0,1.118859999999,1.1194900000010002,['4.48 USD'],0.00056,58.52 USD,True
BACKTESTER-001,MovingAverageCrossover-MA_CROSS,EUR/USD.IDEALPRO,IDEALPRO-001,O-20250515-051600-001-MA_CROSS-3282,O-20250515-053400-001-MA_CROSS-3285,BUY,FLAT,0.00,100000.00,1747286160000000000,2025-05-15 05:16:00+00:00,1747287240000000000,2025-05-15 05:34:00+00:00,1080000000000.0,1.119479999999,1.1189400000010001,['4.48 USD'],-0.00048,-58.48 USD,True
BACKTESTER-001,MovingAverageCrossover-MA_CROSS,EUR/USD.IDEALPRO,IDEALPRO-001,O-20250515-060600-001-MA_CROSS-3286,O-20250515-060600-001-MA_CROSS-3288,BUY,FLAT,0.00,100000.00,1747289160000000000,2025-05-15 06:06:00+00:00,1747291620000000000,2025-05-15 06:47:00+00:00,2460000000000.0,1.1194899999990002,1.12198,['4.48 USD'],0.00222,244.52 USD,True
BACKTESTER-001,MovingAverageCrossover-MA_CROSS,EUR/USD.IDEALPRO,IDEALPRO-001,O-20250515-073000-001-MA_CROSS-3289,O-20250515-084600-001-MA_CROSS-3292,SELL,FLAT,0.00,100000.00,1747294200000000000,2025-05-15 07:30:00+00:00,1747298760000000000,2025-05-15 08:46:00+00:00,4560000000000.0,1.1211400000010001,1.120679999999,['4.48 USD'],0.00041,41.52 USD,True
BACKTESTER-001,MovingAverageCrossover-MA_CROSS,EUR/USD.IDEALPRO,IDEALPRO-001,O-20250515-093200-001-MA_CROSS-3293,O-20250515-102000-001-MA_CROSS-3296,SELL,FLAT,0.00,100000.00,1747301520000000000,2025-05-15 09:32:00+00:00,1747304400000000000,2025-05-15 10:20:00+00:00,2880000000000.0,1.120480000001,1.1208399999990002,['4.48 USD'],-0.00032,-40.48 USD,True
BACKTESTER-001,MovingAverageCrossover-MA_CROSS,EUR/USD.IDEALPRO,IDEALPRO-001,O-20250515-110000-001-MA_CROSS-3297,O-20250515-110000-001-MA_CROSS-3298,SELL,FLAT,0.00,100000.00,1747306800000000000,2025-05-15 11:00:00+00:00,1747312260000000000,2025-05-15 12:31:00+00:00,5460000000000.0,1.120020000001,1.1210399999990002,['4.48 USD'],-0.00091,-106.48 USD,True
BACKTESTER-001,MovingAverageCrossover-MA_CROSS,EUR/USD.IDEALPRO,IDEALPRO-001,O-20250515-130200-001-MA_CROSS-3300,O-20250515-130200-001-MA_CROSS-3301,BUY,FLAT,0.00,100000.00,1747314120000000000,2025-05-15 13:02:00+00:00,1747315800000000000,2025-05-15 13:30:00+00:00,1680000000000.0,1.121329999999,1.120310000001,['4.48 USD'],-0.00091,-106.48 USD,True
BACKTESTER-001,MovingAverageCrossover-MA_CROSS,EUR/USD.IDEALPRO,IDEALPRO-001,O-20250515-133400-001-MA_CROSS-3303,O-20250515-133400-001-MA_CROSS-3304,SELL,FLAT,0.00,100000.00,1747316040000000000,2025-05-15 13:34:00+00:00,1747318260000000000,2025-05-15 14:11:00+00:00,2220000000000.0,1.1198900000010001,1.1209399999990002,['4.48 USD'],-0.00094,-109.48 USD,True
BACKTESTER-001,MovingAverageCrossover-MA_CROSS,EUR/USD.IDEALPRO,IDEALPRO-001,O-20250515-141400-001-MA_CROSS-3306,O-20250515-141400-001-MA_CROSS-3307,BUY,FLAT,0.00,100000.00,1747318440000000000,2025-05-15 14:14:00+00:00,1747318860000000000,2025-05-15 14:21:00+00:00,420000000000.0,1.120489999999,1.119470000001,['4.48 USD'],-0.00091,-106.48 USD,True
BACKTESTER-001,MovingAverageCrossover-MA_CROSS,EUR/USD.IDEALPRO,IDEALPRO-001,O-20250515-143000-001-MA_CROSS-3309,O-20250515-151600-001-MA_CROSS-3312,SELL,FLAT,0.00,100000.00,1747319400000000000,2025-05-15 14:30:00+00:00,1747322160000000000,2025-05-15 15:16:00+00:00,2760000000000.0,1.119090000001,1.1193499999990002,['4.48 USD'],-0.00023,-30.48 USD,True
BACKTESTER-001,MovingAverageCrossover-MA_CROSS,EUR/USD.IDEALPRO,IDEALPRO-001,O-20250515-153000-001-MA_CROSS-3313,O-20250515-193000-001-MA_CROSS-3316,SELL,FLAT,0.00,100000.00,1747323000000000000,2025-05-15 15:30:00+00:00,1747337400000000000,2025-05-15 19:30:00+00:00,14400000000000.0,1.118110000001,1.118109999999,['4.48 USD'],0.0,-4.48 USD,True
BACKTESTER-001,MovingAverageCrossover-MA_CROSS,EUR/USD.IDEALPRO,IDEALPRO-001,O-20250516-030200-001-MA_CROSS-3317,O-20250516-033800-001-MA_CROSS-3320,SELL,FLAT,0.00,100000.00,1747364520000000000,2025-05-16 03:02:00+00:00,1747366680000000000,2025-05-16 03:38:00+00:00,2160000000000.0,1.1201600000010001,1.120549999999,['4.48 USD'],-0.00035,-43.48 USD,True
BACKTESTER-001,MovingAverageCrossover-MA_CROSS,EUR/USD.IDEALPRO,IDEALPRO-001,O-20250516-040400-001-MA_CROSS-3321,O-20250516-050000-001-MA_CROSS-3324,SELL,FLAT,0.00,100000.00,1747368240000000000,2025-05-16 04:04:00+00:00,1747371600000000000,2025-05-16 05:00:00+00:00,3360000000000.0,1.1197600000010002,1.1203199999990001,['4.48 USD'],-0.0005,-60.48 USD,True
BACKTESTER-001,MovingAverageCrossover-MA_CROSS,EUR/USD.IDEALPRO,IDEALPRO-001,O-20250516-080000-001-MA_CROSS-3325,O-20250516-093000-001-MA_CROSS-3328,SELL,FLAT,0.00,100000.00,1747382400000000000,2025-05-16 08:00:00+00:00,1747387800000000000,2025-05-16 09:30:00+00:00,5400000000000.0,1.120860000001,1.120769999999,['4.48 USD'],8e-05,4.52 USD,True
BACKTESTER-001,MovingAverageCrossover-MA_CROSS,EUR/USD.IDEALPRO,IDEALPRO-001,O-20250516-094800-001-MA_CROSS-3329,O-20250516-110000-001-MA_CROSS-3332,SELL,FLAT,0.00,100000.00,1747388880000000000,2025-05-16 09:48:00+00:00,1747393200000000000,2025-05-16 11:00:00+00:00,4320000000000.0,1.1199600000010002,1.1199999999990002,['4.48 USD'],-4e-05,-8.48 USD,True
BACKTESTER-001,MovingAverageCrossover-MA_CROSS,EUR/USD.IDEALPRO,IDEALPRO-001,O-20250516-113800-001-MA_CROSS-3333,O-20250516-135000-001-MA_CROSS-3336,SELL,FLAT,0.00,100000.00,1747395480000000000,2025-05-16 11:38:00+00:00,1747403400000000000,2025-05-16 13:50:00+00:00,7920000000000.0,1.119770000001,1.120079999999,['4.48 USD'],-0.00028,-35.48 USD,True
BACKTESTER-001,MovingAverageCrossover-MA_CROSS,EUR/USD.IDEALPRO,IDEALPRO-001,O-20250516-141600-001-MA_CROSS-3337,O-20250516-141600-001-MA_CROSS-3339,SELL,FLAT,0.00,100000.00,1747404960000000000,2025-05-16 14:16:00+00:00,1747406520000000000,2025-05-16 14:42:00+00:00,1560000000000.0,1.1183300000010001,1.11584,['4.47 USD'],0.00223,244.53 USD,True
BACKTESTER-001,MovingAverageCrossover-MA_CROSS,EUR/USD.IDEALPRO,IDEALPRO-001,O-20250516-193000-001-MA_CROSS-3340,O-20250516-203000-001-MA_CROSS-3343,BUY,FLAT,0.00,100000.00,1747423800000000000,2025-05-16 19:30:00+00:00,1747427400000000000,2025-05-16 20:30:00+00:00,3600000000000.0,1.115569999999,1.114830000001,['4.46 USD'],-0.00066,-78.46 USD,True
BACKTESTER-001,MovingAverageCrossover-MA_CROSS,EUR/USD.IDEALPRO,IDEALPRO-001,O-20250516-205200-001-MA_CROSS-3344,O-20250516-205200-001-MA_CROSS-3346,BUY,FLAT,0.00,100000.00,1747428720000000000,2025-05-16 20:52:00+00:00,1747603500000000000,2025-05-18 21:25:00+00:00,174780000000000.0,1.1157499999990002,1.11824,['4.47 USD'],0.00223,244.53 USD,True
BACKTESTER-001,MovingAverageCrossover-MA_CROSS,EUR/USD.IDEALPRO,IDEALPRO-001,O-20250519-004600-001-MA_CROSS-3347,O-20250519-004600-001-MA_CROSS-3348,SELL,FLAT,0.00,100000.00,1747615560000000000,2025-05-19 00:46:00+00:00,1747616100000000000,2025-05-19 00:55:00+00:00,540000000000.0,1.118420000001,1.119439999999,['4.48 USD'],-0.00091,-106.48 USD,True
BACKTESTER-001,MovingAverageCrossover-MA_CROSS,EUR/USD.IDEALPRO,IDEALPRO-001,O-20250519-010000-001-MA_CROSS-3350,O-20250519-010000-001-MA_CROSS-3351,BUY,FLAT,0.00,100000.00,1747616400000000000,2025-05-19 01:00:00+00:00,1747617480000000000,2025-05-19 01:18:00+00:00,1080000000000.0,1.119739999999,1.118720000001,['4.48 USD'],-0.00091,-106.48 USD,True
BACKTESTER-001,MovingAverageCrossover-MA_CROSS,EUR/USD.IDEALPRO,IDEALPRO-001,O-20250519-042000-001-MA_CROSS-3353,O-20250519-043000-001-MA_CROSS-3356,SELL,FLAT,0.00,100000.00,1747628400000000000,2025-05-19 04:20:00+00:00,1747629000000000000,2025-05-19 04:30:00+00:00,600000000000.0,1.117940000001,1.118579999999,['4.48 USD'],-0.00057,-68.48 USD,True
BACKTESTER-001,MovingAverageCrossover-MA_CROSS,EUR/USD.IDEALPRO,IDEALPRO-001,O-20250519-054600-001-MA_CROSS-3357,O-20250519-060000-001-MA_CROSS-3360,SELL,FLAT,0.00,100000.00,1747633560000000000,2025-05-19 05:46:00+00:00,1747634400000000000,2025-05-19 06:00:00+00:00,840000000000.0,1.1179200000010001,1.118519999999,['4.48 USD'],-0.00054,-64.48 USD,True
BACKTESTER-001,MovingAverageCrossover-MA_CROSS,EUR/USD.IDEALPRO,IDEALPRO-001,O-20250519-113000-001-MA_CROSS-3361,O-20250519-113000-001-MA_CROSS-3363,SELL,FLAT,0.00,100000.00,1747654200000000000,2025-05-19 11:30:00+00:00,1747663380000000000,2025-05-19 14:03:00+00:00,9180000000000.0,1.1268800000010002,1.12439,['4.50 USD'],0.00221,244.50 USD,True
BACKTESTER-001,MovingAverageCrossover-MA_CROSS,EUR/USD.IDEALPRO,IDEALPRO-001,O-20250519-150000-001-MA_CROSS-3364,O-20250519-155200-001-MA_CROSS-3367,BUY,FLAT,0.00,100000.00,1747666800000000000,2025-05-19 15:00:00+00:00,1747669920000000000,2025-05-19 15:52:00+00:00,3120000000000.0,1.125369999999,1.125070000001,['4.50 USD'],-0.00027,-34.50 USD,True
BACKTESTER-001,MovingAverageCrossover-MA_CROSS,EUR/USD.IDEALPRO,IDEALPRO-001,O-20250519-190200-001-MA_CROSS-3368,O-20250519-223400-001-MA_CROSS-3371,BUY,FLAT,0.00,100000.00,1747681320000000000,2025-05-19 19:02:00+00:00,1747694040000000000,2025-05-19 22:34:00+00:00,12720000000000.0,1.1234899999990002,1.1239600000010002,['4.50 USD'],0.00042,42.50 USD,True
BACKTESTER-001,MovingAverageCrossover-MA_CROSS,EUR/USD.IDEALPRO,IDEALPRO-001,O-20250520-010000-001-MA_CROSS-3372,O-20250520-030200-001-MA_CROSS-3375,BUY,FLAT,0.00,100000.00,1747702800000000000,2025-05-20 01:00:00+00:00,1747710120000000000,2025-05-20 03:02:00+00:00,7320000000000.0,1.1227999999990002,1.123040000001,['4.50 USD'],0.00021,19.50 USD,True
BACKTESTER-001,MovingAverageCrossover-MA_CROSS,EUR/USD.IDEALPRO,IDEALPRO-001,O-20250520-031600-001-MA_CROSS-3376,O-20250520-031600-001-MA_CROSS-3378,BUY,FLAT,0.00,100000.00,1747710960000000000,2025-05-20 03:16:00+00:00,1747725060000000000,2025-05-20 07:11:00+00:00,14100000000000.0,1.1240999999990002,1.12659,['4.50 USD'],0.00222,244.50 USD,True
BACKTESTER-001,MovingAverageCrossover-MA_CROSS,EUR/USD.IDEALPRO,IDEALPRO-001,O-20250520-081600-001-MA_CROSS-3379,O-20250520-091600-001-MA_CROSS-3382,SELL,FLAT,0.00,100000.00,1747728960000000000,2025-05-20 08:16:00+00:00,1747732560000000000,2025-05-20 09:16:00+00:00,3600000000000.0,1.126320000001,1.126409999999,['4.50 USD'],-8e-05,-13.50 USD,True
BACKTESTER-001,MovingAverageCrossover-MA_CROSS,EUR/USD.IDEALPRO,IDEALPRO-001,O-20250520-093800-001-MA_CROSS-3383,O-20250520-093800-001-MA_CROSS-3385,SELL,FLAT,0.00,100000.00,1747733880000000000,2025-05-20 09:38:00+00:00,1747743540000000000,2025-05-20 12:19:00+00:00,9660000000000.0,1.1255200000010002,1.1230300000000002,['4.50 USD'],0.00221,244.50 USD,True
BACKTESTER-001,MovingAverageCrossover-MA_CROSS,EUR/USD.IDEALPRO,IDEALPRO-001,O-20250520-134600-001-MA_CROSS-3386,O-20250520-134600-001-MA_CROSS-3388,BUY,FLAT,0.00,100000.00,1747748760000000000,2025-05-20 13:46:00+00:00,1747750260000000000,2025-05-20 14:11:00+00:00,1500000000000.0,1.1238299999990002,1.12632,['4.50 USD'],0.00222,244.50 USD,True
BACKTESTER-001,MovingAverageCrossover-MA_CROSS,EUR/USD.IDEALPRO,IDEALPRO-001,O-20250520-160000-001-MA_CROSS-3389,O-20250520-170000-001-MA_CROSS-3392,SELL,FLAT,0.00,100000.00,1747756800000000000,2025-05-20 16:00:00+00:00,1747760400000000000,2025-05-20 17:00:00+00:00,3600000000000.0,1.1253100000010001,1.125669999999,['4.50 USD'],-0.00032,-40.50 USD,True
BACKTESTER-001,MovingAverageCrossover-MA_CROSS,EUR/USD.IDEALPRO,IDEALPRO-001,O-20250520-223000-001-MA_CROSS-3393,O-20250521-000200-001-MA_CROSS-3396,SELL,FLAT,0.00,100000.00,1747780200000000000,2025-05-20 22:30:00+00:00,1747785720000000000,2025-05-21 00:02:00+00:00,5520000000000.0,1.128140000001,1.128999999999,['4.52 USD'],-0.00076,-90.52 USD,True
BACKTESTER-001,MovingAverageCrossover-MA_CROSS,EUR/USD.IDEALPRO,IDEALPRO-001,O-20250521-052000-001-MA_CROSS-3397,O-20250521-053000-001-MA_CROSS-3400,SELL,FLAT,0.00,100000.00,1747804800000000000,2025-05-21 05:20:00+00:00,1747805400000000000,2025-05-21 05:30:00+00:00,600000000000.0,1.1329800000010002,1.133609999999,['4.54 USD'],-0.00056,-67.54 USD,True
BACKTESTER-001,MovingAverageCrossover-MA_CROSS,EUR/USD.IDEALPRO,IDEALPRO-001,O-20250521-060200-001-MA_CROSS-3401,O-20250521-060200-001-MA_CROSS-3402,SELL,FLAT,0.00,100000.00,1747807320000000000,2025-05-21 06:02:00+00:00,1747808100000000000,2025-05-21 06:15:00+00:00,780000000000.0,1.1327700000010001,1.1337899999990002,['4.54 USD'],-0.0009,-106.54 USD,True
BACKTESTER-001,MovingAverageCrossover-MA_CROSS,EUR/USD.IDEALPRO,IDEALPRO-001,O-20250521-061800-001-MA_CROSS-3404,O-20250521-065600-001-MA_CROSS-3407,BUY,FLAT,0.00,100000.00,1747808280000000000,2025-05-21 06:18:00+00:00,1747810560000000000,2025-05-21 06:56:00+00:00,2280000000000.0,1.1340199999990002,1.134040000001,['4.54 USD'],2e-05,-2.54 USD,True
BACKTESTER-001,MovingAverageCrossover-MA_CROSS,EUR/USD.IDEALPRO,IDEALPRO-001,O-20250521-094600-001-MA_CROSS-3408,O-20250521-094600-001-MA_CROSS-3410,BUY,FLAT,0.00,100000.00,1747820760000000000,2025-05-21 09:46:00+00:00,1747823040000000000,2025-05-21 10:24:00+00:00,2280000000000.0,1.133209999999,1.1357,['4.54 USD'],0.0022,244.46 USD,True
BACKTESTER-001,MovingAverageCrossover-MA_CROSS,EUR/USD.IDEALPRO,IDEALPRO-001,O-20250521-110000-001-MA_CROSS-3411,O-20250521-133600-001-MA_CROSS-3414,SELL,FLAT,0.00,100000.00,1747825200000000000,2025-05-21 11:00:00+00:00,1747834560000000000,2025-05-21 13:36:00+00:00,9360000000000.0,1.1338600000010002,1.133289999999,['4.54 USD'],0.0005,52.46 USD,True
BACKTESTER-001,MovingAverageCrossover-MA_CROSS,EUR/USD.IDEALPRO,IDEALPRO-001,O-20250521-135000-001-MA_CROSS-3415,O-20250521-135000-001-MA_CROSS-3416,SELL,FLAT,0.00,100000.00,1747835400000000000,2025-05-21 13:50:00+00:00,1747835880000000000,2025-05-21 13:58:00+00:00,480000000000.0,1.132690000001,1.1337099999990001,['4.54 USD'],-0.0009,-106.54 USD,True
BACKTESTER-001,MovingAverageCrossover-MA_CROSS,EUR/USD.IDEALPRO,IDEALPRO-001,O-20250521-140000-001-MA_CROSS-3418,O-20250521-163400-001-MA_CROSS-3421,BUY,FLAT,0.00,100000.00,1747836000000000000,2025-05-21 14:00:00+00:00,1747845240000000000,2025-05-21 16:34:00+00:00,9240000000000.0,1.133699999999,1.133980000001,['4.54 USD'],0.00025,23.46 USD,True
BACKTESTER-001,MovingAverageCrossover-MA_CROSS,EUR/USD.IDEALPRO,IDEALPRO-001,O-20250521-171600-001-MA_CROSS-3422,O-20250521-174600-001-MA_CROSS-3425,BUY,FLAT,0.00,100000.00,1747847760000000000,2025-05-21 17:16:00+00:00,1747849560000000000,2025-05-21 17:46:00+00:00,1800000000000.0,1.134959999999,1.1343700000010002,['4.54 USD'],-0.00052,-63.54 USD,True
BACKTESTER-001,MovingAverageCrossover-MA_CROSS,EUR/USD.IDEALPRO,IDEALPRO-001,O-20250521-203200-001-MA_CROSS-3426,O-20250521-221600-001-MA_CROSS-3429,BUY,FLAT,0.00,100000.00,1747859520000000000,2025-05-21 20:32:00+00:00,1747865760000000000,2025-05-21 22:16:00+00:00,6240000000000.0,1.1328099999990002,1.132260000001,['4.53 USD'],-0.00049,-59.53 USD,True
BACKTESTER-001,MovingAverageCrossover-MA_CROSS,EUR/USD.IDEALPRO,IDEALPRO-001,O-20250522-000200-001-MA_CROSS-3430,O-20250522-004600-001-MA_CROSS-3433,BUY,FLAT,0.00,100000.00,1747872120000000000,2025-05-22 00:02:00+00:00,1747874760000000000,2025-05-22 00:46:00+00:00,2640000000000.0,1.1333099999990002,1.132850000001,['4.54 USD'],-0.00041,-50.54 USD,True
BACKTESTER-001,MovingAverageCrossover-MA_CROSS,EUR/USD.IDEALPRO,IDEALPRO-001,O-20250522-050000-001-MA_CROSS-3434,O-20250522-051800-001-MA_CROSS-3437,BUY,FLAT,0.00,100000.00,1747890000000000000,2025-05-22 05:00:00+00:00,1747891080000000000,2025-05-22 05:18:00+00:00,1080000000000.0,1.133329999999,1.132730000001,['4.54 USD'],-0.00053,-64.54 USD,True
BACKTESTER-001,MovingAverageCrossover-MA_CROSS,EUR/USD.IDEALPRO,IDEALPRO-001,O-20250522-055200-001-MA_CROSS-3438,O-20250522-063400-001-MA_CROSS-3441,BUY,FLAT,0.00,100000.00,1747893120000000000,2025-05-22 05:52:00+00:00,1747895640000000000,2025-05-22 06:34:00+00:00,2520000000000.0,1.133269999999,1.132950000001,['4.54 USD'],-0.00028,-36.54 USD,True
BACKTESTER-001,MovingAverageCrossover-MA_CROSS,EUR/USD.IDEALPRO,IDEALPRO-001,O-20250522-075600-001-MA_CROSS-3442,O-20250522-083600-001-MA_CROSS-3445,BUY,FLAT,0.00,100000.00,1747900560000000000,2025-05-22 07:56:00+00:00,1747902960000000000,2025-05-22 08:36:00+00:00,2400000000000.0,1.131939999999,1.1312500000010002,['4.52 USD'],-0.00061,-73.52 USD,True
BACKTESTER-001,MovingAverageCrossover-MA_CROSS,EUR/USD.IDEALPRO,IDEALPRO-001,O-20250522-111600-001-MA_CROSS-3446,O-20250522-111600-001-MA_CROSS-3447,BUY,FLAT,0.00,100000.00,1747912560000000000,2025-05-22 11:16:00+00:00,1747917480000000000,2025-05-22 12:38:00+00:00,4920000000000.0,1.130219999999,1.129200000001,['4.52 USD'],-0.0009,-106.52 USD,True
BACKTESTER-001,MovingAverageCrossover-MA_CROSS,EUR/USD.IDEALPRO,IDEALPRO-001,O-20250522-133600-001-MA_CROSS-3449,O-20250522-133600-001-MA_CROSS-3451,SELL,FLAT,0.00,100000.00,1747920960000000000,2025-05-22 13:36:00+00:00,1747926480000000000,2025-05-22 15:08:00+00:00,5520000000000.0,1.129550000001,1.1270600000000002,['4.51 USD'],0.0022,244.49 USD,True
BACKTESTER-001,MovingAverageCrossover-MA_CROSS,EUR/USD.IDEALPRO,IDEALPRO-001,O-20250522-153200-001-MA_CROSS-3452,O-20250522-165000-001-MA_CROSS-3455,BUY,FLAT,0.00,100000.00,1747927920000000000,2025-05-22 15:32:00+00:00,1747932600000000000,2025-05-22 16:50:00+00:00,4680000000000.0,1.128509999999,1.1280200000010001,['4.52 USD'],-0.00043,-53.52 USD,True
BACKTESTER-001,MovingAverageCrossover-MA_CROSS,EUR/USD.IDEALPRO,IDEALPRO-001,O-20250522-180000-001-MA_CROSS-3456,O-20250523-000200-001-MA_CROSS-3459,BUY,FLAT,0.00,100000.00,1747936800000000000,2025-05-22 18:00:00+00:00,1747958520000000000,2025-05-23 00:02:00+00:00,21720000000000.0,1.126819999999,1.1282400000009998,['4.51 USD'],0.00126,137.49 USD,True
BACKTESTER-001,MovingAverageCrossover-MA_CROSS,EUR/USD.IDEALPRO,IDEALPRO-001,O-20250523-001800-001-MA_CROSS-3460,O-20250523-001800-001-MA_CROSS-3462,BUY,FLAT,0.00,100000.00,1747959480000000000,2025-05-23 00:18:00+00:00,1747964700000000000,2025-05-23 01:45:00+00:00,5220000000000.0,1.128889999999,1.13138,['4.52 USD'],0.00221,244.48 USD,True
BACKTESTER-001,MovingAverageCrossover-MA_CROSS,EUR/USD.IDEALPRO,IDEALPRO-001,O-20250523-040000-001-MA_CROSS-3463,O-20250523-043600-001-MA_CROSS-3466,SELL,FLAT,0.00,100000.00,1747972800000000000,2025-05-23 04:00:00+00:00,1747974960000000000,2025-05-23 04:36:00+00:00,2160000000000.0,1.131140000001,1.131699999999,['4.52 USD'],-0.0005,-60.52 USD,True
BACKTESTER-001,MovingAverageCrossover-MA_CROSS,EUR/USD.IDEALPRO,IDEALPRO-001,O-20250523-054600-001-MA_CROSS-3467,O-20250523-054600-001-MA_CROSS-3468,SELL,FLAT,0.00,100000.00,1747979160000000000,2025-05-23 05:46:00+00:00,1747979760000000000,2025-05-23 05:56:00+00:00,600000000000.0,1.131190000001,1.132209999999,['4.52 USD'],-0.0009,-106.52 USD,True
BACKTESTER-001,MovingAverageCrossover-MA_CROSS,EUR/USD.IDEALPRO,IDEALPRO-001,O-20250523-060000-001-MA_CROSS-3470,O-20250523-060000-001-MA_CROSS-3471,BUY,FLAT,0.00,100000.00,1747980000000000000,2025-05-23 06:00:00+00:00,1747981620000000000,2025-05-23 06:27:00+00:00,1620000000000.0,1.132279999999,1.1312600000009998,['4.52 USD'],-0.0009,-106.52 USD,True
BACKTESTER-001,MovingAverageCrossover-MA_CROSS,EUR/USD.IDEALPRO,IDEALPRO-001,O-20250523-063000-001-MA_CROSS-3473,O-20250523-063000-001-MA_CROSS-3474,SELL,FLAT,0.00,100000.00,1747981800000000000,2025-05-23 06:30:00+00:00,1747984380000000000,2025-05-23 07:13:00+00:00,2580000000000.0,1.131270000001,1.132289999999,['4.52 USD'],-0.0009,-106.52 USD,True
BACKTESTER-001,MovingAverageCrossover-MA_CROSS,EUR/USD.IDEALPRO,IDEALPRO-001,O-20250523-071600-001-MA_CROSS-3476,O-20250523-071600-001-MA_CROSS-3478,BUY,FLAT,0.00,100000.00,1747984560000000000,2025-05-23 07:16:00+00:00,1747993860000000000,2025-05-23 09:51:00+00:00,9300000000000.0,1.1327099999990002,1.1352,['4.54 USD'],0.0022,244.46 USD,True
BACKTESTER-001,MovingAverageCrossover-MA_CROSS,EUR/USD.IDEALPRO,IDEALPRO-001,O-20250523-111400-001-MA_CROSS-3479,O-20250523-111400-001-MA_CROSS-3480,SELL,FLAT,0.00,100000.00,1747998840000000000,2025-05-23 11:14:00+00:00,1747999200000000000,2025-05-23 11:20:00+00:00,360000000000.0,1.134270000001,1.1352899999989998,['4.54 USD'],-0.0009,-106.54 USD,True
BACKTESTER-001,MovingAverageCrossover-MA_CROSS,EUR/USD.IDEALPRO,IDEALPRO-001,O-20250523-113000-001-MA_CROSS-3482,O-20250523-113000-001-MA_CROSS-3483,BUY,FLAT,0.00,100000.00,1747999800000000000,2025-05-23 11:30:00+00:00,1748000700000000000,2025-05-23 11:45:00+00:00,900000000000.0,1.1356399999990001,1.134620000001,['4.54 USD'],-0.0009,-106.54 USD,True
BACKTESTER-001,MovingAverageCrossover-MA_CROSS,EUR/USD.IDEALPRO,IDEALPRO-001,O-20250523-115000-001-MA_CROSS-3485,O-20250523-115000-001-MA_CROSS-3487,SELL,FLAT,0.00,100000.00,1748001000000000000,2025-05-23 11:50:00+00:00,1748001180000000000,2025-05-23 11:53:00+00:00,180000000000.0,1.1328400000010002,1.13035,['4.53 USD'],0.0022,244.47 USD,True
BACKTESTER-001,MovingAverageCrossover-MA_CROSS,EUR/USD.IDEALPRO,IDEALPRO-001,O-20250523-141600-001-MA_CROSS-3488,O-20250523-141600-001-MA_CROSS-3489,BUY,FLAT,0.00,100000.00,1748009760000000000,2025-05-23 14:16:00+00:00,1748010420000000000,2025-05-23 14:27:00+00:00,660000000000.0,1.1337599999990002,1.1327400000010002,['4.54 USD'],-0.0009,-106.54 USD,True
BACKTESTER-001,MovingAverageCrossover-MA_CROSS,EUR/USD.IDEALPRO,IDEALPRO-001,O-20250523-190200-001-MA_CROSS-3491,O-20250523-200600-001-MA_CROSS-3494,SELL,FLAT,0.00,100000.00,1748026920000000000,2025-05-23 19:02:00+00:00,1748030760000000000,2025-05-23 20:06:00+00:00,3840000000000.0,1.136180000001,1.1365899999990001,['4.54 USD'],-0.00036,-45.54 USD,True
BACKTESTER-001,MovingAverageCrossover-MA_CROSS,EUR/USD.IDEALPRO,IDEALPRO-001,O-20250526-031600-001-MA_CROSS-3495,O-20250526-040000-001-MA_CROSS-3498,SELL,FLAT,0.00,100000.00,1748229360000000000,2025-05-26 03:16:00+00:00,1748232000000000000,2025-05-26 04:00:00+00:00,2640000000000.0,1.1407400000010002,1.1411699999990002,['4.56 USD'],-0.00038,-47.56 USD,True
BACKTESTER-001,MovingAverageCrossover-MA_CROSS,EUR/USD.IDEALPRO,IDEALPRO-001,O-20250526-043400-001-MA_CROSS-3499,O-20250526-050200-001-MA_CROSS-3502,SELL,FLAT,0.00,100000.00,1748234040000000000,2025-05-26 04:34:00+00:00,1748235720000000000,2025-05-26 05:02:00+00:00,1680000000000.0,1.140610000001,1.141029999999,['4.56 USD'],-0.00037,-46.56 USD,True
BACKTESTER-001,MovingAverageCrossover-MA_CROSS,EUR/USD.IDEALPRO,IDEALPRO-001,O-20250526-053000-001-MA_CROSS-3503,O-20250526-053000-001-MA_CROSS-3504,SELL,FLAT,0.00,100000.00,1748237400000000000,2025-05-26 05:30:00+00:00,1748238840000000000,2025-05-26 05:54:00+00:00,1440000000000.0,1.1405300000010001,1.1415499999990002,['4.56 USD'],-0.00089,-106.56 USD,True
BACKTESTER-001,MovingAverageCrossover-MA_CROSS,EUR/USD.IDEALPRO,IDEALPRO-001,O-20250526-060000-001-MA_CROSS-3506,O-20250526-070000-001-MA_CROSS-3509,BUY,FLAT,0.00,100000.00,1748239200000000000,2025-05-26 06:00:00+00:00,1748242800000000000,2025-05-26 07:00:00+00:00,3600000000000.0,1.141729999999,1.140890000001,['4.56 USD'],-0.00074,-88.56 USD,True
BACKTESTER-001,MovingAverageCrossover-MA_CROSS,EUR/USD.IDEALPRO,IDEALPRO-001,O-20250526-110600-001-MA_CROSS-3510,O-20250526-111600-001-MA_CROSS-3513,BUY,FLAT,0.00,100000.00,1748257560000000000,2025-05-26 11:06:00+00:00,1748258160000000000,2025-05-26 11:16:00+00:00,600000000000.0,1.138519999999,1.138100000001,['4.56 USD'],-0.00037,-46.56 USD,True
BACKTESTER-001,MovingAverageCrossover-MA_CROSS,EUR/USD.IDEALPRO,IDEALPRO-001,O-20250526-130400-001-MA_CROSS-3514,O-20250526-151600-001-MA_CROSS-3517,BUY,FLAT,0.00,100000.00,1748264640000000000,2025-05-26 13:04:00+00:00,1748272560000000000,2025-05-26 15:16:00+00:00,7920000000000.0,1.1376199999990002,1.137780000001,['4.56 USD'],0.00014,11.44 USD,True
BACKTESTER-001,MovingAverageCrossover-MA_CROSS,EUR/USD.IDEALPRO,IDEALPRO-001,O-20250526-161800-001-MA_CROSS-3518,O-20250526-170000-001-MA_CROSS-3521,SELL,FLAT,0.00,100000.00,1748276280000000000,2025-05-26 16:18:00+00:00,1748278800000000000,2025-05-26 17:00:00+00:00,2520000000000.0,1.1376900000010002,1.1383499999989999,['4.56 USD'],-0.00058,-70.56 USD,True
BACKTESTER-001,MovingAverageCrossover-MA_CROSS,EUR/USD.IDEALPRO,IDEALPRO-001,O-20250526-173200-001-MA_CROSS-3522,O-20250526-193400-001-MA_CROSS-3525,SELL,FLAT,0.00,100000.00,1748280720000000000,2025-05-26 17:32:00+00:00,1748288040000000000,2025-05-26 19:34:00+00:00,7320000000000.0,1.137910000001,1.1383199999990001,['4.56 USD'],-0.00036,-45.56 USD,True
BACKTESTER-001,MovingAverageCrossover-MA_CROSS,EUR/USD.IDEALPRO,IDEALPRO-001,O-20250527-030200-001-MA_CROSS-3526,O-20250527-032000-001-MA_CROSS-3529,SELL,FLAT,0.00,100000.00,1748314920000000000,2025-05-27 03:02:00+00:00,1748316000000000000,2025-05-27 03:20:00+00:00,1080000000000.0,1.139140000001,1.140039999999,['4.56 USD'],-0.00079,-94.56 USD,True
BACKTESTER-001,MovingAverageCrossover-MA_CROSS,EUR/USD.IDEALPRO,IDEALPRO-001,O-20250527-034200-001-MA_CROSS-3530,O-20250527-041600-001-MA_CROSS-3533,SELL,FLAT,0.00,100000.00,1748317320000000000,2025-05-27 03:42:00+00:00,1748319360000000000,2025-05-27 04:16:00+00:00,2040000000000.0,1.139270000001,1.139599999999,['4.56 USD'],-0.00029,-37.56 USD,True
BACKTESTER-001,MovingAverageCrossover-MA_CROSS,EUR/USD.IDEALPRO,IDEALPRO-001,O-20250527-043200-001-MA_CROSS-3534,O-20250527-043200-001-MA_CROSS-3536,SELL,FLAT,0.00,100000.00,1748320320000000000,2025-05-27 04:32:00+00:00,1748323680000000000,2025-05-27 05:28:00+00:00,3360000000000.0,1.139300000001,1.13681,['4.55 USD'],0.00219,244.45 USD,True
BACKTESTER-001,MovingAverageCrossover-MA_CROSS,EUR/USD.IDEALPRO,IDEALPRO-001,O-20250527-060000-001-MA_CROSS-3537,O-20250527-064600-001-MA_CROSS-3540,BUY,FLAT,0.00,100000.00,1748325600000000000,2025-05-27 06:00:00+00:00,1748328360000000000,2025-05-27 06:46:00+00:00,2760000000000.0,1.137869999999,1.1378600000010002,['4.56 USD'],-1e-05,-5.56 USD,True
BACKTESTER-001,MovingAverageCrossover-MA_CROSS,EUR/USD.IDEALPRO,IDEALPRO-001,O-20250527-092000-001-MA_CROSS-3541,O-20250527-092000-001-MA_CROSS-3542,BUY,FLAT,0.00,100000.00,1748337600000000000,2025-05-27 09:20:00+00:00,1748338680000000000,2025-05-27 09:38:00+00:00,1080000000000.0,1.135539999999,1.134520000001,['4.54 USD'],-0.0009,-106.54 USD,True
BACKTESTER-001,MovingAverageCrossover-MA_CROSS,EUR/USD.IDEALPRO,IDEALPRO-001,O-20250527-101600-001-MA_CROSS-3544,O-20250527-114600-001-MA_CROSS-3547,SELL,FLAT,0.00,100000.00,1748340960000000000,2025-05-27 10:16:00+00:00,1748346360000000000,2025-05-27 11:46:00+00:00,5400000000000.0,1.134410000001,1.135089999999,['4.54 USD'],-0.0006,-72.54 USD,True
BACKTESTER-001,MovingAverageCrossover-MA_CROSS,EUR/USD.IDEALPRO,IDEALPRO-001,O-20250527-140000-001-MA_CROSS-3548,O-20250527-140000-001-MA_CROSS-3550,SELL,FLAT,0.00,100000.00,1748354400000000000,2025-05-27 14:00:00+00:00,1748358780000000000,2025-05-27 15:13:00+00:00,4380000000000.0,1.1358200000010001,1.13333,['4.54 USD'],0.00219,244.46 USD,True
BACKTESTER-001,MovingAverageCrossover-MA_CROSS,EUR/USD.IDEALPRO,IDEALPRO-001,O-20250527-171600-001-MA_CROSS-3551,O-20250527-200000-001-MA_CROSS-3554,BUY,FLAT,0.00,100000.00,1748366160000000000,2025-05-27 17:16:00+00:00,1748376000000000000,2025-05-27 20:00:00+00:00,9840000000000.0,1.1334899999990002,1.133070000001,['4.54 USD'],-0.00037,-46.54 USD,True
BACKTESTER-001,MovingAverageCrossover-MA_CROSS,EUR/USD.IDEALPRO,IDEALPRO-001,O-20250527-220200-001-MA_CROSS-3555,O-20250528-010000-001-MA_CROSS-3558,BUY,FLAT,0.00,100000.00,1748383320000000000,2025-05-27 22:02:00+00:00,1748394000000000000,2025-05-28 01:00:00+00:00,10680000000000.0,1.133159999999,1.1334500000010002,['4.54 USD'],0.00026,24.46 USD,True
BACKTESTER-001,MovingAverageCrossover-MA_CROSS,EUR/USD.IDEALPRO,IDEALPRO-001,O-20250528-060000-001-MA_CROSS-3559,O-20250528-060000-001-MA_CROSS-3560,BUY,FLAT,0.00,100000.00,1748412000000000000,2025-05-28 06:00:00+00:00,1748412540000000000,2025-05-28 06:09:00+00:00,540000000000.0,1.131499999999,1.130480000001,['4.52 USD'],-0.0009,-106.52 USD,True
BACKTESTER-001,MovingAverageCrossover-MA_CROSS,EUR/USD.IDEALPRO,IDEALPRO-001,O-20250528-064800-001-MA_CROSS-3562,O-20250528-064800-001-MA_CROSS-3563,SELL,FLAT,0.00,100000.00,1748414880000000000,2025-05-28 06:48:00+00:00,1748416200000000000,2025-05-28 07:10:00+00:00,1320000000000.0,1.130730000001,1.1317499999990002,['4.52 USD'],-0.0009,-106.52 USD,True
BACKTESTER-001,MovingAverageCrossover-MA_CROSS,EUR/USD.IDEALPRO,IDEALPRO-001,O-20250528-071600-001-MA_CROSS-3565,O-20250528-083000-001-MA_CROSS-3568,BUY,FLAT,0.00,100000.00,1748416560000000000,2025-05-28 07:16:00+00:00,1748421000000000000,2025-05-28 08:30:00+00:00,4440000000000.0,1.1319899999990002,1.1321000000010002,['4.52 USD'],0.0001,6.48 USD,True
BACKTESTER-001,MovingAverageCrossover-MA_CROSS,EUR/USD.IDEALPRO,IDEALPRO-001,O-20250528-085400-001-MA_CROSS-3569,O-20250528-110000-001-MA_CROSS-3572,BUY,FLAT,0.00,100000.00,1748422440000000000,2025-05-28 08:54:00+00:00,1748430000000000000,2025-05-28 11:00:00+00:00,7560000000000.0,1.1326899999989999,1.132580000001,['4.54 USD'],-0.0001,-15.54 USD,True
BACKTESTER-001,MovingAverageCrossover-MA_CROSS,EUR/USD.IDEALPRO,IDEALPRO-001,O-20250528-140000-001-MA_CROSS-3573,O-20250528-150000-001-MA_CROSS-3576,BUY,FLAT,0.00,100000.00,1748440800000000000,2025-05-28 14:00:00+00:00,1748444400000000000,2025-05-28 15:00:00+00:00,3600000000000.0,1.1308799999990002,1.130220000001,['4.52 USD'],-0.00058,-70.52 USD,True
BACKTESTER-001,MovingAverageCrossover-MA_CROSS,EUR/USD.IDEALPRO,IDEALPRO-001,O-20250528-173000-001-MA_CROSS-3577,O-20250528-180000-001-MA_CROSS-3580,BUY,FLAT,0.00,100000.00,1748453400000000000,2025-05-28 17:30:00+00:00,1748455200000000000,2025-05-28 18:00:00+00:00,1800000000000.0,1.129739999999,1.1291400000010001,['4.52 USD'],-0.00053,-64.52 USD,True
BACKTESTER-001,MovingAverageCrossover-MA_CROSS,EUR/USD.IDEALPRO,IDEALPRO-001,O-20250528-190200-001-MA_CROSS-3581,O-20250528-193600-001-MA_CROSS-3584,BUY,FLAT,0.00,100000.00,1748458920000000000,2025-05-28 19:02:00+00:00,1748460960000000000,2025-05-28 19:36:00+00:00,2040000000000.0,1.129429999999,1.128960000001,['4.52 USD'],-0.00042,-51.52 USD,True
BACKTESTER-001,MovingAverageCrossover-MA_CROSS,EUR/USD.IDEALPRO,IDEALPRO-001,O-20250528-201600-001-MA_CROSS-3585,O-20250528-224600-001-MA_CROSS-3588,BUY,FLAT,0.00,100000.00,1748463360000000000,2025-05-28 20:16:00+00:00,1748472360000000000,2025-05-28 22:46:00+00:00,9000000000000.0,1.1293199999990002,1.1291600000009998,['4.52 USD'],-0.00014,-20.52 USD,True
BACKTESTER-001,MovingAverageCrossover-MA_CROSS,EUR/USD.IDEALPRO,IDEALPRO-001,O-20250529-003000-001-MA_CROSS-3589,O-20250529-003000-001-MA_CROSS-3590,BUY,FLAT,0.00,100000.00,1748478600000000000,2025-05-29 00:30:00+00:00,1748479500000000000,2025-05-29 00:45:00+00:00,900000000000.0,1.124799999999,1.123780000001,['4.50 USD'],-0.00091,-106.50 USD,True
BACKTESTER-001,MovingAverageCrossover-MA_CROSS,EUR/USD.IDEALPRO,IDEALPRO-001,O-20250529-005200-001-MA_CROSS-3592,O-20250529-005200-001-MA_CROSS-3593,SELL,FLAT,0.00,100000.00,1748479920000000000,2025-05-29 00:52:00+00:00,1748482800000000000,2025-05-29 01:40:00+00:00,2880000000000.0,1.1238300000010002,1.124849999999,['4.50 USD'],-0.00091,-106.50 USD,True
BACKTESTER-001,MovingAverageCrossover-MA_CROSS,EUR/USD.IDEALPRO,IDEALPRO-001,O-20250529-032600-001-MA_CROSS-3595,O-20250529-040200-001-MA_CROSS-3598,BUY,FLAT,0.00,100000.00,1748489160000000000,2025-05-29 03:26:00+00:00,1748491320000000000,2025-05-29 04:02:00+00:00,2160000000000.0,1.125189999999,1.1247100000010002,['4.50 USD'],-0.00043,-52.50 USD,True
BACKTESTER-001,MovingAverageCrossover-MA_CROSS,EUR/USD.IDEALPRO,IDEALPRO-001,O-20250529-042200-001-MA_CROSS-3599,O-20250529-050000-001-MA_CROSS-3602,BUY,FLAT,0.00,100000.00,1748492520000000000,2025-05-29 04:22:00+00:00,1748494800000000000,2025-05-29 05:00:00+00:00,2280000000000.0,1.125329999999,1.124790000001,['4.50 USD'],-0.00048,-58.50 USD,True
BACKTESTER-001,MovingAverageCrossover-MA_CROSS,EUR/USD.IDEALPRO,IDEALPRO-001,O-20250529-060600-001-MA_CROSS-3603,O-20250529-060600-001-MA_CROSS-3605,BUY,FLAT,0.00,100000.00,1748498760000000000,2025-05-29 06:06:00+00:00,1748500020000000000,2025-05-29 06:27:00+00:00,1260000000000.0,1.124689999999,1.12718,['4.50 USD'],0.00221,244.50 USD,True
BACKTESTER-001,MovingAverageCrossover-MA_CROSS,EUR/USD.IDEALPRO,IDEALPRO-001,O-20250529-083200-001-MA_CROSS-3606,O-20250529-083200-001-MA_CROSS-3607,SELL,FLAT,0.00,100000.00,1748507520000000000,2025-05-29 08:32:00+00:00,1748509380000000000,2025-05-29 09:03:00+00:00,1860000000000.0,1.1267100000010002,1.127729999999,['4.51 USD'],-0.00091,-106.51 USD,True
BACKTESTER-001,MovingAverageCrossover-MA_CROSS,EUR/USD.IDEALPRO,IDEALPRO-001,O-20250529-091800-001-MA_CROSS-3609,O-20250529-091800-001-MA_CROSS-3611,BUY,FLAT,0.00,100000.00,1748510280000000000,2025-05-29 09:18:00+00:00,1748521860000000000,2025-05-29 12:31:00+00:00,11580000000000.0,1.127599999999,1.13009,['4.52 USD'],0.00221,244.48 USD,True
BACKTESTER-001,MovingAverageCrossover-MA_CROSS,EUR/USD.IDEALPRO,IDEALPRO-001,O-20250529-171600-001-MA_CROSS-3612,O-20250529-171600-001-MA_CROSS-3613,SELL,FLAT,0.00,100000.00,1748538960000000000,2025-05-29 17:16:00+00:00,1748540400000000000,2025-05-29 17:40:00+00:00,1440000000000.0,1.1364700000010002,1.137489999999,['4.54 USD'],-0.0009,-106.54 USD,True
BACKTESTER-001,MovingAverageCrossover-MA_CROSS,EUR/USD.IDEALPRO,IDEALPRO-001,O-20250529-174600-001-MA_CROSS-3615,O-20250529-190200-001-MA_CROSS-3618,BUY,FLAT,0.00,100000.00,1748540760000000000,2025-05-29 17:46:00+00:00,1748545320000000000,2025-05-29 19:02:00+00:00,4560000000000.0,1.1379699999989998,1.137540000001,['4.56 USD'],-0.00038,-47.56 USD,True
BACKTESTER-001,MovingAverageCrossover-MA_CROSS,EUR/USD.IDEALPRO,IDEALPRO-001,O-20250530-003000-001-MA_CROSS-3619,O-20250530-003000-001-MA_CROSS-3620,BUY,FLAT,0.00,100000.00,1748565000000000000,2025-05-30 00:30:00+00:00,1748565360000000000,2025-05-30 00:36:00+00:00,360000000000.0,1.138139999999,1.137120000001,['4.55 USD'],-0.0009,-106.55 USD,True
BACKTESTER-001,MovingAverageCrossover-MA_CROSS,EUR/USD.IDEALPRO,IDEALPRO-001,O-20250530-004600-001-MA_CROSS-3622,O-20250530-004600-001-MA_CROSS-3623,SELL,FLAT,0.00,100000.00,1748565960000000000,2025-05-30 00:46:00+00:00,1748567160000000000,2025-05-30 01:06:00+00:00,1200000000000.0,1.1369700000010001,1.137989999999,['4.55 USD'],-0.0009,-106.55 USD,True
BACKTESTER-001,MovingAverageCrossover-MA_CROSS,EUR/USD.IDEALPRO,IDEALPRO-001,O-20250530-043000-001-MA_CROSS-3625,O-20250530-045600-001-MA_CROSS-3628,BUY,FLAT,0.00,100000.00,1748579400000000000,2025-05-30 04:30:00+00:00,1748580960000000000,2025-05-30 04:56:00+00:00,1560000000000.0,1.1352399999990002,1.134720000001,['4.54 USD'],-0.00046,-56.54 USD,True
BACKTESTER-001,MovingAverageCrossover-MA_CROSS,EUR/USD.IDEALPRO,IDEALPRO-001,O-20250530-055000-001-MA_CROSS-3629,O-20250530-055000-001-MA_CROSS-3630,BUY,FLAT,0.00,100000.00,1748584200000000000,2025-05-30 05:50:00+00:00,1748585460000000000,2025-05-30 06:11:00+00:00,1260000000000.0,1.134929999999,1.133910000001,['4.54 USD'],-0.0009,-106.54 USD,True
BACKTESTER-001,MovingAverageCrossover-MA_CROSS,EUR/USD.IDEALPRO,IDEALPRO-001,O-20250530-061600-001-MA_CROSS-3632,O-20250530-061600-001-MA_CROSS-3633,SELL,FLAT,0.00,100000.00,1748585760000000000,2025-05-30 06:16:00+00:00,1748587140000000000,2025-05-30 06:39:00+00:00,1380000000000.0,1.133640000001,1.1346599999990001,['4.54 USD'],-0.0009,-106.54 USD,True
BACKTESTER-001,MovingAverageCrossover-MA_CROSS,EUR/USD.IDEALPRO,IDEALPRO-001,O-20250530-064600-001-MA_CROSS-3635,O-20250530-064600-001-MA_CROSS-3636,BUY,FLAT,0.00,100000.00,1748587560000000000,2025-05-30 06:46:00+00:00,1748588520000000000,2025-05-30 07:02:00+00:00,960000000000.0,1.1348999999990002,1.133880000001,['4.54 USD'],-0.0009,-106.54 USD,True
BACKTESTER-001,MovingAverageCrossover-MA_CROSS,EUR/USD.IDEALPRO,IDEALPRO-001,O-20250530-070600-001-MA_CROSS-3638,O-20250530-074800-001-MA_CROSS-3641,SELL,FLAT,0.00,100000.00,1748588760000000000,2025-05-30 07:06:00+00:00,1748591280000000000,2025-05-30 07:48:00+00:00,2520000000000.0,1.133780000001,1.133739999999,['4.54 USD'],4e-05,-0.54 USD,True
BACKTESTER-001,MovingAverageCrossover-MA_CROSS,EUR/USD.IDEALPRO,IDEALPRO-001,O-20250530-081600-001-MA_CROSS-3642,O-20250530-081600-001-MA_CROSS-3643,SELL,FLAT,0.00,100000.00,1748592960000000000,2025-05-30 08:16:00+00:00,1748593680000000000,2025-05-30 08:28:00+00:00,720000000000.0,1.132850000001,1.133869999999,['4.54 USD'],-0.0009,-106.54 USD,True
BACKTESTER-001,MovingAverageCrossover-MA_CROSS,EUR/USD.IDEALPRO,IDEALPRO-001,O-20250530-083400-001-MA_CROSS-3645,O-20250530-083400-001-MA_CROSS-3646,BUY,FLAT,0.00,100000.00,1748594040000000000,2025-05-30 08:34:00+00:00,1748595240000000000,2025-05-30 08:54:00+00:00,1200000000000.0,1.1341699999989998,1.133200000001,['4.54 USD'],-0.00086,-101.54 USD,True
BACKTESTER-001,MovingAverageCrossover-MA_CROSS,EUR/USD.IDEALPRO,IDEALPRO-001,O-20250530-090000-001-MA_CROSS-3648,O-20250530-090000-001-MA_CROSS-3649,SELL,FLAT,0.00,100000.00,1748595600000000000,2025-05-30 09:00:00+00:00,1748600040000000000,2025-05-30 10:14:00+00:00,4440000000000.0,1.1324000000010002,1.1334199999990002,['4.53 USD'],-0.0009,-106.53 USD,True
BACKTESTER-001,MovingAverageCrossover-MA_CROSS,EUR/USD.IDEALPRO,IDEALPRO-001,O-20250530-101600-001-MA_CROSS-3651,O-20250530-110000-001-MA_CROSS-3654,BUY,FLAT,0.00,100000.00,1748600160000000000,2025-05-30 10:16:00+00:00,1748602800000000000,2025-05-30 11:00:00+00:00,2640000000000.0,1.1330799999990002,1.132730000001,['4.54 USD'],-0.00031,-39.54 USD,True
BACKTESTER-001,MovingAverageCrossover-MA_CROSS,EUR/USD.IDEALPRO,IDEALPRO-001,O-20250530-113200-001-MA_CROSS-3655,O-20250530-115000-001-MA_CROSS-3658,BUY,FLAT,0.00,100000.00,1748604720000000000,2025-05-30 11:32:00+00:00,1748605800000000000,2025-05-30 11:50:00+00:00,1080000000000.0,1.133199999999,1.1327000000010001,['4.54 USD'],-0.00044,-54.54 USD,True
BACKTESTER-001,MovingAverageCrossover-MA_CROSS,EUR/USD.IDEALPRO,IDEALPRO-001,O-20250530-120000-001-MA_CROSS-3659,O-20250530-131600-001-MA_CROSS-3662,BUY,FLAT,0.00,100000.00,1748606400000000000,2025-05-30 12:00:00+00:00,1748610960000000000,2025-05-30 13:16:00+00:00,4560000000000.0,1.133829999999,1.134270000001,['4.54 USD'],0.00039,39.46 USD,True
BACKTESTER-001,MovingAverageCrossover-MA_CROSS,EUR/USD.IDEALPRO,IDEALPRO-001,O-20250530-144600-001-MA_CROSS-3663,O-20250530-144600-001-MA_CROSS-3665,BUY,FLAT,0.00,100000.00,1748616360000000000,2025-05-30 14:46:00+00:00,1748625600000000000,2025-05-30 17:20:00+00:00,9240000000000.0,1.133409999999,1.1359,['4.54 USD'],0.0022,244.46 USD,True
BACKTESTER-001,MovingAverageCrossover-MA_CROSS,EUR/USD.IDEALPRO,IDEALPRO-001,O-20250530-193400-001-MA_CROSS-3666,O-20250601-220200-001-MA_CROSS-3669,SELL,FLAT,0.00,100000.00,1748633640000000000,2025-05-30 19:34:00+00:00,1748815320000000000,2025-06-01 22:02:00+00:00,181680000000000.0,1.135510000001,1.1351799999990002,['4.54 USD'],0.00029,28.46 USD,True
BACKTESTER-001,MovingAverageCrossover-MA_CROSS,EUR/USD.IDEALPRO,IDEALPRO-001,O-20250601-223200-001-MA_CROSS-3670,O-20250601-230000-001-MA_CROSS-3673,SELL,FLAT,0.00,100000.00,1748817120000000000,2025-06-01 22:32:00+00:00,1748818800000000000,2025-06-01 23:00:00+00:00,1680000000000.0,1.1349700000010001,1.135529999999,['4.54 USD'],-0.00049,-60.54 USD,True
BACKTESTER-001,MovingAverageCrossover-MA_CROSS,EUR/USD.IDEALPRO,IDEALPRO-001,O-20250602-083000-001-MA_CROSS-3674,O-20250602-083000-001-MA_CROSS-3675,SELL,FLAT,0.00,100000.00,1748853000000000000,2025-06-02 08:30:00+00:00,1748855100000000000,2025-06-02 09:05:00+00:00,2100000000000.0,1.141540000001,1.142559999999,['4.57 USD'],-0.00089,-106.57 USD,True
BACKTESTER-001,MovingAverageCrossover-MA_CROSS,EUR/USD.IDEALPRO,IDEALPRO-001,O-20250602-091600-001-MA_CROSS-3677,O-20250602-091600-001-MA_CROSS-3678,BUY,FLAT,0.00,100000.00,1748855760000000000,2025-06-02 09:16:00+00:00,1748858280000000000,2025-06-02 09:58:00+00:00,2520000000000.0,1.1434699999990001,1.142450000001,['4.57 USD'],-0.00089,-106.57 USD,True
BACKTESTER-001,MovingAverageCrossover-MA_CROSS,EUR/USD.IDEALPRO,IDEALPRO-001,O-20250602-100000-001-MA_CROSS-3680,O-20250602-113000-001-MA_CROSS-3683,SELL,FLAT,0.00,100000.00,1748858400000000000,2025-06-02 10:00:00+00:00,1748863800000000000,2025-06-02 11:30:00+00:00,5400000000000.0,1.1423300000010002,1.1422999999990002,['4.56 USD'],3e-05,-1.56 USD,True
BACKTESTER-001,MovingAverageCrossover-MA_CROSS,EUR/USD.IDEALPRO,IDEALPRO-001,O-20250602-114600-001-MA_CROSS-3684,O-20250602-114600-001-MA_CROSS-3685,SELL,FLAT,0.00,100000.00,1748864760000000000,2025-06-02 11:46:00+00:00,1748867460000000000,2025-06-02 12:31:00+00:00,2700000000000.0,1.1413100000010001,1.1423299999990002,['4.56 USD'],-0.00089,-106.56 USD,True
BACKTESTER-001,MovingAverageCrossover-MA_CROSS,EUR/USD.IDEALPRO,IDEALPRO-001,O-20250602-135000-001-MA_CROSS-3687,O-20250602-135000-001-MA_CROSS-3689,BUY,FLAT,0.00,100000.00,1748872200000000000,2025-06-02 13:50:00+00:00,1748872920000000000,2025-06-02 14:02:00+00:00,720000000000.0,1.141299999999,1.14379,['4.57 USD'],0.00218,244.43 USD,True
BACKTESTER-001,MovingAverageCrossover-MA_CROSS,EUR/USD.IDEALPRO,IDEALPRO-001,O-20250602-151600-001-MA_CROSS-3690,O-20250602-171600-001-MA_CROSS-3693,SELL,FLAT,0.00,100000.00,1748877360000000000,2025-06-02 15:16:00+00:00,1748884560000000000,2025-06-02 17:16:00+00:00,7200000000000.0,1.143370000001,1.1425199999990001,['4.58 USD'],0.00074,80.42 USD,True
BACKTESTER-001,MovingAverageCrossover-MA_CROSS,EUR/USD.IDEALPRO,IDEALPRO-001,O-20250603-001600-001-MA_CROSS-3694,O-20250603-001600-001-MA_CROSS-3696,SELL,FLAT,0.00,100000.00,1748909760000000000,2025-06-03 00:16:00+00:00,1748918460000000000,2025-06-03 02:41:00+00:00,8700000000000.0,1.144480000001,1.14199,['4.57 USD'],0.00218,244.43 USD,True
BACKTESTER-001,MovingAverageCrossover-MA_CROSS,EUR/USD.IDEALPRO,IDEALPRO-001,O-20250603-045000-001-MA_CROSS-3697,O-20250603-052800-001-MA_CROSS-3700,BUY,FLAT,0.00,100000.00,1748926200000000000,2025-06-03 04:50:00+00:00,1748928480000000000,2025-06-03 05:28:00+00:00,2280000000000.0,1.142439999999,1.141640000001,['4.56 USD'],-0.0007,-84.56 USD,True
BACKTESTER-001,MovingAverageCrossover-MA_CROSS,EUR/USD.IDEALPRO,IDEALPRO-001,O-20250603-060200-001-MA_CROSS-3701,O-20250603-074600-001-MA_CROSS-3704,BUY,FLAT,0.00,100000.00,1748930520000000000,2025-06-03 06:02:00+00:00,1748936760000000000,2025-06-03 07:46:00+00:00,6240000000000.0,1.1422899999990002,1.1420300000010002,['4.56 USD'],-0.00023,-30.56 USD,True
BACKTESTER-001,MovingAverageCrossover-MA_CROSS,EUR/USD.IDEALPRO,IDEALPRO-001,O-20250603-093000-001-MA_CROSS-3705,O-20250603-095800-001-MA_CROSS-3708,BUY,FLAT,0.00,100000.00,1748943000000000000,2025-06-03 09:30:00+00:00,1748944680000000000,2025-06-03 09:58:00+00:00,1680000000000.0,1.141439999999,1.141030000001,['4.56 USD'],-0.00036,-45.56 USD,True
BACKTESTER-001,MovingAverageCrossover-MA_CROSS,EUR/USD.IDEALPRO,IDEALPRO-001,O-20250603-104600-001-MA_CROSS-3709,O-20250603-104600-001-MA_CROSS-3710,BUY,FLAT,0.00,100000.00,1748947560000000000,2025-06-03 10:46:00+00:00,1748948340000000000,2025-06-03 10:59:00+00:00,780000000000.0,1.140749999999,1.139730000001,['4.56 USD'],-0.00089,-106.56 USD,True
BACKTESTER-001,MovingAverageCrossover-MA_CROSS,EUR/USD.IDEALPRO,IDEALPRO-001,O-20250603-110000-001-MA_CROSS-3712,O-20250603-134600-001-MA_CROSS-3715,SELL,FLAT,0.00,100000.00,1748948400000000000,2025-06-03 11:00:00+00:00,1748958360000000000,2025-06-03 13:46:00+00:00,9960000000000.0,1.139780000001,1.1389799999990002,['4.56 USD'],0.0007,75.44 USD,True
BACKTESTER-001,MovingAverageCrossover-MA_CROSS,EUR/USD.IDEALPRO,IDEALPRO-001,O-20250603-140200-001-MA_CROSS-3716,O-20250603-143200-001-MA_CROSS-3719,SELL,FLAT,0.00,100000.00,1748959320000000000,2025-06-03 14:02:00+00:00,1748961120000000000,2025-06-03 14:32:00+00:00,1800000000000.0,1.138380000001,1.139169999999,['4.56 USD'],-0.00069,-83.56 USD,True
BACKTESTER-001,MovingAverageCrossover-MA_CROSS,EUR/USD.IDEALPRO,IDEALPRO-001,O-20250603-151600-001-MA_CROSS-3720,O-20250603-161600-001-MA_CROSS-3723,SELL,FLAT,0.00,100000.00,1748963760000000000,2025-06-03 15:16:00+00:00,1748967360000000000,2025-06-03 16:16:00+00:00,3600000000000.0,1.1379400000010003,1.1379499999990002,['4.56 USD'],-1e-05,-5.56 USD,True
BACKTESTER-001,MovingAverageCrossover-MA_CROSS,EUR/USD.IDEALPRO,IDEALPRO-001,O-20250603-163600-001-MA_CROSS-3724,O-20250603-171600-001-MA_CROSS-3727,SELL,FLAT,0.00,100000.00,1748968560000000000,2025-06-03 16:36:00+00:00,1748970960000000000,2025-06-03 17:16:00+00:00,2400000000000.0,1.1370800000010002,1.137739999999,['4.55 USD'],-0.00058,-70.55 USD,True
BACKTESTER-001,MovingAverageCrossover-MA_CROSS,EUR/USD.IDEALPRO,IDEALPRO-001,O-20250603-194800-001-MA_CROSS-3728,O-20250603-204600-001-MA_CROSS-3731,SELL,FLAT,0.00,100000.00,1748980080000000000,2025-06-03 19:48:00+00:00,1748983560000000000,2025-06-03 20:46:00+00:00,3480000000000.0,1.137100000001,1.137399999999,['4.54 USD'],-0.00026,-34.54 USD,True
BACKTESTER-001,MovingAverageCrossover-MA_CROSS,EUR/USD.IDEALPRO,IDEALPRO-001,O-20250603-221600-001-MA_CROSS-3732,O-20250603-225000-001-MA_CROSS-3735,SELL,FLAT,0.00,100000.00,1748988960000000000,2025-06-03 22:16:00+00:00,1748991000000000000,2025-06-03 22:50:00+00:00,2040000000000.0,1.137330000001,1.1374799999990002,['4.54 USD'],-0.00013,-19.54 USD,True
BACKTESTER-001,MovingAverageCrossover-MA_CROSS,EUR/USD.IDEALPRO,IDEALPRO-001,O-20250604-033400-001-MA_CROSS-3736,O-20250604-041600-001-MA_CROSS-3739,SELL,FLAT,0.00,100000.00,1749008040000000000,2025-06-04 03:34:00+00:00,1749010560000000000,2025-06-04 04:16:00+00:00,2520000000000.0,1.136960000001,1.137529999999,['4.55 USD'],-0.0005,-61.55 USD,True
BACKTESTER-001,MovingAverageCrossover-MA_CROSS,EUR/USD.IDEALPRO,IDEALPRO-001,O-20250604-044600-001-MA_CROSS-3740,O-20250604-061800-001-MA_CROSS-3743,SELL,FLAT,0.00,100000.00,1749012360000000000,2025-06-04 04:46:00+00:00,1749017880000000000,2025-06-04 06:18:00+00:00,5520000000000.0,1.1369400000010002,1.136789999999,['4.54 USD'],0.00013,10.46 USD,True
BACKTESTER-001,MovingAverageCrossover-MA_CROSS,EUR/USD.IDEALPRO,IDEALPRO-001,O-20250604-093000-001-MA_CROSS-3744,O-20250604-111600-001-MA_CROSS-3747,SELL,FLAT,0.00,100000.00,1749029400000000000,2025-06-04 09:30:00+00:00,1749035760000000000,2025-06-04 11:16:00+00:00,6360000000000.0,1.1389800000010002,1.138419999999,['4.56 USD'],0.00049,51.44 USD,True
BACKTESTER-001,MovingAverageCrossover-MA_CROSS,EUR/USD.IDEALPRO,IDEALPRO-001,O-20250604-114800-001-MA_CROSS-3748,O-20250604-114800-001-MA_CROSS-3749,SELL,FLAT,0.00,100000.00,1749037680000000000,2025-06-04 11:48:00+00:00,1749039360000000000,2025-06-04 12:16:00+00:00,1680000000000.0,1.138120000001,1.139139999999,['4.56 USD'],-0.0009,-106.56 USD,True
BACKTESTER-001,MovingAverageCrossover-MA_CROSS,EUR/USD.IDEALPRO,IDEALPRO-001,O-20250604-130200-001-MA_CROSS-3751,O-20250604-133000-001-MA_CROSS-3754,BUY,FLAT,0.00,100000.00,1749042120000000000,2025-06-04 13:02:00+00:00,1749043800000000000,2025-06-04 13:30:00+00:00,1680000000000.0,1.140889999999,1.1401300000010002,['4.56 USD'],-0.00067,-80.56 USD,True
BACKTESTER-001,MovingAverageCrossover-MA_CROSS,EUR/USD.IDEALPRO,IDEALPRO-001,O-20250604-141600-001-MA_CROSS-3755,O-20250604-173000-001-MA_CROSS-3758,BUY,FLAT,0.00,100000.00,1749046560000000000,2025-06-04 14:16:00+00:00,1749058200000000000,2025-06-04 17:30:00+00:00,11640000000000.0,1.142079999999,1.142490000001,['4.56 USD'],0.00036,36.44 USD,True
BACKTESTER-001,MovingAverageCrossover-MA_CROSS,EUR/USD.IDEALPRO,IDEALPRO-001,O-20250604-174600-001-MA_CROSS-3759,O-20250604-180000-001-MA_CROSS-3762,BUY,FLAT,0.00,100000.00,1749059160000000000,2025-06-04 17:46:00+00:00,1749060000000000000,2025-06-04 18:00:00+00:00,840000000000.0,1.1432699999990001,1.142490000001,['4.57 USD'],-0.00068,-82.57 USD,True
BACKTESTER-001,MovingAverageCrossover-MA_CROSS,EUR/USD.IDEALPRO,IDEALPRO-001,O-20250604-203200-001-MA_CROSS-3763,O-20250605-000200-001-MA_CROSS-3766,BUY,FLAT,0.00,100000.00,1749069120000000000,2025-06-04 20:32:00+00:00,1749081720000000000,2025-06-05 00:02:00+00:00,12600000000000.0,1.141969999999,1.142160000001,['4.56 USD'],0.00017,14.44 USD,True
BACKTESTER-001,MovingAverageCrossover-MA_CROSS,EUR/USD.IDEALPRO,IDEALPRO-001,O-20250605-002400-001-MA_CROSS-3767,O-20250605-002400-001-MA_CROSS-3768,BUY,FLAT,0.00,100000.00,1749083040000000000,2025-06-05 00:24:00+00:00,1749087360000000000,2025-06-05 01:36:00+00:00,4320000000000.0,1.142549999999,1.141530000001,['4.57 USD'],-0.00089,-106.57 USD,True
BACKTESTER-001,MovingAverageCrossover-MA_CROSS,EUR/USD.IDEALPRO,IDEALPRO-001,O-20250605-032000-001-MA_CROSS-3770,O-20250605-033200-001-MA_CROSS-3773,SELL,FLAT,0.00,100000.00,1749093600000000000,2025-06-05 03:20:00+00:00,1749094320000000000,2025-06-05 03:32:00+00:00,720000000000.0,1.141560000001,1.142239999999,['4.56 USD'],-0.0006,-72.56 USD,True
BACKTESTER-001,MovingAverageCrossover-MA_CROSS,EUR/USD.IDEALPRO,IDEALPRO-001,O-20250605-040000-001-MA_CROSS-3774,O-20250605-061600-001-MA_CROSS-3777,SELL,FLAT,0.00,100000.00,1749096000000000000,2025-06-05 04:00:00+00:00,1749104160000000000,2025-06-05 06:16:00+00:00,8160000000000.0,1.1410500000009998,1.141469999999,['4.56 USD'],-0.00037,-46.56 USD,True
BACKTESTER-001,MovingAverageCrossover-MA_CROSS,EUR/USD.IDEALPRO,IDEALPRO-001,O-20250605-064600-001-MA_CROSS-3778,O-20250605-071200-001-MA_CROSS-3781,SELL,FLAT,0.00,100000.00,1749105960000000000,2025-06-05 06:46:00+00:00,1749107520000000000,2025-06-05 07:12:00+00:00,1560000000000.0,1.1408000000010001,1.1417199999990002,['4.56 USD'],-0.00081,-96.56 USD,True
BACKTESTER-001,MovingAverageCrossover-MA_CROSS,EUR/USD.IDEALPRO,IDEALPRO-001,O-20250605-080000-001-MA_CROSS-3782,O-20250605-091400-001-MA_CROSS-3785,SELL,FLAT,0.00,100000.00,1749110400000000000,2025-06-05 08:00:00+00:00,1749114840000000000,2025-06-05 09:14:00+00:00,4440000000000.0,1.141200000001,1.1419599999990002,['4.56 USD'],-0.00067,-80.56 USD,True
BACKTESTER-001,MovingAverageCrossover-MA_CROSS,EUR/USD.IDEALPRO,IDEALPRO-001,O-20250605-094400-001-MA_CROSS-3786,O-20250605-100400-001-MA_CROSS-3789,SELL,FLAT,0.00,100000.00,1749116640000000000,2025-06-05 09:44:00+00:00,1749117840000000000,2025-06-05 10:04:00+00:00,1200000000000.0,1.1412800000010002,1.1420299999990002,['4.56 USD'],-0.00066,-79.56 USD,True
BACKTESTER-001,MovingAverageCrossover-MA_CROSS,EUR/USD.IDEALPRO,IDEALPRO-001,O-20250605-113200-001-MA_CROSS-3790,O-20250605-120000-001-MA_CROSS-3793,SELL,FLAT,0.00,100000.00,1749123120000000000,2025-06-05 11:32:00+00:00,1749124800000000000,2025-06-05 12:00:00+00:00,1680000000000.0,1.141930000001,1.142609999999,['4.57 USD'],-0.0006,-72.57 USD,True
BACKTESTER-001,MovingAverageCrossover-MA_CROSS,EUR/USD.IDEALPRO,IDEALPRO-001,O-20250605-130200-001-MA_CROSS-3794,O-20250605-130200-001-MA_CROSS-3795,SELL,FLAT,0.00,100000.00,1749128520000000000,2025-06-05 13:02:00+00:00,1749128760000000000,2025-06-05 13:06:00+00:00,240000000000.0,1.142210000001,1.143229999999,['4.57 USD'],-0.00089,-106.57 USD,True
BACKTESTER-001,MovingAverageCrossover-MA_CROSS,EUR/USD.IDEALPRO,IDEALPRO-001,O-20250605-131600-001-MA_CROSS-3797,O-20250605-131600-001-MA_CROSS-3799,BUY,FLAT,0.00,100000.00,1749129360000000000,2025-06-05 13:16:00+00:00,1749129840000000000,2025-06-05 13:24:00+00:00,480000000000.0,1.1461499999990001,1.1486400000000003,['4.59 USD'],0.00217,244.41 USD,True
BACKTESTER-001,MovingAverageCrossover-MA_CROSS,EUR/USD.IDEALPRO,IDEALPRO-001,O-20250605-144600-001-MA_CROSS-3800,O-20250605-144600-001-MA_CROSS-3802,SELL,FLAT,0.00,100000.00,1749134760000000000,2025-06-05 14:46:00+00:00,1749138360000000000,2025-06-05 15:46:00+00:00,3600000000000.0,1.146280000001,1.14379,['4.58 USD'],0.00217,244.42 USD,True
BACKTESTER-001,MovingAverageCrossover-MA_CROSS,EUR/USD.IDEALPRO,IDEALPRO-001,O-20250605-190200-001-MA_CROSS-3803,O-20250605-194600-001-MA_CROSS-3806,BUY,FLAT,0.00,100000.00,1749150120000000000,2025-06-05 19:02:00+00:00,1749152760000000000,2025-06-05 19:46:00+00:00,2640000000000.0,1.144139999999,1.1435500000010002,['4.58 USD'],-0.00052,-63.58 USD,True
BACKTESTER-001,MovingAverageCrossover-MA_CROSS,EUR/USD.IDEALPRO,IDEALPRO-001,O-20250605-200800-001-MA_CROSS-3807,O-20250606-004400-001-MA_CROSS-3810,BUY,FLAT,0.00,100000.00,1749154080000000000,2025-06-05 20:08:00+00:00,1749170640000000000,2025-06-06 00:44:00+00:00,16560000000000.0,1.1442499999990001,1.145210000001,['4.58 USD'],0.00084,91.42 USD,True
BACKTESTER-001,MovingAverageCrossover-MA_CROSS,EUR/USD.IDEALPRO,IDEALPRO-001,O-20250606-033000-001-MA_CROSS-3811,O-20250606-041000-001-MA_CROSS-3814,BUY,FLAT,0.00,100000.00,1749180600000000000,2025-06-06 03:30:00+00:00,1749183000000000000,2025-06-06 04:10:00+00:00,2400000000000.0,1.144089999999,1.143920000001,['4.58 USD'],-0.00015,-21.58 USD,True
BACKTESTER-001,MovingAverageCrossover-MA_CROSS,EUR/USD.IDEALPRO,IDEALPRO-001,O-20250606-064800-001-MA_CROSS-3815,O-20250606-064800-001-MA_CROSS-3816,BUY,FLAT,0.00,100000.00,1749192480000000000,2025-06-06 06:48:00+00:00,1749193440000000000,2025-06-06 07:04:00+00:00,960000000000.0,1.143839999999,1.142820000001,['4.58 USD'],-0.00089,-106.58 USD,True
BACKTESTER-001,MovingAverageCrossover-MA_CROSS,EUR/USD.IDEALPRO,IDEALPRO-001,O-20250606-071600-001-MA_CROSS-3818,O-20250606-094600-001-MA_CROSS-3821,SELL,FLAT,0.00,100000.00,1749194160000000000,2025-06-06 07:16:00+00:00,1749203160000000000,2025-06-06 09:46:00+00:00,9000000000000.0,1.1427700000010002,1.141739999999,['4.57 USD'],0.0009,98.43 USD,True
BACKTESTER-001,MovingAverageCrossover-MA_CROSS,EUR/USD.IDEALPRO,IDEALPRO-001,O-20250606-111600-001-MA_CROSS-3822,O-20250606-113600-001-MA_CROSS-3825,SELL,FLAT,0.00,100000.00,1749208560000000000,2025-06-06 11:16:00+00:00,1749209760000000000,2025-06-06 11:36:00+00:00,1200000000000.0,1.1420600000010002,1.142749999999,['4.57 USD'],-0.0006,-73.57 USD,True
BACKTESTER-001,MovingAverageCrossover-MA_CROSS,EUR/USD.IDEALPRO,IDEALPRO-001,O-20250606-120000-001-MA_CROSS-3826,O-20250606-120000-001-MA_CROSS-3828,SELL,FLAT,0.00,100000.00,1749211200000000000,2025-06-06 12:00:00+00:00,1749213060000000000,2025-06-06 12:31:00+00:00,1860000000000.0,1.1417900000010002,1.1393,['4.56 USD'],0.00218,244.44 USD,True
BACKTESTER-001,MovingAverageCrossover-MA_CROSS,EUR/USD.IDEALPRO,IDEALPRO-001,O-20250606-140000-001-MA_CROSS-3829,O-20250606-140000-001-MA_CROSS-3831,BUY,FLAT,0.00,100000.00,1749218400000000000,2025-06-06 14:00:00+00:00,1749220200000000000,2025-06-06 14:30:00+00:00,1800000000000.0,1.139059999999,1.14155,['4.56 USD'],0.00219,244.44 USD,True
BACKTESTER-001,MovingAverageCrossover-MA_CROSS,EUR/USD.IDEALPRO,IDEALPRO-001,O-20250606-144600-001-MA_CROSS-3832,O-20250606-153200-001-MA_CROSS-3835,SELL,FLAT,0.00,100000.00,1749221160000000000,2025-06-06 14:46:00+00:00,1749223920000000000,2025-06-06 15:32:00+00:00,2760000000000.0,1.1394900000009998,1.1393199999990002,['4.56 USD'],0.00015,12.44 USD,True
BACKTESTER-001,MovingAverageCrossover-MA_CROSS,EUR/USD.IDEALPRO,IDEALPRO-001,O-20250606-170000-001-MA_CROSS-3836,O-20250606-172000-001-MA_CROSS-3839,SELL,FLAT,0.00,100000.00,1749229200000000000,2025-06-06 17:00:00+00:00,1749230400000000000,2025-06-06 17:20:00+00:00,1200000000000.0,1.1387100000010002,1.1395899999990002,['4.56 USD'],-0.00077,-92.56 USD,True
BACKTESTER-001,MovingAverageCrossover-MA_CROSS,EUR/USD.IDEALPRO,IDEALPRO-001,O-20250606-174000-001-MA_CROSS-3840,O-20250606-174000-001-MA_CROSS-3841,SELL,FLAT,0.00,100000.00,1749231600000000000,2025-06-06 17:40:00+00:00,1749233280000000000,2025-06-06 18:08:00+00:00,1680000000000.0,1.138880000001,1.1397899999990002,['4.56 USD'],-0.0008,-95.56 USD,True
BACKTESTER-001,MovingAverageCrossover-MA_CROSS,EUR/USD.IDEALPRO,IDEALPRO-001,O-20250606-190800-001-MA_CROSS-3843,O-20250606-201600-001-MA_CROSS-3846,BUY,FLAT,0.00,100000.00,1749236880000000000,2025-06-06 19:08:00+00:00,1749240960000000000,2025-06-06 20:16:00+00:00,4080000000000.0,1.139899999999,1.1396200000010002,['4.56 USD'],-0.00025,-32.56 USD,True
BACKTESTER-001,MovingAverageCrossover-MA_CROSS,EUR/USD.IDEALPRO,IDEALPRO-001,O-20250608-220400-001-MA_CROSS-3847,O-20250609-001600-001-MA_CROSS-3850,BUY,FLAT,0.00,100000.00,1749420240000000000,2025-06-08 22:04:00+00:00,1749428160000000000,2025-06-09 00:16:00+00:00,7920000000000.0,1.1397799999990001,1.1399900000010001,['4.56 USD'],0.00018,16.44 USD,True
BACKTESTER-001,MovingAverageCrossover-MA_CROSS,EUR/USD.IDEALPRO,IDEALPRO-001,O-20250609-045200-001-MA_CROSS-3851,O-20250609-053600-001-MA_CROSS-3854,BUY,FLAT,0.00,100000.00,1749444720000000000,2025-06-09 04:52:00+00:00,1749447360000000000,2025-06-09 05:36:00+00:00,2640000000000.0,1.141829999999,1.1414500000010002,['4.56 USD'],-0.00033,-42.56 USD,True
BACKTESTER-001,MovingAverageCrossover-MA_CROSS,EUR/USD.IDEALPRO,IDEALPRO-001,O-20250609-060000-001-MA_CROSS-3855,O-20250609-071600-001-MA_CROSS-3858,BUY,FLAT,0.00,100000.00,1749448800000000000,2025-06-09 06:00:00+00:00,1749453360000000000,2025-06-09 07:16:00+00:00,4560000000000.0,1.142209999999,1.1420300000010002,['4.56 USD'],-0.00016,-22.56 USD,True
BACKTESTER-001,MovingAverageCrossover-MA_CROSS,EUR/USD.IDEALPRO,IDEALPRO-001,O-20250609-073000-001-MA_CROSS-3859,O-20250609-080000-001-MA_CROSS-3862,BUY,FLAT,0.00,100000.00,1749454200000000000,2025-06-09 07:30:00+00:00,1749456000000000000,2025-06-09 08:00:00+00:00,1800000000000.0,1.1425199999990001,1.142240000001,['4.57 USD'],-0.00025,-32.57 USD,True
BACKTESTER-001,MovingAverageCrossover-MA_CROSS,EUR/USD.IDEALPRO,IDEALPRO-001,O-20250609-083000-001-MA_CROSS-3863,O-20250609-100000-001-MA_CROSS-3866,BUY,FLAT,0.00,100000.00,1749457800000000000,2025-06-09 08:30:00+00:00,1749463200000000000,2025-06-09 10:00:00+00:00,5400000000000.0,1.142819999999,1.142610000001,['4.58 USD'],-0.00018,-25.58 USD,True
BACKTESTER-001,MovingAverageCrossover-MA_CROSS,EUR/USD.IDEALPRO,IDEALPRO-001,O-20250609-140000-001-MA_CROSS-3867,O-20250609-143600-001-MA_CROSS-3870,BUY,FLAT,0.00,100000.00,1749477600000000000,2025-06-09 14:00:00+00:00,1749479760000000000,2025-06-09 14:36:00+00:00,2160000000000.0,1.1401999999990002,1.139780000001,['4.56 USD'],-0.00037,-46.56 USD,True
BACKTESTER-001,MovingAverageCrossover-MA_CROSS,EUR/USD.IDEALPRO,IDEALPRO-001,O-20250609-145200-001-MA_CROSS-3871,O-20250609-193200-001-MA_CROSS-3874,BUY,FLAT,0.00,100000.00,1749480720000000000,2025-06-09 14:52:00+00:00,1749497520000000000,2025-06-09 19:32:00+00:00,16800000000000.0,1.1405599999990002,1.142690000083,['4.57 USD'],0.00187,208.43 USD,True
BACKTESTER-001,MovingAverageCrossover-MA_CROSS,EUR/USD.IDEALPRO,IDEALPRO-001,O-20250609-222000-001-MA_CROSS-3875,O-20250609-224400-001-MA_CROSS-3878,BUY,FLAT,0.00,100000.00,1749507600000000000,2025-06-09 22:20:00+00:00,1749509040000000000,2025-06-09 22:44:00+00:00,1440000000000.0,1.1423299999990002,1.142020000001,['4.56 USD'],-0.00027,-35.56 USD,True
BACKTESTER-001,MovingAverageCrossover-MA_CROSS,EUR/USD.IDEALPRO,IDEALPRO-001,O-20250610-001200-001-MA_CROSS-3879,O-20250610-004600-001-MA_CROSS-3882,BUY,FLAT,0.00,100000.00,1749514320000000000,2025-06-10 00:12:00+00:00,1749516360000000000,2025-06-10 00:46:00+00:00,2040000000000.0,1.143049999999,1.1424000000010002,['4.57 USD'],-0.00057,-69.57 USD,True
BACKTESTER-001,MovingAverageCrossover-MA_CROSS,EUR/USD.IDEALPRO,IDEALPRO-001,O-20250610-031600-001-MA_CROSS-3883,O-20250610-043000-001-MA_CROSS-3886,BUY,FLAT,0.00,100000.00,1749525360000000000,2025-06-10 03:16:00+00:00,1749529800000000000,2025-06-10 04:30:00+00:00,4440000000000.0,1.140009999999,1.139270000001,['4.56 USD'],-0.00065,-78.56 USD,True
BACKTESTER-001,MovingAverageCrossover-MA_CROSS,EUR/USD.IDEALPRO,IDEALPRO-001,O-20250610-050000-001-MA_CROSS-3887,O-20250610-064800-001-MA_CROSS-3890,BUY,FLAT,0.00,100000.00,1749531600000000000,2025-06-10 05:00:00+00:00,1749538080000000000,2025-06-10 06:48:00+00:00,6480000000000.0,1.139969999999,1.140010000001,['4.56 USD'],4e-05,-0.56 USD,True
BACKTESTER-001,MovingAverageCrossover-MA_CROSS,EUR/USD.IDEALPRO,IDEALPRO-001,O-20250610-073400-001-MA_CROSS-3891,O-20250610-073400-001-MA_CROSS-3893,BUY,FLAT,0.00,100000.00,1749540840000000000,2025-06-10 07:34:00+00:00,1749551160000000000,2025-06-10 10:26:00+00:00,10320000000000.0,1.139369999999,1.14186,['4.56 USD'],0.00219,244.44 USD,True
BACKTESTER-001,MovingAverageCrossover-MA_CROSS,EUR/USD.IDEALPRO,IDEALPRO-001,O-20250610-141600-001-MA_CROSS-3894,O-20250610-170200-001-MA_CROSS-3897,SELL,FLAT,0.00,100000.00,1749564960000000000,2025-06-10 14:16:00+00:00,1749574920000000000,2025-06-10 17:02:00+00:00,9960000000000.0,1.143060000001,1.142309999999,['4.57 USD'],0.00066,70.43 USD,True
BACKTESTER-001,MovingAverageCrossover-MA_CROSS,EUR/USD.IDEALPRO,IDEALPRO-001,O-20250610-172200-001-MA_CROSS-3898,O-20250610-174600-001-MA_CROSS-3901,SELL,FLAT,0.00,100000.00,1749576120000000000,2025-06-10 17:22:00+00:00,1749577560000000000,2025-06-10 17:46:00+00:00,1440000000000.0,1.141770000001,1.1425299999990002,['4.57 USD'],-0.00067,-80.57 USD,True
BACKTESTER-001,MovingAverageCrossover-MA_CROSS,EUR/USD.IDEALPRO,IDEALPRO-001,O-20250610-190600-001-MA_CROSS-3902,O-20250610-191600-001-MA_CROSS-3905,SELL,FLAT,0.00,100000.00,1749582360000000000,2025-06-10 19:06:00+00:00,1749582960000000000,2025-06-10 19:16:00+00:00,600000000000.0,1.142040000001,1.142749999999,['4.57 USD'],-0.00062,-75.57 USD,True
BACKTESTER-001,MovingAverageCrossover-MA_CROSS,EUR/USD.IDEALPRO,IDEALPRO-001,O-20250610-200200-001-MA_CROSS-3906,O-20250610-221000-001-MA_CROSS-3909,SELL,FLAT,0.00,100000.00,1749585720000000000,2025-06-10 20:02:00+00:00,1749593400000000000,2025-06-10 22:10:00+00:00,7680000000000.0,1.142510000001,1.142889999999,['4.58 USD'],-0.00033,-42.58 USD,True
BACKTESTER-001,MovingAverageCrossover-MA_CROSS,EUR/USD.IDEALPRO,IDEALPRO-001,O-20250611-001600-001-MA_CROSS-3910,O-20250611-034600-001-MA_CROSS-3913,SELL,FLAT,0.00,100000.00,1749600960000000000,2025-06-11 00:16:00+00:00,1749613560000000000,2025-06-11 03:46:00+00:00,12600000000000.0,1.142970000001,1.141699999999,['4.57 USD'],0.00111,122.43 USD,True
BACKTESTER-001,MovingAverageCrossover-MA_CROSS,EUR/USD.IDEALPRO,IDEALPRO-001,O-20250611-061800-001-MA_CROSS-3914,O-20250611-065000-001-MA_CROSS-3917,SELL,FLAT,0.00,100000.00,1749622680000000000,2025-06-11 06:18:00+00:00,1749624600000000000,2025-06-11 06:50:00+00:00,1920000000000.0,1.1414500000010002,1.1418499999990002,['4.56 USD'],-0.00035,-44.56 USD,True
BACKTESTER-001,MovingAverageCrossover-MA_CROSS,EUR/USD.IDEALPRO,IDEALPRO-001,O-20250611-070000-001-MA_CROSS-3918,O-20250611-074600-001-MA_CROSS-3921,SELL,FLAT,0.00,100000.00,1749625200000000000,2025-06-11 07:00:00+00:00,1749627960000000000,2025-06-11 07:46:00+00:00,2760000000000.0,1.141000000001,1.1417599999990002,['4.56 USD'],-0.00067,-80.56 USD,True
BACKTESTER-001,MovingAverageCrossover-MA_CROSS,EUR/USD.IDEALPRO,IDEALPRO-001,O-20250611-111800-001-MA_CROSS-3922,O-20250611-111800-001-MA_CROSS-3923,SELL,FLAT,0.00,100000.00,1749640680000000000,2025-06-11 11:18:00+00:00,1749645060000000000,2025-06-11 12:31:00+00:00,4380000000000.0,1.143400000001,1.1444199999990001,['4.58 USD'],-0.00089,-106.58 USD,True
BACKTESTER-001,MovingAverageCrossover-MA_CROSS,EUR/USD.IDEALPRO,IDEALPRO-001,O-20250611-133000-001-MA_CROSS-3925,O-20250611-133000-001-MA_CROSS-3926,SELL,FLAT,0.00,100000.00,1749648600000000000,2025-06-11 13:30:00+00:00,1749649980000000000,2025-06-11 13:53:00+00:00,1380000000000.0,1.1458900000010002,1.1469099999990002,['4.58 USD'],-0.00089,-106.58 USD,True
BACKTESTER-001,MovingAverageCrossover-MA_CROSS,EUR/USD.IDEALPRO,IDEALPRO-001,O-20250611-135600-001-MA_CROSS-3928,O-20250611-135600-001-MA_CROSS-3930,BUY,FLAT,0.00,100000.00,1749650160000000000,2025-06-11 13:56:00+00:00,1749659700000000000,2025-06-11 16:35:00+00:00,9540000000000.0,1.146959999999,1.14945,['4.59 USD'],0.00217,244.41 USD,True
BACKTESTER-001,MovingAverageCrossover-MA_CROSS,EUR/USD.IDEALPRO,IDEALPRO-001,O-20250611-200000-001-MA_CROSS-3931,O-20250611-204600-001-MA_CROSS-3934,SELL,FLAT,0.00,100000.00,1749672000000000000,2025-06-11 20:00:00+00:00,1749674760000000000,2025-06-11 20:46:00+00:00,2760000000000.0,1.1483000000010002,1.148689999999,['4.60 USD'],-0.00034,-43.60 USD,True
BACKTESTER-001,MovingAverageCrossover-MA_CROSS,EUR/USD.IDEALPRO,IDEALPRO-001,O-20250612-030600-001-MA_CROSS-3935,O-20250612-031600-001-MA_CROSS-3938,SELL,FLAT,0.00,100000.00,1749697560000000000,2025-06-12 03:06:00+00:00,1749698160000000000,2025-06-12 03:16:00+00:00,600000000000.0,1.151270000001,1.1516699999989999,['4.60 USD'],-0.00035,-44.60 USD,True
BACKTESTER-001,MovingAverageCrossover-MA_CROSS,EUR/USD.IDEALPRO,IDEALPRO-001,O-20250612-041600-001-MA_CROSS-3939,O-20250612-045000-001-MA_CROSS-3942,SELL,FLAT,0.00,100000.00,1749701760000000000,2025-06-12 04:16:00+00:00,1749703800000000000,2025-06-12 04:50:00+00:00,2040000000000.0,1.151360000001,1.151769999999,['4.60 USD'],-0.00036,-45.60 USD,True
BACKTESTER-001,MovingAverageCrossover-MA_CROSS,EUR/USD.IDEALPRO,IDEALPRO-001,O-20250612-050600-001-MA_CROSS-3943,O-20250612-050600-001-MA_CROSS-3944,SELL,FLAT,0.00,100000.00,1749704760000000000,2025-06-12 05:06:00+00:00,1749705900000000000,2025-06-12 05:25:00+00:00,1140000000000.0,1.151360000001,1.152379999999,['4.60 USD'],-0.00089,-106.60 USD,True
BACKTESTER-001,MovingAverageCrossover-MA_CROSS,EUR/USD.IDEALPRO,IDEALPRO-001,O-20250612-053000-001-MA_CROSS-3946,O-20250612-061600-001-MA_CROSS-3949,BUY,FLAT,0.00,100000.00,1749706200000000000,2025-06-12 05:30:00+00:00,1749708960000000000,2025-06-12 06:16:00+00:00,2760000000000.0,1.152539999999,1.1519600000010002,['4.61 USD'],-0.0005,-62.61 USD,True
BACKTESTER-001,MovingAverageCrossover-MA_CROSS,EUR/USD.IDEALPRO,IDEALPRO-001,O-20250612-080000-001-MA_CROSS-3950,O-20250612-080000-001-MA_CROSS-3952,BUY,FLAT,0.00,100000.00,1749715200000000000,2025-06-12 08:00:00+00:00,1749719340000000000,2025-06-12 09:09:00+00:00,4140000000000.0,1.152649999999,1.15514,['4.62 USD'],0.00216,244.38 USD,True
BACKTESTER-001,MovingAverageCrossover-MA_CROSS,EUR/USD.IDEALPRO,IDEALPRO-001,O-20250612-114600-001-MA_CROSS-3953,O-20250612-114600-001-MA_CROSS-3954,SELL,FLAT,0.00,100000.00,1749728760000000000,2025-06-12 11:46:00+00:00,1749729960000000000,2025-06-12 12:06:00+00:00,1200000000000.0,1.1585700000010002,1.1595899999989998,['4.64 USD'],-0.00088,-106.64 USD,True
BACKTESTER-001,MovingAverageCrossover-MA_CROSS,EUR/USD.IDEALPRO,IDEALPRO-001,O-20250612-170400-001-MA_CROSS-3956,O-20250612-171800-001-MA_CROSS-3959,BUY,FLAT,0.00,100000.00,1749747840000000000,2025-06-12 17:04:00+00:00,1749748680000000000,2025-06-12 17:18:00+00:00,840000000000.0,1.1573699999990001,1.156890000001,['4.62 USD'],-0.00041,-52.62 USD,True
BACKTESTER-001,MovingAverageCrossover-MA_CROSS,EUR/USD.IDEALPRO,IDEALPRO-001,O-20250612-174600-001-MA_CROSS-3960,O-20250612-174600-001-MA_CROSS-3962,BUY,FLAT,0.00,100000.00,1749750360000000000,2025-06-12 17:46:00+00:00,1749772140000000000,2025-06-12 23:49:00+00:00,21780000000000.0,1.157469999999,1.15996,['4.63 USD'],0.00215,244.37 USD,True
BACKTESTER-001,MovingAverageCrossover-MA_CROSS,EUR/USD.IDEALPRO,IDEALPRO-001,O-20250613-001600-001-MA_CROSS-3963,O-20250613-001600-001-MA_CROSS-3964,SELL,FLAT,0.00,100000.00,1749773760000000000,2025-06-13 00:16:00+00:00,1749773880000000000,2025-06-13 00:18:00+00:00,120000000000.0,1.157230000001,1.158249999999,['4.63 USD'],-0.00088,-106.63 USD,True
BACKTESTER-001,MovingAverageCrossover-MA_CROSS,EUR/USD.IDEALPRO,IDEALPRO-001,O-20250613-060000-001-MA_CROSS-3966,O-20250613-064200-001-MA_CROSS-3969,BUY,FLAT,0.00,100000.00,1749794400000000000,2025-06-13 06:00:00+00:00,1749796920000000000,2025-06-13 06:42:00+00:00,2520000000000.0,1.152959999999,1.152670000001,['4.62 USD'],-0.00025,-33.62 USD,True
BACKTESTER-001,MovingAverageCrossover-MA_CROSS,EUR/USD.IDEALPRO,IDEALPRO-001,O-20250613-070000-001-MA_CROSS-3970,O-20250613-080000-001-MA_CROSS-3973,BUY,FLAT,0.00,100000.00,1749798000000000000,2025-06-13 07:00:00+00:00,1749801600000000000,2025-06-13 08:00:00+00:00,3600000000000.0,1.154239999999,1.153560000001,['4.62 USD'],-0.00059,-72.62 USD,True
BACKTESTER-001,MovingAverageCrossover-MA_CROSS,EUR/USD.IDEALPRO,IDEALPRO-001,O-20250613-083200-001-MA_CROSS-3974,O-20250613-083200-001-MA_CROSS-3975,BUY,FLAT,0.00,100000.00,1749803520000000000,2025-06-13 08:32:00+00:00,1749803820000000000,2025-06-13 08:37:00+00:00,300000000000.0,1.154379999999,1.153360000001,['4.62 USD'],-0.00088,-106.62 USD,True
BACKTESTER-001,MovingAverageCrossover-MA_CROSS,EUR/USD.IDEALPRO,IDEALPRO-001,O-20250613-084600-001-MA_CROSS-3977,O-20250613-084600-001-MA_CROSS-3979,SELL,FLAT,0.00,100000.00,1749804360000000000,2025-06-13 08:46:00+00:00,1749811200000000000,2025-06-13 10:40:00+00:00,6840000000000.0,1.153030000001,1.15054,['4.61 USD'],0.00216,244.39 USD,True
BACKTESTER-001,MovingAverageCrossover-MA_CROSS,EUR/USD.IDEALPRO,IDEALPRO-001,O-20250613-114600-001-MA_CROSS-3980,O-20250613-131600-001-MA_CROSS-3983,BUY,FLAT,0.00,100000.00,1749815160000000000,2025-06-13 11:46:00+00:00,1749820560000000000,2025-06-13 13:16:00+00:00,5400000000000.0,1.151029999999,1.1506000000010002,['4.60 USD'],-0.00037,-47.60 USD,True
BACKTESTER-001,MovingAverageCrossover-MA_CROSS,EUR/USD.IDEALPRO,IDEALPRO-001,O-20250613-134600-001-MA_CROSS-3984,O-20250613-134600-001-MA_CROSS-3986,BUY,FLAT,0.00,100000.00,1749822360000000000,2025-06-13 13:46:00+00:00,1749824640000000000,2025-06-13 14:24:00+00:00,2280000000000.0,1.1517299999989998,1.15422,['4.61 USD'],0.00216,244.39 USD,True
BACKTESTER-001,MovingAverageCrossover-MA_CROSS,EUR/USD.IDEALPRO,IDEALPRO-001,O-20250613-170000-001-MA_CROSS-3987,O-20250613-194600-001-MA_CROSS-3990,SELL,FLAT,0.00,100000.00,1749834000000000000,2025-06-13 17:00:00+00:00,1749843960000000000,2025-06-13 19:46:00+00:00,9960000000000.0,1.1554400000010001,1.1544599999990002,['4.62 USD'],0.00085,93.38 USD,True
BACKTESTER-001,MovingAverageCrossover-MA_CROSS,EUR/USD.IDEALPRO,IDEALPRO-001,O-20250613-202600-001-MA_CROSS-3991,O-20250613-205000-001-MA_CROSS-3994,SELL,FLAT,0.00,100000.00,1749846360000000000,2025-06-13 20:26:00+00:00,1749847800000000000,2025-06-13 20:50:00+00:00,1440000000000.0,1.154250000001,1.1549699999990002,['4.62 USD'],-0.00062,-76.62 USD,True
BACKTESTER-001,MovingAverageCrossover-MA_CROSS,EUR/USD.IDEALPRO,IDEALPRO-001,O-20250615-221600-001-MA_CROSS-3995,O-20250615-221600-001-MA_CROSS-3996,SELL,FLAT,0.00,100000.00,1750025760000000000,2025-06-15 22:16:00+00:00,1750027020000000000,2025-06-15 22:37:00+00:00,1260000000000.0,1.152830000001,1.153849999999,['4.62 USD'],-0.00088,-106.62 USD,True
BACKTESTER-001,MovingAverageCrossover-MA_CROSS,EUR/USD.IDEALPRO,IDEALPRO-001,O-20250615-224600-001-MA_CROSS-3998,O-20250615-224600-001-MA_CROSS-3999,BUY,FLAT,0.00,100000.00,1750027560000000000,2025-06-15 22:46:00+00:00,1750029120000000000,2025-06-15 23:12:00+00:00,1560000000000.0,1.1541199999990002,1.153100000001,['4.62 USD'],-0.00088,-106.62 USD,True
BACKTESTER-001,MovingAverageCrossover-MA_CROSS,EUR/USD.IDEALPRO,IDEALPRO-001,O-20250616-004800-001-MA_CROSS-4001,O-20250616-041600-001-MA_CROSS-4004,SELL,FLAT,0.00,100000.00,1750034880000000000,2025-06-16 00:48:00+00:00,1750047360000000000,2025-06-16 04:16:00+00:00,12480000000000.0,1.153650000001,1.153219999999,['4.62 USD'],0.00037,38.38 USD,True
BACKTESTER-001,MovingAverageCrossover-MA_CROSS,EUR/USD.IDEALPRO,IDEALPRO-001,O-20250616-063000-001-MA_CROSS-4005,O-20250616-063000-001-MA_CROSS-4006,SELL,FLAT,0.00,100000.00,1750055400000000000,2025-06-16 06:30:00+00:00,1750055940000000000,2025-06-16 06:39:00+00:00,540000000000.0,1.154270000001,1.155289999999,['4.62 USD'],-0.00088,-106.62 USD,True
BACKTESTER-001,MovingAverageCrossover-MA_CROSS,EUR/USD.IDEALPRO,IDEALPRO-001,O-20250616-064600-001-MA_CROSS-4008,O-20250616-064600-001-MA_CROSS-4010,BUY,FLAT,0.00,100000.00,1750056360000000000,2025-06-16 06:46:00+00:00,1750059120000000000,2025-06-16 07:32:00+00:00,2760000000000.0,1.155949999999,1.15844,['4.63 USD'],0.00215,244.37 USD,True
BACKTESTER-001,MovingAverageCrossover-MA_CROSS,EUR/USD.IDEALPRO,IDEALPRO-001,O-20250616-093400-001-MA_CROSS-4011,O-20250616-100000-001-MA_CROSS-4014,SELL,FLAT,0.00,100000.00,1750066440000000000,2025-06-16 09:34:00+00:00,1750068000000000000,2025-06-16 10:00:00+00:00,1560000000000.0,1.1576600000009998,1.1584299999990002,['4.64 USD'],-0.00067,-81.64 USD,True
BACKTESTER-001,MovingAverageCrossover-MA_CROSS,EUR/USD.IDEALPRO,IDEALPRO-001,O-20250616-101800-001-MA_CROSS-4015,O-20250616-104600-001-MA_CROSS-4018,SELL,FLAT,0.00,100000.00,1750069080000000000,2025-06-16 10:18:00+00:00,1750070760000000000,2025-06-16 10:46:00+00:00,1680000000000.0,1.1574800000010002,1.158209999999,['4.63 USD'],-0.00063,-77.63 USD,True
BACKTESTER-001,MovingAverageCrossover-MA_CROSS,EUR/USD.IDEALPRO,IDEALPRO-001,O-20250616-110000-001-MA_CROSS-4019,O-20250616-112200-001-MA_CROSS-4022,SELL,FLAT,0.00,100000.00,1750071600000000000,2025-06-16 11:00:00+00:00,1750072920000000000,2025-06-16 11:22:00+00:00,1320000000000.0,1.1575200000010002,1.1581099999989999,['4.64 USD'],-0.00051,-63.64 USD,True
BACKTESTER-001,MovingAverageCrossover-MA_CROSS,EUR/USD.IDEALPRO,IDEALPRO-001,O-20250616-113800-001-MA_CROSS-4023,O-20250616-113800-001-MA_CROSS-4024,SELL,FLAT,0.00,100000.00,1750073880000000000,2025-06-16 11:38:00+00:00,1750078860000000000,2025-06-16 13:01:00+00:00,4980000000000.0,1.157500000001,1.158519999999,['4.63 USD'],-0.00088,-106.63 USD,True
BACKTESTER-001,MovingAverageCrossover-MA_CROSS,EUR/USD.IDEALPRO,IDEALPRO-001,O-20250616-130200-001-MA_CROSS-4026,O-20250616-130200-001-MA_CROSS-4028,BUY,FLAT,0.00,100000.00,1750078920000000000,2025-06-16 13:02:00+00:00,1750082820000000000,2025-06-16 14:07:00+00:00,3900000000000.0,1.158649999999,1.16114,['4.64 USD'],0.00215,244.36 USD,True
BACKTESTER-001,MovingAverageCrossover-MA_CROSS,EUR/USD.IDEALPRO,IDEALPRO-001,O-20250616-144600-001-MA_CROSS-4029,O-20250616-144600-001-MA_CROSS-4031,SELL,FLAT,0.00,100000.00,1750085160000000000,2025-06-16 14:46:00+00:00,1750101420000000000,2025-06-16 19:17:00+00:00,16260000000000.0,1.159530000001,1.15704,['4.63 USD'],0.00215,244.37 USD,True
BACKTESTER-001,MovingAverageCrossover-MA_CROSS,EUR/USD.IDEALPRO,IDEALPRO-001,O-20250617-030200-001-MA_CROSS-4032,O-20250617-053200-001-MA_CROSS-4035,BUY,FLAT,0.00,100000.00,1750129320000000000,2025-06-17 03:02:00+00:00,1750138320000000000,2025-06-17 05:32:00+00:00,9000000000000.0,1.1558599999990002,1.155910000001,['4.62 USD'],4e-05,0.38 USD,True
BACKTESTER-001,MovingAverageCrossover-MA_CROSS,EUR/USD.IDEALPRO,IDEALPRO-001,O-20250617-061600-001-MA_CROSS-4036,O-20250617-070000-001-MA_CROSS-4039,BUY,FLAT,0.00,100000.00,1750140960000000000,2025-06-17 06:16:00+00:00,1750143600000000000,2025-06-17 07:00:00+00:00,2640000000000.0,1.1562199999990002,1.1562200000010001,['4.62 USD'],0.0,-4.62 USD,True
BACKTESTER-001,MovingAverageCrossover-MA_CROSS,EUR/USD.IDEALPRO,IDEALPRO-001,O-20250617-075000-001-MA_CROSS-4040,O-20250617-075000-001-MA_CROSS-4041,BUY,FLAT,0.00,100000.00,1750146600000000000,2025-06-17 07:50:00+00:00,1750147740000000000,2025-06-17 08:09:00+00:00,1140000000000.0,1.156309999999,1.155290000001,['4.62 USD'],-0.00088,-106.62 USD,True
BACKTESTER-001,MovingAverageCrossover-MA_CROSS,EUR/USD.IDEALPRO,IDEALPRO-001,O-20250617-090000-001-MA_CROSS-4043,O-20250617-094400-001-MA_CROSS-4046,SELL,FLAT,0.00,100000.00,1750150800000000000,2025-06-17 09:00:00+00:00,1750153440000000000,2025-06-17 09:44:00+00:00,2640000000000.0,1.1552100000010002,1.155869999999,['4.62 USD'],-0.00057,-70.62 USD,True
BACKTESTER-001,MovingAverageCrossover-MA_CROSS,EUR/USD.IDEALPRO,IDEALPRO-001,O-20250617-120000-001-MA_CROSS-4047,O-20250617-120000-001-MA_CROSS-4048,SELL,FLAT,0.00,100000.00,1750161600000000000,2025-06-17 12:00:00+00:00,1750162560000000000,2025-06-17 12:16:00+00:00,960000000000.0,1.1561600000010002,1.1571799999990002,['4.62 USD'],-0.00088,-106.62 USD,True
BACKTESTER-001,MovingAverageCrossover-MA_CROSS,EUR/USD.IDEALPRO,IDEALPRO-001,O-20250617-151600-001-MA_CROSS-4050,O-20250617-151600-001-MA_CROSS-4051,BUY,FLAT,0.00,100000.00,1750173360000000000,2025-06-17 15:16:00+00:00,1750173900000000000,2025-06-17 15:25:00+00:00,540000000000.0,1.1533999999990001,1.152380000001,['4.61 USD'],-0.00088,-106.61 USD,True
BACKTESTER-001,MovingAverageCrossover-MA_CROSS,EUR/USD.IDEALPRO,IDEALPRO-001,O-20250617-153000-001-MA_CROSS-4053,O-20250617-153000-001-MA_CROSS-4054,SELL,FLAT,0.00,100000.00,1750174200000000000,2025-06-17 15:30:00+00:00,1750174920000000000,2025-06-17 15:42:00+00:00,720000000000.0,1.152040000001,1.153059999999,['4.61 USD'],-0.00089,-106.61 USD,True
BACKTESTER-001,MovingAverageCrossover-MA_CROSS,EUR/USD.IDEALPRO,IDEALPRO-001,O-20250617-154600-001-MA_CROSS-4056,O-20250617-163000-001-MA_CROSS-4059,BUY,FLAT,0.00,100000.00,1750175160000000000,2025-06-17 15:46:00+00:00,1750177800000000000,2025-06-17 16:30:00+00:00,2640000000000.0,1.153289999999,1.152380000001,['4.61 USD'],-0.00079,-95.61 USD,True
BACKTESTER-001,MovingAverageCrossover-MA_CROSS,EUR/USD.IDEALPRO,IDEALPRO-001,O-20250617-194600-001-MA_CROSS-4060,O-20250617-194600-001-MA_CROSS-4061,BUY,FLAT,0.00,100000.00,1750189560000000000,2025-06-17 19:46:00+00:00,1750190760000000000,2025-06-17 20:06:00+00:00,1200000000000.0,1.1488799999989998,1.1478600000010002,['4.60 USD'],-0.00089,-106.60 USD,True
BACKTESTER-001,MovingAverageCrossover-MA_CROSS,EUR/USD.IDEALPRO,IDEALPRO-001,O-20250617-200800-001-MA_CROSS-4063,O-20250617-222800-001-MA_CROSS-4066,SELL,FLAT,0.00,100000.00,1750190880000000000,2025-06-17 20:08:00+00:00,1750199280000000000,2025-06-17 22:28:00+00:00,8400000000000.0,1.1479500000010001,1.1483899999990002,['4.60 USD'],-0.00038,-48.60 USD,True
BACKTESTER-001,MovingAverageCrossover-MA_CROSS,EUR/USD.IDEALPRO,IDEALPRO-001,O-20250617-224600-001-MA_CROSS-4067,O-20250618-000200-001-MA_CROSS-4070,SELL,FLAT,0.00,100000.00,1750200360000000000,2025-06-17 22:46:00+00:00,1750204920000000000,2025-06-18 00:02:00+00:00,4560000000000.0,1.147920000001,1.148309999999,['4.60 USD'],-0.00034,-43.60 USD,True
BACKTESTER-001,MovingAverageCrossover-MA_CROSS,EUR/USD.IDEALPRO,IDEALPRO-001,O-20250618-040200-001-MA_CROSS-4071,O-20250618-043200-001-MA_CROSS-4074,SELL,FLAT,0.00,100000.00,1750219320000000000,2025-06-18 04:02:00+00:00,1750221120000000000,2025-06-18 04:32:00+00:00,1800000000000.0,1.1498000000009998,1.150379999999,['4.60 USD'],-0.0005,-62.60 USD,True
BACKTESTER-001,MovingAverageCrossover-MA_CROSS,EUR/USD.IDEALPRO,IDEALPRO-001,O-20250618-051600-001-MA_CROSS-4075,O-20250618-053800-001-MA_CROSS-4078,SELL,FLAT,0.00,100000.00,1750223760000000000,2025-06-18 05:16:00+00:00,1750225080000000000,2025-06-18 05:38:00+00:00,1320000000000.0,1.1501300000010002,1.1506699999990002,['4.60 USD'],-0.00047,-58.60 USD,True
BACKTESTER-001,MovingAverageCrossover-MA_CROSS,EUR/USD.IDEALPRO,IDEALPRO-001,O-20250618-074600-001-MA_CROSS-4079,O-20250618-102400-001-MA_CROSS-4082,SELL,FLAT,0.00,100000.00,1750232760000000000,2025-06-18 07:46:00+00:00,1750242240000000000,2025-06-18 10:24:00+00:00,9480000000000.0,1.1513800000010002,1.150879999999,['4.60 USD'],0.00043,45.40 USD,True
BACKTESTER-001,MovingAverageCrossover-MA_CROSS,EUR/USD.IDEALPRO,IDEALPRO-001,O-20250618-104600-001-MA_CROSS-4083,O-20250618-114600-001-MA_CROSS-4086,SELL,FLAT,0.00,100000.00,1750243560000000000,2025-06-18 10:46:00+00:00,1750247160000000000,2025-06-18 11:46:00+00:00,3600000000000.0,1.150190000001,1.150169999999,['4.60 USD'],2e-05,-2.60 USD,True
BACKTESTER-001,MovingAverageCrossover-MA_CROSS,EUR/USD.IDEALPRO,IDEALPRO-001,O-20250618-132000-001-MA_CROSS-4087,O-20250618-132000-001-MA_CROSS-4088,SELL,FLAT,0.00,100000.00,1750252800000000000,2025-06-18 13:20:00+00:00,1750255500000000000,2025-06-18 14:05:00+00:00,2700000000000.0,1.150310000001,1.151329999999,['4.60 USD'],-0.00089,-106.60 USD,True
BACKTESTER-001,MovingAverageCrossover-MA_CROSS,EUR/USD.IDEALPRO,IDEALPRO-001,O-20250618-141600-001-MA_CROSS-4090,O-20250618-141600-001-MA_CROSS-4091,BUY,FLAT,0.00,100000.00,1750256160000000000,2025-06-18 14:16:00+00:00,1750256820000000000,2025-06-18 14:27:00+00:00,660000000000.0,1.151289999999,1.150270000001,['4.60 USD'],-0.00089,-106.60 USD,True
BACKTESTER-001,MovingAverageCrossover-MA_CROSS,EUR/USD.IDEALPRO,IDEALPRO-001,O-20250618-163000-001-MA_CROSS-4093,O-20250618-163000-001-MA_CROSS-4094,SELL,FLAT,0.00,100000.00,1750264200000000000,2025-06-18 16:30:00+00:00,1750269660000000000,2025-06-18 18:01:00+00:00,5460000000000.0,1.1511500000009998,1.152169999999,['4.60 USD'],-0.00089,-106.60 USD,True
BACKTESTER-001,MovingAverageCrossover-MA_CROSS,EUR/USD.IDEALPRO,IDEALPRO-001,O-20250618-204600-001-MA_CROSS-4096,O-20250618-230000-001-MA_CROSS-4099,BUY,FLAT,0.00,100000.00,1750279560000000000,2025-06-18 20:46:00+00:00,1750287600000000000,2025-06-18 23:00:00+00:00,8040000000000.0,1.148139999999,1.1480200000010001,['4.60 USD'],-0.0001,-16.60 USD,True
BACKTESTER-001,MovingAverageCrossover-MA_CROSS,EUR/USD.IDEALPRO,IDEALPRO-001,O-20250619-004000-001-MA_CROSS-4100,O-20250619-004000-001-MA_CROSS-4101,BUY,FLAT,0.00,100000.00,1750293600000000000,2025-06-19 00:40:00+00:00,1750295160000000000,2025-06-19 01:06:00+00:00,1560000000000.0,1.147939999999,1.146920000001,['4.59 USD'],-0.00089,-106.59 USD,True
BACKTESTER-001,MovingAverageCrossover-MA_CROSS,EUR/USD.IDEALPRO,IDEALPRO-001,O-20250619-053000-001-MA_CROSS-4103,O-20250619-064600-001-MA_CROSS-4106,SELL,FLAT,0.00,100000.00,1750311000000000000,2025-06-19 05:30:00+00:00,1750315560000000000,2025-06-19 06:46:00+00:00,4560000000000.0,1.1461600000010002,1.145629999999,['4.58 USD'],0.00046,48.42 USD,True
BACKTESTER-001,MovingAverageCrossover-MA_CROSS,EUR/USD.IDEALPRO,IDEALPRO-001,O-20250619-080200-001-MA_CROSS-4107,O-20250619-080200-001-MA_CROSS-4108,SELL,FLAT,0.00,100000.00,1750320120000000000,2025-06-19 08:02:00+00:00,1750321020000000000,2025-06-19 08:17:00+00:00,900000000000.0,1.1459200000010001,1.1469399999990002,['4.58 USD'],-0.00089,-106.58 USD,True
BACKTESTER-001,MovingAverageCrossover-MA_CROSS,EUR/USD.IDEALPRO,IDEALPRO-001,O-20250619-082400-001-MA_CROSS-4110,O-20250619-110200-001-MA_CROSS-4113,BUY,FLAT,0.00,100000.00,1750321440000000000,2025-06-19 08:24:00+00:00,1750330920000000000,2025-06-19 11:02:00+00:00,9480000000000.0,1.1472299999989999,1.147470000001,['4.58 USD'],0.00021,19.42 USD,True
BACKTESTER-001,MovingAverageCrossover-MA_CROSS,EUR/USD.IDEALPRO,IDEALPRO-001,O-20250619-113000-001-MA_CROSS-4114,O-20250619-113000-001-MA_CROSS-4115,BUY,FLAT,0.00,100000.00,1750332600000000000,2025-06-19 11:30:00+00:00,1750335180000000000,2025-06-19 12:13:00+00:00,2580000000000.0,1.148279999999,1.147260000001,['4.59 USD'],-0.00089,-106.59 USD,True
BACKTESTER-001,MovingAverageCrossover-MA_CROSS,EUR/USD.IDEALPRO,IDEALPRO-001,O-20250619-134000-001-MA_CROSS-4117,O-20250619-141600-001-MA_CROSS-4120,SELL,FLAT,0.00,100000.00,1750340400000000000,2025-06-19 13:40:00+00:00,1750342560000000000,2025-06-19 14:16:00+00:00,2160000000000.0,1.1474500000010002,1.1477599999989998,['4.59 USD'],-0.00027,-35.59 USD,True
BACKTESTER-001,MovingAverageCrossover-MA_CROSS,EUR/USD.IDEALPRO,IDEALPRO-001,O-20250619-143000-001-MA_CROSS-4121,O-20250619-171600-001-MA_CROSS-4124,SELL,FLAT,0.00,100000.00,1750343400000000000,2025-06-19 14:30:00+00:00,1750353360000000000,2025-06-19 17:16:00+00:00,9960000000000.0,1.146650000001,1.1464699999990002,['4.58 USD'],0.00016,13.42 USD,True
BACKTESTER-001,MovingAverageCrossover-MA_CROSS,EUR/USD.IDEALPRO,IDEALPRO-001,O-20250619-223400-001-MA_CROSS-4125,O-20250619-225400-001-MA_CROSS-4128,SELL,FLAT,0.00,100000.00,1750372440000000000,2025-06-19 22:34:00+00:00,1750373640000000000,2025-06-19 22:54:00+00:00,1200000000000.0,1.1492800000010002,1.149939999999,['4.60 USD'],-0.00057,-70.60 USD,True
BACKTESTER-001,MovingAverageCrossover-MA_CROSS,EUR/USD.IDEALPRO,IDEALPRO-001,O-20250620-052200-001-MA_CROSS-4129,O-20250620-060000-001-MA_CROSS-4132,SELL,FLAT,0.00,100000.00,1750396920000000000,2025-06-20 05:22:00+00:00,1750399200000000000,2025-06-20 06:00:00+00:00,2280000000000.0,1.152450000001,1.152749999999,['4.61 USD'],-0.00026,-34.61 USD,True
BACKTESTER-001,MovingAverageCrossover-MA_CROSS,EUR/USD.IDEALPRO,IDEALPRO-001,O-20250620-062200-001-MA_CROSS-4133,O-20250620-084600-001-MA_CROSS-4136,SELL,FLAT,0.00,100000.00,1750400520000000000,2025-06-20 06:22:00+00:00,1750409160000000000,2025-06-20 08:46:00+00:00,8640000000000.0,1.1519300000009998,1.1518399999989999,['4.60 USD'],8e-05,4.40 USD,True
BACKTESTER-001,MovingAverageCrossover-MA_CROSS,EUR/USD.IDEALPRO,IDEALPRO-001,O-20250620-110000-001-MA_CROSS-4137,O-20250620-132600-001-MA_CROSS-4140,SELL,FLAT,0.00,100000.00,1750417200000000000,2025-06-20 11:00:00+00:00,1750425960000000000,2025-06-20 13:26:00+00:00,8760000000000.0,1.1524000000010002,1.1517899999990002,['4.60 USD'],0.00053,56.40 USD,True
BACKTESTER-001,MovingAverageCrossover-MA_CROSS,EUR/USD.IDEALPRO,IDEALPRO-001,O-20250620-134600-001-MA_CROSS-4141,O-20250620-134600-001-MA_CROSS-4142,SELL,FLAT,0.00,100000.00,1750427160000000000,2025-06-20 13:46:00+00:00,1750427760000000000,2025-06-20 13:56:00+00:00,600000000000.0,1.150970000001,1.1519899999990002,['4.60 USD'],-0.00089,-106.60 USD,True
BACKTESTER-001,MovingAverageCrossover-MA_CROSS,EUR/USD.IDEALPRO,IDEALPRO-001,O-20250620-140000-001-MA_CROSS-4144,O-20250620-140000-001-MA_CROSS-4145,BUY,FLAT,0.00,100000.00,1750428000000000000,2025-06-20 14:00:00+00:00,1750429200000000000,2025-06-20 14:20:00+00:00,1200000000000.0,1.1518399999989999,1.150820000001,['4.60 USD'],-0.00089,-106.60 USD,True
BACKTESTER-001,MovingAverageCrossover-MA_CROSS,EUR/USD.IDEALPRO,IDEALPRO-001,O-20250620-142000-001-MA_CROSS-4147,O-20250620-142000-001-MA_CROSS-4148,SELL,FLAT,0.00,100000.00,1750429200000000000,2025-06-20 14:20:00+00:00,1750431480000000000,2025-06-20 14:58:00+00:00,2280000000000.0,1.150690000001,1.1517099999990001,['4.60 USD'],-0.00089,-106.60 USD,True
BACKTESTER-001,MovingAverageCrossover-MA_CROSS,EUR/USD.IDEALPRO,IDEALPRO-001,O-20250620-150200-001-MA_CROSS-4150,O-20250620-150200-001-MA_CROSS-4152,BUY,FLAT,0.00,100000.00,1750431720000000000,2025-06-20 15:02:00+00:00,1750438740000000000,2025-06-20 16:59:00+00:00,7020000000000.0,1.151159999999,1.15365,['4.61 USD'],0.00216,244.39 USD,True
BACKTESTER-001,MovingAverageCrossover-MA_CROSS,EUR/USD.IDEALPRO,IDEALPRO-001,O-20250620-180000-001-MA_CROSS-4153,O-20250620-180000-001-MA_CROSS-4155,SELL,FLAT,0.00,100000.00,1750442400000000000,2025-06-20 18:00:00+00:00,1750626960000000000,2025-06-22 21:16:00+00:00,184560000000000.0,1.153230000001,1.15074,['4.61 USD'],0.00216,244.39 USD,True
BACKTESTER-001,MovingAverageCrossover-MA_CROSS,EUR/USD.IDEALPRO,IDEALPRO-001,O-20250622-223800-001-MA_CROSS-4156,O-20250623-001600-001-MA_CROSS-4159,BUY,FLAT,0.00,100000.00,1750631880000000000,2025-06-22 22:38:00+00:00,1750637760000000000,2025-06-23 00:16:00+00:00,5880000000000.0,1.148749999999,1.148870000001,['4.60 USD'],0.0001,7.40 USD,True
BACKTESTER-001,MovingAverageCrossover-MA_CROSS,EUR/USD.IDEALPRO,IDEALPRO-001,O-20250623-051600-001-MA_CROSS-4160,O-20250623-064600-001-MA_CROSS-4163,BUY,FLAT,0.00,100000.00,1750655760000000000,2025-06-23 05:16:00+00:00,1750661160000000000,2025-06-23 06:46:00+00:00,5400000000000.0,1.149709999999,1.150590000001,['4.60 USD'],0.00077,83.40 USD,True
BACKTESTER-001,MovingAverageCrossover-MA_CROSS,EUR/USD.IDEALPRO,IDEALPRO-001,O-20250623-100000-001-MA_CROSS-4164,O-20250623-103200-001-MA_CROSS-4167,BUY,FLAT,0.00,100000.00,1750672800000000000,2025-06-23 10:00:00+00:00,1750674720000000000,2025-06-23 10:32:00+00:00,1920000000000.0,1.147219999999,1.146660000001,['4.58 USD'],-0.00049,-60.58 USD,True
BACKTESTER-001,MovingAverageCrossover-MA_CROSS,EUR/USD.IDEALPRO,IDEALPRO-001,O-20250623-111600-001-MA_CROSS-4168,O-20250623-111600-001-MA_CROSS-4169,BUY,FLAT,0.00,100000.00,1750677360000000000,2025-06-23 11:16:00+00:00,1750678320000000000,2025-06-23 11:32:00+00:00,960000000000.0,1.147219999999,1.1462000000010002,['4.58 USD'],-0.00089,-106.58 USD,True
BACKTESTER-001,MovingAverageCrossover-MA_CROSS,EUR/USD.IDEALPRO,IDEALPRO-001,O-20250623-113200-001-MA_CROSS-4171,O-20250623-113200-001-MA_CROSS-4172,SELL,FLAT,0.00,100000.00,1750678320000000000,2025-06-23 11:32:00+00:00,1750679940000000000,2025-06-23 11:59:00+00:00,1620000000000.0,1.146220000001,1.1472399999990002,['4.58 USD'],-0.00089,-106.58 USD,True
BACKTESTER-001,MovingAverageCrossover-MA_CROSS,EUR/USD.IDEALPRO,IDEALPRO-001,O-20250623-130400-001-MA_CROSS-4174,O-20250623-130400-001-MA_CROSS-4176,BUY,FLAT,0.00,100000.00,1750683840000000000,2025-06-23 13:04:00+00:00,1750687260000000000,2025-06-23 14:01:00+00:00,3420000000000.0,1.147059999999,1.14955,['4.59 USD'],0.00217,244.41 USD,True
BACKTESTER-001,MovingAverageCrossover-MA_CROSS,EUR/USD.IDEALPRO,IDEALPRO-001,O-20250623-225000-001-MA_CROSS-4177,O-20250623-225000-001-MA_CROSS-4178,SELL,FLAT,0.00,100000.00,1750719000000000000,2025-06-23 22:50:00+00:00,1750720740000000000,2025-06-23 23:19:00+00:00,1740000000000.0,1.158970000001,1.1599899999990002,['4.64 USD'],-0.00088,-106.64 USD,True
BACKTESTER-001,MovingAverageCrossover-MA_CROSS,EUR/USD.IDEALPRO,IDEALPRO-001,O-20250624-004600-001-MA_CROSS-4180,O-20250624-004600-001-MA_CROSS-4181,BUY,FLAT,0.00,100000.00,1750725960000000000,2025-06-24 00:46:00+00:00,1750726260000000000,2025-06-24 00:51:00+00:00,300000000000.0,1.160639999999,1.1596200000010002,['4.64 USD'],-0.00088,-106.64 USD,True
BACKTESTER-001,MovingAverageCrossover-MA_CROSS,EUR/USD.IDEALPRO,IDEALPRO-001,O-20250624-051600-001-MA_CROSS-4183,O-20250624-060000-001-MA_CROSS-4186,SELL,FLAT,0.00,100000.00,1750742160000000000,2025-06-24 05:16:00+00:00,1750744800000000000,2025-06-24 06:00:00+00:00,2640000000000.0,1.1603900000010001,1.161099999999,['4.64 USD'],-0.00061,-75.64 USD,True
BACKTESTER-001,MovingAverageCrossover-MA_CROSS,EUR/USD.IDEALPRO,IDEALPRO-001,O-20250624-064600-001-MA_CROSS-4187,O-20250624-064600-001-MA_CROSS-4189,SELL,FLAT,0.00,100000.00,1750747560000000000,2025-06-24 06:46:00+00:00,1750750320000000000,2025-06-24 07:32:00+00:00,2760000000000.0,1.160890000001,1.1584000000000003,['4.64 USD'],0.00214,244.36 USD,True
BACKTESTER-001,MovingAverageCrossover-MA_CROSS,EUR/USD.IDEALPRO,IDEALPRO-001,O-20250624-091000-001-MA_CROSS-4190,O-20250624-101600-001-MA_CROSS-4193,BUY,FLAT,0.00,100000.00,1750756200000000000,2025-06-24 09:10:00+00:00,1750760160000000000,2025-06-24 10:16:00+00:00,3960000000000.0,1.159809999999,1.1600200000010001,['4.64 USD'],0.00018,16.36 USD,True
BACKTESTER-001,MovingAverageCrossover-MA_CROSS,EUR/USD.IDEALPRO,IDEALPRO-001,O-20250624-111600-001-MA_CROSS-4194,O-20250624-111600-001-MA_CROSS-4195,BUY,FLAT,0.00,100000.00,1750763760000000000,2025-06-24 11:16:00+00:00,1750768260000000000,2025-06-24 12:31:00+00:00,4500000000000.0,1.1604899999990002,1.159470000001,['4.64 USD'],-0.00088,-106.64 USD,True
BACKTESTER-001,MovingAverageCrossover-MA_CROSS,EUR/USD.IDEALPRO,IDEALPRO-001,O-20250624-130200-001-MA_CROSS-4197,O-20250624-130200-001-MA_CROSS-4198,SELL,FLAT,0.00,100000.00,1750770120000000000,2025-06-24 13:02:00+00:00,1750774560000000000,2025-06-24 14:16:00+00:00,4440000000000.0,1.160150000001,1.1611699999990002,['4.64 USD'],-0.00088,-106.64 USD,True
BACKTESTER-001,MovingAverageCrossover-MA_CROSS,EUR/USD.IDEALPRO,IDEALPRO-001,O-20250624-141600-001-MA_CROSS-4200,O-20250624-141600-001-MA_CROSS-4202,BUY,FLAT,0.00,100000.00,1750774560000000000,2025-06-24 14:16:00+00:00,1750775220000000000,2025-06-24 14:27:00+00:00,660000000000.0,1.1614099999990002,1.1639,['4.65 USD'],0.00214,244.35 USD,True
BACKTESTER-001,MovingAverageCrossover-MA_CROSS,EUR/USD.IDEALPRO,IDEALPRO-001,O-20250624-150000-001-MA_CROSS-4203,O-20250624-150000-001-MA_CROSS-4204,SELL,FLAT,0.00,100000.00,1750777200000000000,2025-06-24 15:00:00+00:00,1750777560000000000,2025-06-24 15:06:00+00:00,360000000000.0,1.161680000001,1.1626999999990002,['4.65 USD'],-0.00088,-106.65 USD,True
BACKTESTER-001,MovingAverageCrossover-MA_CROSS,EUR/USD.IDEALPRO,IDEALPRO-001,O-20250624-151600-001-MA_CROSS-4206,O-20250624-151600-001-MA_CROSS-4207,BUY,FLAT,0.00,100000.00,1750778160000000000,2025-06-24 15:16:00+00:00,1750779600000000000,2025-06-24 15:40:00+00:00,1440000000000.0,1.1628399999990002,1.1618200000010002,['4.65 USD'],-0.00088,-106.65 USD,True
BACKTESTER-001,MovingAverageCrossover-MA_CROSS,EUR/USD.IDEALPRO,IDEALPRO-001,O-20250624-154600-001-MA_CROSS-4209,O-20250624-162800-001-MA_CROSS-4212,SELL,FLAT,0.00,100000.00,1750779960000000000,2025-06-24 15:46:00+00:00,1750782480000000000,2025-06-24 16:28:00+00:00,2520000000000.0,1.161870000001,1.161459999999,['4.64 USD'],0.00035,36.36 USD,True
BACKTESTER-001,MovingAverageCrossover-MA_CROSS,EUR/USD.IDEALPRO,IDEALPRO-001,O-20250624-191400-001-MA_CROSS-4213,O-20250625-001600-001-MA_CROSS-4216,SELL,FLAT,0.00,100000.00,1750792440000000000,2025-06-24 19:14:00+00:00,1750810560000000000,2025-06-25 00:16:00+00:00,18120000000000.0,1.161910000001,1.1619399999989999,['4.64 USD'],-3e-05,-7.64 USD,True
BACKTESTER-001,MovingAverageCrossover-MA_CROSS,EUR/USD.IDEALPRO,IDEALPRO-001,O-20250625-030200-001-MA_CROSS-4217,O-20250625-054600-001-MA_CROSS-4220,SELL,FLAT,0.00,100000.00,1750820520000000000,2025-06-25 03:02:00+00:00,1750830360000000000,2025-06-25 05:46:00+00:00,9840000000000.0,1.1618800000010001,1.161879999999,['4.64 USD'],0.0,-4.64 USD,True
BACKTESTER-001,MovingAverageCrossover-MA_CROSS,EUR/USD.IDEALPRO,IDEALPRO-001,O-20250625-064600-001-MA_CROSS-4221,O-20250625-074600-001-MA_CROSS-4224,SELL,FLAT,0.00,100000.00,1750833960000000000,2025-06-25 06:46:00+00:00,1750837560000000000,2025-06-25 07:46:00+00:00,3600000000000.0,1.161480000001,1.160679999999,['4.64 USD'],0.00069,75.36 USD,True
BACKTESTER-001,MovingAverageCrossover-MA_CROSS,EUR/USD.IDEALPRO,IDEALPRO-001,O-20250625-080000-001-MA_CROSS-4225,O-20250625-084600-001-MA_CROSS-4228,SELL,FLAT,0.00,100000.00,1750838400000000000,2025-06-25 08:00:00+00:00,1750841160000000000,2025-06-25 08:46:00+00:00,2760000000000.0,1.1598900000010002,1.160649999999,['4.64 USD'],-0.00066,-80.64 USD,True
BACKTESTER-001,MovingAverageCrossover-MA_CROSS,EUR/USD.IDEALPRO,IDEALPRO-001,O-20250625-091600-001-MA_CROSS-4229,O-20250625-100200-001-MA_CROSS-4232,SELL,FLAT,0.00,100000.00,1750842960000000000,2025-06-25 09:16:00+00:00,1750845720000000000,2025-06-25 10:02:00+00:00,2760000000000.0,1.1601300000010002,1.160039999999,['4.64 USD'],8e-05,4.36 USD,True
BACKTESTER-001,MovingAverageCrossover-MA_CROSS,EUR/USD.IDEALPRO,IDEALPRO-001,O-20250625-114600-001-MA_CROSS-4233,O-20250625-133000-001-MA_CROSS-4236,SELL,FLAT,0.00,100000.00,1750851960000000000,2025-06-25 11:46:00+00:00,1750858200000000000,2025-06-25 13:30:00+00:00,6240000000000.0,1.160000000001,1.160179999999,['4.64 USD'],-0.00016,-22.64 USD,True
BACKTESTER-001,MovingAverageCrossover-MA_CROSS,EUR/USD.IDEALPRO,IDEALPRO-001,O-20250625-171600-001-MA_CROSS-4237,O-20250625-173000-001-MA_CROSS-4240,SELL,FLAT,0.00,100000.00,1750871760000000000,2025-06-25 17:16:00+00:00,1750872600000000000,2025-06-25 17:30:00+00:00,840000000000.0,1.162830000001,1.163489999999,['4.66 USD'],-0.00057,-70.66 USD,True
BACKTESTER-001,MovingAverageCrossover-MA_CROSS,EUR/USD.IDEALPRO,IDEALPRO-001,O-20250626-033400-001-MA_CROSS-4241,O-20250626-060200-001-MA_CROSS-4244,SELL,FLAT,0.00,100000.00,1750908840000000000,2025-06-26 03:34:00+00:00,1750917720000000000,2025-06-26 06:02:00+00:00,8880000000000.0,1.169230000001,1.168299999999,['4.68 USD'],0.0008,88.32 USD,True
BACKTESTER-001,MovingAverageCrossover-MA_CROSS,EUR/USD.IDEALPRO,IDEALPRO-001,O-20250626-091600-001-MA_CROSS-4245,O-20250626-094600-001-MA_CROSS-4248,SELL,FLAT,0.00,100000.00,1750929360000000000,2025-06-26 09:16:00+00:00,1750931160000000000,2025-06-26 09:46:00+00:00,1800000000000.0,1.1720900000010002,1.172779999999,['4.69 USD'],-0.00059,-73.69 USD,True
BACKTESTER-001,MovingAverageCrossover-MA_CROSS,EUR/USD.IDEALPRO,IDEALPRO-001,O-20250626-104600-001-MA_CROSS-4249,O-20250626-104600-001-MA_CROSS-4251,SELL,FLAT,0.00,100000.00,1750934760000000000,2025-06-26 10:46:00+00:00,1750939200000000000,2025-06-26 12:00:00+00:00,4440000000000.0,1.1718800000010001,1.16939,['4.68 USD'],0.00212,244.32 USD,True
BACKTESTER-001,MovingAverageCrossover-MA_CROSS,EUR/USD.IDEALPRO,IDEALPRO-001,O-20250626-132400-001-MA_CROSS-4252,O-20250626-150000-001-MA_CROSS-4255,BUY,FLAT,0.00,100000.00,1750944240000000000,2025-06-26 13:24:00+00:00,1750950000000000000,2025-06-26 15:00:00+00:00,5760000000000.0,1.1711299999990001,1.170830000001,['4.68 USD'],-0.00026,-34.68 USD,True
BACKTESTER-001,MovingAverageCrossover-MA_CROSS,EUR/USD.IDEALPRO,IDEALPRO-001,O-20250626-154600-001-MA_CROSS-4256,O-20250626-154600-001-MA_CROSS-4258,BUY,FLAT,0.00,100000.00,1750952760000000000,2025-06-26 15:46:00+00:00,1750956000000000000,2025-06-26 16:40:00+00:00,3240000000000.0,1.1712499999989998,1.17374,['4.69 USD'],0.00213,244.31 USD,True
BACKTESTER-001,MovingAverageCrossover-MA_CROSS,EUR/USD.IDEALPRO,IDEALPRO-001,O-20250626-190200-001-MA_CROSS-4259,O-20250626-190200-001-MA_CROSS-4261,SELL,FLAT,0.00,100000.00,1750964520000000000,2025-06-26 19:02:00+00:00,1750969620000000000,2025-06-26 20:27:00+00:00,5100000000000.0,1.172010000001,1.16952,['4.68 USD'],0.00212,244.32 USD,True
BACKTESTER-001,MovingAverageCrossover-MA_CROSS,EUR/USD.IDEALPRO,IDEALPRO-001,O-20250627-001600-001-MA_CROSS-4262,O-20250627-003200-001-MA_CROSS-4265,BUY,FLAT,0.00,100000.00,1750983360000000000,2025-06-27 00:16:00+00:00,1750984320000000000,2025-06-27 00:32:00+00:00,960000000000.0,1.169629999999,1.169030000001,['4.68 USD'],-0.00051,-64.68 USD,True
BACKTESTER-001,MovingAverageCrossover-MA_CROSS,EUR/USD.IDEALPRO,IDEALPRO-001,O-20250627-030400-001-MA_CROSS-4266,O-20250627-040000-001-MA_CROSS-4269,BUY,FLAT,0.00,100000.00,1750993440000000000,2025-06-27 03:04:00+00:00,1750996800000000000,2025-06-27 04:00:00+00:00,3360000000000.0,1.170069999999,1.169570000001,['4.68 USD'],-0.00043,-54.68 USD,True
BACKTESTER-001,MovingAverageCrossover-MA_CROSS,EUR/USD.IDEALPRO,IDEALPRO-001,O-20250627-063000-001-MA_CROSS-4270,O-20250627-063000-001-MA_CROSS-4272,BUY,FLAT,0.00,100000.00,1751005800000000000,2025-06-27 06:30:00+00:00,1751008380000000000,2025-06-27 07:13:00+00:00,2580000000000.0,1.170099999999,1.17259,['4.69 USD'],0.00213,244.31 USD,True
BACKTESTER-001,MovingAverageCrossover-MA_CROSS,EUR/USD.IDEALPRO,IDEALPRO-001,O-20250627-085600-001-MA_CROSS-4273,O-20250627-101600-001-MA_CROSS-4276,SELL,FLAT,0.00,100000.00,1751014560000000000,2025-06-27 08:56:00+00:00,1751019360000000000,2025-06-27 10:16:00+00:00,4800000000000.0,1.1712100000010002,1.1712199999989998,['4.68 USD'],-1e-05,-5.68 USD,True
BACKTESTER-001,MovingAverageCrossover-MA_CROSS,EUR/USD.IDEALPRO,IDEALPRO-001,O-20250627-103000-001-MA_CROSS-4277,O-20250627-103000-001-MA_CROSS-4278,SELL,FLAT,0.00,100000.00,1751020200000000000,2025-06-27 10:30:00+00:00,1751021880000000000,2025-06-27 10:58:00+00:00,1680000000000.0,1.1703000000009998,1.171319999999,['4.68 USD'],-0.00087,-106.68 USD,True
BACKTESTER-001,MovingAverageCrossover-MA_CROSS,EUR/USD.IDEALPRO,IDEALPRO-001,O-20250627-110200-001-MA_CROSS-4280,O-20250627-110200-001-MA_CROSS-4281,BUY,FLAT,0.00,100000.00,1751022120000000000,2025-06-27 11:02:00+00:00,1751026200000000000,2025-06-27 12:10:00+00:00,4080000000000.0,1.1714299999989999,1.170410000001,['4.68 USD'],-0.00087,-106.68 USD,True
BACKTESTER-001,MovingAverageCrossover-MA_CROSS,EUR/USD.IDEALPRO,IDEALPRO-001,O-20250627-133000-001-MA_CROSS-4283,O-20250627-133000-001-MA_CROSS-4284,SELL,FLAT,0.00,100000.00,1751031000000000000,2025-06-27 13:30:00+00:00,1751033160000000000,2025-06-27 14:06:00+00:00,2160000000000.0,1.172380000001,1.173399999999,['4.69 USD'],-0.00087,-106.69 USD,True
BACKTESTER-001,MovingAverageCrossover-MA_CROSS,EUR/USD.IDEALPRO,IDEALPRO-001,O-20250627-140600-001-MA_CROSS-4286,O-20250627-140600-001-MA_CROSS-4287,BUY,FLAT,0.00,100000.00,1751033160000000000,2025-06-27 14:06:00+00:00,1751034060000000000,2025-06-27 14:21:00+00:00,900000000000.0,1.1735199999989998,1.1725000000010002,['4.69 USD'],-0.00087,-106.69 USD,True
BACKTESTER-001,MovingAverageCrossover-MA_CROSS,EUR/USD.IDEALPRO,IDEALPRO-001,O-20250627-143000-001-MA_CROSS-4289,O-20250627-154600-001-MA_CROSS-4292,SELL,FLAT,0.00,100000.00,1751034600000000000,2025-06-27 14:30:00+00:00,1751039160000000000,2025-06-27 15:46:00+00:00,4560000000000.0,1.172130000001,1.1725999999990002,['4.69 USD'],-0.0004,-51.69 USD,True
BACKTESTER-001,MovingAverageCrossover-MA_CROSS,EUR/USD.IDEALPRO,IDEALPRO-001,O-20250627-164000-001-MA_CROSS-4293,O-20250627-164000-001-MA_CROSS-4295,SELL,FLAT,0.00,100000.00,1751042400000000000,2025-06-27 16:40:00+00:00,1751046960000000000,2025-06-27 17:56:00+00:00,4560000000000.0,1.172280000001,1.16969,['4.68 USD'],0.00221,254.32 USD,True
BACKTESTER-001,MovingAverageCrossover-MA_CROSS,EUR/USD.IDEALPRO,IDEALPRO-001,O-20250627-191600-001-MA_CROSS-4296,O-20250627-191600-001-MA_CROSS-4298,BUY,FLAT,0.00,100000.00,1751051760000000000,2025-06-27 19:16:00+00:00,1751233680000000000,2025-06-29 21:48:00+00:00,181920000000000.0,1.170609999999,1.1731000000000003,['4.69 USD'],0.00213,244.31 USD,True
BACKTESTER-001,MovingAverageCrossover-MA_CROSS,EUR/USD.IDEALPRO,IDEALPRO-001,O-20250630-000200-001-MA_CROSS-4299,O-20250630-044600-001-MA_CROSS-4302,SELL,FLAT,0.00,100000.00,1751241720000000000,2025-06-30 00:02:00+00:00,1751258760000000000,2025-06-30 04:46:00+00:00,17040000000000.0,1.172650000001,1.1723999999990002,['4.69 USD'],0.00021,20.31 USD,True
BACKTESTER-001,MovingAverageCrossover-MA_CROSS,EUR/USD.IDEALPRO,IDEALPRO-001,O-20250630-060000-001-MA_CROSS-4303,O-20250630-063600-001-MA_CROSS-4306,SELL,FLAT,0.00,100000.00,1751263200000000000,2025-06-30 06:00:00+00:00,1751265360000000000,2025-06-30 06:36:00+00:00,2160000000000.0,1.1726300000010002,1.1733099999990002,['4.70 USD'],-0.00058,-72.70 USD,True
BACKTESTER-001,MovingAverageCrossover-MA_CROSS,EUR/USD.IDEALPRO,IDEALPRO-001,O-20250630-072400-001-MA_CROSS-4307,O-20250630-090000-001-MA_CROSS-4310,SELL,FLAT,0.00,100000.00,1751268240000000000,2025-06-30 07:24:00+00:00,1751274000000000000,2025-06-30 09:00:00+00:00,5760000000000.0,1.173330000001,1.172979999999,['4.70 USD'],0.0003,30.30 USD,True
BACKTESTER-001,MovingAverageCrossover-MA_CROSS,EUR/USD.IDEALPRO,IDEALPRO-001,O-20250630-094600-001-MA_CROSS-4311,O-20250630-103000-001-MA_CROSS-4314,SELL,FLAT,0.00,100000.00,1751276760000000000,2025-06-30 09:46:00+00:00,1751279400000000000,2025-06-30 10:30:00+00:00,2640000000000.0,1.171960000001,1.1723299999990002,['4.68 USD'],-0.00032,-41.68 USD,True
BACKTESTER-001,MovingAverageCrossover-MA_CROSS,EUR/USD.IDEALPRO,IDEALPRO-001,O-20250630-114600-001-MA_CROSS-4315,O-20250630-131600-001-MA_CROSS-4318,SELL,FLAT,0.00,100000.00,1751283960000000000,2025-06-30 11:46:00+00:00,1751289360000000000,2025-06-30 13:16:00+00:00,5400000000000.0,1.1724300000010002,1.171489999999,['4.68 USD'],0.0008,89.32 USD,True
BACKTESTER-001,MovingAverageCrossover-MA_CROSS,EUR/USD.IDEALPRO,IDEALPRO-001,O-20250701-044600-001-MA_CROSS-4319,O-20250701-053200-001-MA_CROSS-4322,SELL,FLAT,0.00,100000.00,1751345160000000000,2025-07-01 04:46:00+00:00,1751347920000000000,2025-07-01 05:32:00+00:00,2760000000000.0,1.178570000001,1.1788699999990002,['4.72 USD'],-0.00025,-34.72 USD,True
BACKTESTER-001,MovingAverageCrossover-MA_CROSS,EUR/USD.IDEALPRO,IDEALPRO-001,O-20250701-054800-001-MA_CROSS-4323,O-20250701-064600-001-MA_CROSS-4326,SELL,FLAT,0.00,100000.00,1751348880000000000,2025-07-01 05:48:00+00:00,1751352360000000000,2025-07-01 06:46:00+00:00,3480000000000.0,1.1783600000010002,1.1783599999990002,['4.72 USD'],0.0,-4.72 USD,True
BACKTESTER-001,MovingAverageCrossover-MA_CROSS,EUR/USD.IDEALPRO,IDEALPRO-001,O-20250701-070200-001-MA_CROSS-4327,O-20250701-070200-001-MA_CROSS-4328,SELL,FLAT,0.00,100000.00,1751353320000000000,2025-07-01 07:02:00+00:00,1751354220000000000,2025-07-01 07:17:00+00:00,900000000000.0,1.177500000001,1.178519999999,['4.71 USD'],-0.00087,-106.71 USD,True
BACKTESTER-001,MovingAverageCrossover-MA_CROSS,EUR/USD.IDEALPRO,IDEALPRO-001,O-20250701-071800-001-MA_CROSS-4330,O-20250701-071800-001-MA_CROSS-4331,BUY,FLAT,0.00,100000.00,1751354280000000000,2025-07-01 07:18:00+00:00,1751357520000000000,2025-07-01 08:12:00+00:00,3240000000000.0,1.1786299999990002,1.1776100000010001,['4.72 USD'],-0.00087,-106.72 USD,True
BACKTESTER-001,MovingAverageCrossover-MA_CROSS,EUR/USD.IDEALPRO,IDEALPRO-001,O-20250701-081600-001-MA_CROSS-4333,O-20250701-081600-001-MA_CROSS-4334,SELL,FLAT,0.00,100000.00,1751357760000000000,2025-07-01 08:16:00+00:00,1751358600000000000,2025-07-01 08:30:00+00:00,840000000000.0,1.1777800000010001,1.1787999999990002,['4.72 USD'],-0.00087,-106.72 USD,True
BACKTESTER-001,MovingAverageCrossover-MA_CROSS,EUR/USD.IDEALPRO,IDEALPRO-001,O-20250701-083000-001-MA_CROSS-4336,O-20250701-083000-001-MA_CROSS-4338,BUY,FLAT,0.00,100000.00,1751358600000000000,2025-07-01 08:30:00+00:00,1751360100000000000,2025-07-01 08:55:00+00:00,1500000000000.0,1.1788699999990002,1.18136,['4.72 USD'],0.00211,244.28 USD,True
BACKTESTER-001,MovingAverageCrossover-MA_CROSS,EUR/USD.IDEALPRO,IDEALPRO-001,O-20250701-110200-001-MA_CROSS-4339,O-20250701-114600-001-MA_CROSS-4342,SELL,FLAT,0.00,100000.00,1751367720000000000,2025-07-01 11:02:00+00:00,1751370360000000000,2025-07-01 11:46:00+00:00,2640000000000.0,1.1810000000010001,1.181829999999,['4.72 USD'],-0.0007,-87.72 USD,True
BACKTESTER-001,MovingAverageCrossover-MA_CROSS,EUR/USD.IDEALPRO,IDEALPRO-001,O-20250701-131600-001-MA_CROSS-4343,O-20250701-131600-001-MA_CROSS-4344,SELL,FLAT,0.00,100000.00,1751375760000000000,2025-07-01 13:16:00+00:00,1751377800000000000,2025-07-01 13:50:00+00:00,2040000000000.0,1.180110000001,1.1811299999990001,['4.72 USD'],-0.00086,-106.72 USD,True
BACKTESTER-001,MovingAverageCrossover-MA_CROSS,EUR/USD.IDEALPRO,IDEALPRO-001,O-20250701-140000-001-MA_CROSS-4346,O-20250701-140000-001-MA_CROSS-4347,BUY,FLAT,0.00,100000.00,1751378400000000000,2025-07-01 14:00:00+00:00,1751378460000000000,2025-07-01 14:01:00+00:00,60000000000.0,1.180279999999,1.179260000001,['4.72 USD'],-0.00086,-106.72 USD,True
BACKTESTER-001,MovingAverageCrossover-MA_CROSS,EUR/USD.IDEALPRO,IDEALPRO-001,O-20250701-141600-001-MA_CROSS-4349,O-20250701-141600-001-MA_CROSS-4351,SELL,FLAT,0.00,100000.00,1751379360000000000,2025-07-01 14:16:00+00:00,1751385840000000000,2025-07-01 16:04:00+00:00,6480000000000.0,1.179270000001,1.17678,['4.71 USD'],0.00211,244.29 USD,True
BACKTESTER-001,MovingAverageCrossover-MA_CROSS,EUR/USD.IDEALPRO,IDEALPRO-001,O-20250701-173000-001-MA_CROSS-4352,O-20250701-173000-001-MA_CROSS-4354,BUY,FLAT,0.00,100000.00,1751391000000000000,2025-07-01 17:30:00+00:00,1751401860000000000,2025-07-01 20:31:00+00:00,10860000000000.0,1.177729999999,1.18022,['4.72 USD'],0.00211,244.28 USD,True
BACKTESTER-001,MovingAverageCrossover-MA_CROSS,EUR/USD.IDEALPRO,IDEALPRO-001,O-20250702-001600-001-MA_CROSS-4355,O-20250702-010000-001-MA_CROSS-4358,SELL,FLAT,0.00,100000.00,1751415360000000000,2025-07-02 00:16:00+00:00,1751418000000000000,2025-07-02 01:00:00+00:00,2640000000000.0,1.180250000001,1.180779999999,['4.72 USD'],-0.00045,-57.72 USD,True
BACKTESTER-001,MovingAverageCrossover-MA_CROSS,EUR/USD.IDEALPRO,IDEALPRO-001,O-20250702-033000-001-MA_CROSS-4359,O-20250702-041400-001-MA_CROSS-4362,SELL,FLAT,0.00,100000.00,1751427000000000000,2025-07-02 03:30:00+00:00,1751429640000000000,2025-07-02 04:14:00+00:00,2640000000000.0,1.179840000001,1.180129999999,['4.72 USD'],-0.00025,-33.72 USD,True
BACKTESTER-001,MovingAverageCrossover-MA_CROSS,EUR/USD.IDEALPRO,IDEALPRO-001,O-20250702-044600-001-MA_CROSS-4363,O-20250702-071800-001-MA_CROSS-4366,SELL,FLAT,0.00,100000.00,1751431560000000000,2025-07-02 04:46:00+00:00,1751440680000000000,2025-07-02 07:18:00+00:00,9120000000000.0,1.1796800000010002,1.1783299999990002,['4.72 USD'],0.00114,130.28 USD,True
BACKTESTER-001,MovingAverageCrossover-MA_CROSS,EUR/USD.IDEALPRO,IDEALPRO-001,O-20250702-074200-001-MA_CROSS-4367,O-20250702-085200-001-MA_CROSS-4370,SELL,FLAT,0.00,100000.00,1751442120000000000,2025-07-02 07:42:00+00:00,1751446320000000000,2025-07-02 08:52:00+00:00,4200000000000.0,1.1776100000010001,1.177689999999,['4.72 USD'],-7e-05,-12.72 USD,True
BACKTESTER-001,MovingAverageCrossover-MA_CROSS,EUR/USD.IDEALPRO,IDEALPRO-001,O-20250702-090000-001-MA_CROSS-4371,O-20250702-101600-001-MA_CROSS-4374,SELL,FLAT,0.00,100000.00,1751446800000000000,2025-07-02 09:00:00+00:00,1751451360000000000,2025-07-02 10:16:00+00:00,4560000000000.0,1.1775500000010002,1.177959999999,['4.72 USD'],-0.00035,-45.72 USD,True
BACKTESTER-001,MovingAverageCrossover-MA_CROSS,EUR/USD.IDEALPRO,IDEALPRO-001,O-20250702-103600-001-MA_CROSS-4375,O-20250702-103600-001-MA_CROSS-4377,SELL,FLAT,0.00,100000.00,1751452560000000000,2025-07-02 10:36:00+00:00,1751457480000000000,2025-07-02 11:58:00+00:00,4920000000000.0,1.177460000001,1.17497,['4.70 USD'],0.00211,244.30 USD,True
BACKTESTER-001,MovingAverageCrossover-MA_CROSS,EUR/USD.IDEALPRO,IDEALPRO-001,O-20250702-131600-001-MA_CROSS-4378,O-20250702-131600-001-MA_CROSS-4379,BUY,FLAT,0.00,100000.00,1751462160000000000,2025-07-02 13:16:00+00:00,1751462760000000000,2025-07-02 13:26:00+00:00,600000000000.0,1.1773299999990001,1.176310000001,['4.70 USD'],-0.00087,-106.70 USD,True
BACKTESTER-001,MovingAverageCrossover-MA_CROSS,EUR/USD.IDEALPRO,IDEALPRO-001,O-20250702-133400-001-MA_CROSS-4381,O-20250702-133400-001-MA_CROSS-4382,SELL,FLAT,0.00,100000.00,1751463240000000000,2025-07-02 13:34:00+00:00,1751463660000000000,2025-07-02 13:41:00+00:00,420000000000.0,1.176300000001,1.1771499999989998,['4.70 USD'],-0.00072,-89.70 USD,True
BACKTESTER-001,MovingAverageCrossover-MA_CROSS,EUR/USD.IDEALPRO,IDEALPRO-001,O-20250702-134600-001-MA_CROSS-4384,O-20250702-134600-001-MA_CROSS-4385,BUY,FLAT,0.00,100000.00,1751463960000000000,2025-07-02 13:46:00+00:00,1751464560000000000,2025-07-02 13:56:00+00:00,600000000000.0,1.176979999999,1.175960000001,['4.70 USD'],-0.00087,-106.70 USD,True
BACKTESTER-001,MovingAverageCrossover-MA_CROSS,EUR/USD.IDEALPRO,IDEALPRO-001,O-20250702-140000-001-MA_CROSS-4387,O-20250702-140000-001-MA_CROSS-4388,SELL,FLAT,0.00,100000.00,1751464800000000000,2025-07-02 14:00:00+00:00,1751466420000000000,2025-07-02 14:27:00+00:00,1620000000000.0,1.1759800000010001,1.1769999999990002,['4.70 USD'],-0.00087,-106.70 USD,True
BACKTESTER-001,MovingAverageCrossover-MA_CROSS,EUR/USD.IDEALPRO,IDEALPRO-001,O-20250702-143200-001-MA_CROSS-4390,O-20250702-143200-001-MA_CROSS-4391,BUY,FLAT,0.00,100000.00,1751466720000000000,2025-07-02 14:32:00+00:00,1751467860000000000,2025-07-02 14:51:00+00:00,1140000000000.0,1.1763499999990001,1.175330000001,['4.70 USD'],-0.00087,-106.70 USD,True
BACKTESTER-001,MovingAverageCrossover-MA_CROSS,EUR/USD.IDEALPRO,IDEALPRO-001,O-20250702-145400-001-MA_CROSS-4393,O-20250702-145400-001-MA_CROSS-4394,SELL,FLAT,0.00,100000.00,1751468040000000000,2025-07-02 14:54:00+00:00,1751468220000000000,2025-07-02 14:57:00+00:00,180000000000.0,1.1757500000010002,1.1767699999990002,['4.70 USD'],-0.00087,-106.70 USD,True
BACKTESTER-001,MovingAverageCrossover-MA_CROSS,EUR/USD.IDEALPRO,IDEALPRO-001,O-20250702-150000-001-MA_CROSS-4396,O-20250702-150000-001-MA_CROSS-4398,BUY,FLAT,0.00,100000.00,1751468400000000000,2025-07-02 15:00:00+00:00,1751472540000000000,2025-07-02 16:09:00+00:00,4140000000000.0,1.176759999999,1.17925,['4.71 USD'],0.00212,244.29 USD,True
BACKTESTER-001,MovingAverageCrossover-MA_CROSS,EUR/USD.IDEALPRO,IDEALPRO-001,O-20250702-202600-001-MA_CROSS-4399,O-20250702-220600-001-MA_CROSS-4402,SELL,FLAT,0.00,100000.00,1751487960000000000,2025-07-02 20:26:00+00:00,1751493960000000000,2025-07-02 22:06:00+00:00,6000000000000.0,1.1797200000010002,1.179859999999,['4.72 USD'],-0.00012,-18.72 USD,True
BACKTESTER-001,MovingAverageCrossover-MA_CROSS,EUR/USD.IDEALPRO,IDEALPRO-001,O-20250703-032800-001-MA_CROSS-4403,O-20250703-060000-001-MA_CROSS-4406,SELL,FLAT,0.00,100000.00,1751513280000000000,2025-07-03 03:28:00+00:00,1751522400000000000,2025-07-03 06:00:00+00:00,9120000000000.0,1.1795100000010001,1.179619999999,['4.72 USD'],-9e-05,-15.72 USD,True
BACKTESTER-001,MovingAverageCrossover-MA_CROSS,EUR/USD.IDEALPRO,IDEALPRO-001,O-20250703-063400-001-MA_CROSS-4407,O-20250703-063400-001-MA_CROSS-4408,SELL,FLAT,0.00,100000.00,1751524440000000000,2025-07-03 06:34:00+00:00,1751526000000000000,2025-07-03 07:00:00+00:00,1560000000000.0,1.179230000001,1.180249999999,['4.72 USD'],-0.00086,-106.72 USD,True
BACKTESTER-001,MovingAverageCrossover-MA_CROSS,EUR/USD.IDEALPRO,IDEALPRO-001,O-20250703-070000-001-MA_CROSS-4410,O-20250703-083000-001-MA_CROSS-4413,BUY,FLAT,0.00,100000.00,1751526000000000000,2025-07-03 07:00:00+00:00,1751531400000000000,2025-07-03 08:30:00+00:00,5400000000000.0,1.180249999999,1.179940000001,['4.72 USD'],-0.00026,-35.72 USD,True
BACKTESTER-001,MovingAverageCrossover-MA_CROSS,EUR/USD.IDEALPRO,IDEALPRO-001,O-20250703-103000-001-MA_CROSS-4414,O-20250703-110200-001-MA_CROSS-4417,BUY,FLAT,0.00,100000.00,1751538600000000000,2025-07-03 10:30:00+00:00,1751540520000000000,2025-07-03 11:02:00+00:00,1920000000000.0,1.1797199999990002,1.1795500000010002,['4.72 USD'],-0.00014,-21.72 USD,True
BACKTESTER-001,MovingAverageCrossover-MA_CROSS,EUR/USD.IDEALPRO,IDEALPRO-001,O-20250703-131600-001-MA_CROSS-4418,O-20250703-131600-001-MA_CROSS-4420,BUY,FLAT,0.00,100000.00,1751548560000000000,2025-07-03 13:16:00+00:00,1751551260000000000,2025-07-03 14:01:00+00:00,2700000000000.0,1.1756499999990002,1.17814,['4.71 USD'],0.00212,244.29 USD,True
BACKTESTER-001,MovingAverageCrossover-MA_CROSS,EUR/USD.IDEALPRO,IDEALPRO-001,O-20250703-141600-001-MA_CROSS-4421,O-20250703-152200-001-MA_CROSS-4424,SELL,FLAT,0.00,100000.00,1751552160000000000,2025-07-03 14:16:00+00:00,1751556120000000000,2025-07-03 15:22:00+00:00,3960000000000.0,1.176040000001,1.1759399999990001,['4.70 USD'],9e-05,5.30 USD,True
BACKTESTER-001,MovingAverageCrossover-MA_CROSS,EUR/USD.IDEALPRO,IDEALPRO-001,O-20250703-155800-001-MA_CROSS-4425,O-20250703-170200-001-MA_CROSS-4428,SELL,FLAT,0.00,100000.00,1751558280000000000,2025-07-03 15:58:00+00:00,1751562120000000000,2025-07-03 17:02:00+00:00,3840000000000.0,1.1757100000010001,1.1751399999990002,['4.70 USD'],0.00048,52.30 USD,True
BACKTESTER-001,MovingAverageCrossover-MA_CROSS,EUR/USD.IDEALPRO,IDEALPRO-001,O-20250703-174600-001-MA_CROSS-4429,O-20250703-203000-001-MA_CROSS-4432,SELL,FLAT,0.00,100000.00,1751564760000000000,2025-07-03 17:46:00+00:00,1751574600000000000,2025-07-03 20:30:00+00:00,9840000000000.0,1.1753700000010001,1.175349999999,['4.70 USD'],2e-05,-2.70 USD,True
BACKTESTER-001,MovingAverageCrossover-MA_CROSS,EUR/USD.IDEALPRO,IDEALPRO-001,O-20250704-004600-001-MA_CROSS-4433,O-20250704-032200-001-MA_CROSS-4436,SELL,FLAT,0.00,100000.00,1751589960000000000,2025-07-04 00:46:00+00:00,1751599320000000000,2025-07-04 03:22:00+00:00,9360000000000.0,1.176520000001,1.1769299999990002,['4.70 USD'],-0.00035,-45.70 USD,True
BACKTESTER-001,MovingAverageCrossover-MA_CROSS,EUR/USD.IDEALPRO,IDEALPRO-001,O-20250704-063200-001-MA_CROSS-4437,O-20250704-065000-001-MA_CROSS-4440,SELL,FLAT,0.00,100000.00,1751610720000000000,2025-07-04 06:32:00+00:00,1751611800000000000,2025-07-04 06:50:00+00:00,1080000000000.0,1.1776800000010001,1.178179999999,['4.72 USD'],-0.00042,-54.72 USD,True
BACKTESTER-001,MovingAverageCrossover-MA_CROSS,EUR/USD.IDEALPRO,IDEALPRO-001,O-20250704-072000-001-MA_CROSS-4441,O-20250704-081600-001-MA_CROSS-4444,SELL,FLAT,0.00,100000.00,1751613600000000000,2025-07-04 07:20:00+00:00,1751616960000000000,2025-07-04 08:16:00+00:00,3360000000000.0,1.1776100000010001,1.1776499999990002,['4.72 USD'],-3e-05,-8.72 USD,True
BACKTESTER-001,MovingAverageCrossover-MA_CROSS,EUR/USD.IDEALPRO,IDEALPRO-001,O-20250704-083000-001-MA_CROSS-4445,O-20250704-084600-001-MA_CROSS-4448,SELL,FLAT,0.00,100000.00,1751617800000000000,2025-07-04 08:30:00+00:00,1751618760000000000,2025-07-04 08:46:00+00:00,960000000000.0,1.176960000001,1.177559999999,['4.71 USD'],-0.00051,-64.71 USD,True
BACKTESTER-001,MovingAverageCrossover-MA_CROSS,EUR/USD.IDEALPRO,IDEALPRO-001,O-20250704-104600-001-MA_CROSS-4449,O-20250704-110800-001-MA_CROSS-4452,SELL,FLAT,0.00,100000.00,1751625960000000000,2025-07-04 10:46:00+00:00,1751627280000000000,2025-07-04 11:08:00+00:00,1320000000000.0,1.177540000001,1.1780099999990001,['4.72 USD'],-0.0004,-51.72 USD,True
BACKTESTER-001,MovingAverageCrossover-MA_CROSS,EUR/USD.IDEALPRO,IDEALPRO-001,O-20250704-114600-001-MA_CROSS-4453,O-20250704-133200-001-MA_CROSS-4456,SELL,FLAT,0.00,100000.00,1751629560000000000,2025-07-04 11:46:00+00:00,1751635920000000000,2025-07-04 13:32:00+00:00,6360000000000.0,1.177430000001,1.1768899999990001,['4.70 USD'],0.00046,49.30 USD,True
BACKTESTER-001,MovingAverageCrossover-MA_CROSS,EUR/USD.IDEALPRO,IDEALPRO-001,O-20250704-144600-001-MA_CROSS-4457,O-20250704-153000-001-MA_CROSS-4460,SELL,FLAT,0.00,100000.00,1751640360000000000,2025-07-04 14:46:00+00:00,1751643000000000000,2025-07-04 15:30:00+00:00,2640000000000.0,1.177540000001,1.178239999999,['4.72 USD'],-0.00059,-74.72 USD,True
BACKTESTER-001,MovingAverageCrossover-MA_CROSS,EUR/USD.IDEALPRO,IDEALPRO-001,O-20250704-160400-001-MA_CROSS-4461,O-20250704-190200-001-MA_CROSS-4464,SELL,FLAT,0.00,100000.00,1751645040000000000,2025-07-04 16:04:00+00:00,1751655720000000000,2025-07-04 19:02:00+00:00,10680000000000.0,1.1778900000010002,1.177959999999,['4.72 USD'],-6e-05,-11.72 USD,True
BACKTESTER-001,MovingAverageCrossover-MA_CROSS,EUR/USD.IDEALPRO,IDEALPRO-001,O-20250704-193200-001-MA_CROSS-4465,O-20250704-201600-001-MA_CROSS-4468,SELL,FLAT,0.00,100000.00,1751657520000000000,2025-07-04 19:32:00+00:00,1751660160000000000,2025-07-04 20:16:00+00:00,2640000000000.0,1.177640000001,1.177939999999,['4.72 USD'],-0.00025,-34.72 USD,True
BACKTESTER-001,MovingAverageCrossover-MA_CROSS,EUR/USD.IDEALPRO,IDEALPRO-001,O-20250704-210000-001-MA_CROSS-4469,O-20250706-223600-001-MA_CROSS-4472,SELL,FLAT,0.00,100000.00,1751662800000000000,2025-07-04 21:00:00+00:00,1751841360000000000,2025-07-06 22:36:00+00:00,178560000000000.0,1.177490000001,1.1780999999989998,['4.71 USD'],-0.00052,-65.71 USD,True
BACKTESTER-001,MovingAverageCrossover-MA_CROSS,EUR/USD.IDEALPRO,IDEALPRO-001,O-20250707-004000-001-MA_CROSS-4473,O-20250707-033000-001-MA_CROSS-4476,SELL,FLAT,0.00,100000.00,1751848800000000000,2025-07-07 00:40:00+00:00,1751859000000000000,2025-07-07 03:30:00+00:00,10200000000000.0,1.177960000001,1.177359999999,['4.71 USD'],0.00051,55.29 USD,True
BACKTESTER-001,MovingAverageCrossover-MA_CROSS,EUR/USD.IDEALPRO,IDEALPRO-001,O-20250707-040200-001-MA_CROSS-4477,O-20250707-054600-001-MA_CROSS-4480,SELL,FLAT,0.00,100000.00,1751860920000000000,2025-07-07 04:02:00+00:00,1751867160000000000,2025-07-07 05:46:00+00:00,6240000000000.0,1.176960000001,1.177009999999,['4.70 USD'],-4e-05,-9.70 USD,True
BACKTESTER-001,MovingAverageCrossover-MA_CROSS,EUR/USD.IDEALPRO,IDEALPRO-001,O-20250707-061600-001-MA_CROSS-4481,O-20250707-061600-001-MA_CROSS-4483,SELL,FLAT,0.00,100000.00,1751868960000000000,2025-07-07 06:16:00+00:00,1751875680000000000,2025-07-07 08:08:00+00:00,6720000000000.0,1.176640000001,1.1741500000000002,['4.70 USD'],0.00212,244.30 USD,True
BACKTESTER-001,MovingAverageCrossover-MA_CROSS,EUR/USD.IDEALPRO,IDEALPRO-001,O-20250707-100200-001-MA_CROSS-4484,O-20250707-102800-001-MA_CROSS-4487,BUY,FLAT,0.00,100000.00,1751882520000000000,2025-07-07 10:02:00+00:00,1751884080000000000,2025-07-07 10:28:00+00:00,1560000000000.0,1.173389999999,1.172820000001,['4.70 USD'],-0.00049,-61.70 USD,True
BACKTESTER-001,MovingAverageCrossover-MA_CROSS,EUR/USD.IDEALPRO,IDEALPRO-001,O-20250707-114800-001-MA_CROSS-4488,O-20250707-114800-001-MA_CROSS-4489,BUY,FLAT,0.00,100000.00,1751888880000000000,2025-07-07 11:48:00+00:00,1751891220000000000,2025-07-07 12:27:00+00:00,2340000000000.0,1.173289999999,1.172270000001,['4.69 USD'],-0.00087,-106.69 USD,True
BACKTESTER-001,MovingAverageCrossover-MA_CROSS,EUR/USD.IDEALPRO,IDEALPRO-001,O-20250707-153400-001-MA_CROSS-4491,O-20250707-161600-001-MA_CROSS-4494,SELL,FLAT,0.00,100000.00,1751902440000000000,2025-07-07 15:34:00+00:00,1751904960000000000,2025-07-07 16:16:00+00:00,2520000000000.0,1.173430000001,1.173699999999,['4.70 USD'],-0.00023,-31.70 USD,True
BACKTESTER-001,MovingAverageCrossover-MA_CROSS,EUR/USD.IDEALPRO,IDEALPRO-001,O-20250707-163000-001-MA_CROSS-4495,O-20250707-163000-001-MA_CROSS-4497,SELL,FLAT,0.00,100000.00,1751905800000000000,2025-07-07 16:30:00+00:00,1751907300000000000,2025-07-07 16:55:00+00:00,1500000000000.0,1.1725700000009998,1.17008,['4.69 USD'],0.00212,244.31 USD,True
BACKTESTER-001,MovingAverageCrossover-MA_CROSS,EUR/USD.IDEALPRO,IDEALPRO-001,O-20250707-174600-001-MA_CROSS-4498,O-20250707-201600-001-MA_CROSS-4501,BUY,FLAT,0.00,100000.00,1751910360000000000,2025-07-07 17:46:00+00:00,1751919360000000000,2025-07-07 20:16:00+00:00,9000000000000.0,1.1707899999990001,1.171200000001,['4.68 USD'],0.00035,36.32 USD,True
BACKTESTER-001,MovingAverageCrossover-MA_CROSS,EUR/USD.IDEALPRO,IDEALPRO-001,O-20250707-221600-001-MA_CROSS-4502,O-20250707-221600-001-MA_CROSS-4504,BUY,FLAT,0.00,100000.00,1751926560000000000,2025-07-07 22:16:00+00:00,1751933220000000000,2025-07-08 00:07:00+00:00,6660000000000.0,1.171799999999,1.17429,['4.69 USD'],0.00212,244.31 USD,True
BACKTESTER-001,MovingAverageCrossover-MA_CROSS,EUR/USD.IDEALPRO,IDEALPRO-001,O-20250708-031400-001-MA_CROSS-4505,O-20250708-033000-001-MA_CROSS-4508,SELL,FLAT,0.00,100000.00,1751944440000000000,2025-07-08 03:14:00+00:00,1751945400000000000,2025-07-08 03:30:00+00:00,960000000000.0,1.1738500000010001,1.174609999999,['4.70 USD'],-0.00065,-80.70 USD,True
BACKTESTER-001,MovingAverageCrossover-MA_CROSS,EUR/USD.IDEALPRO,IDEALPRO-001,O-20250708-044600-001-MA_CROSS-4509,O-20250708-070000-001-MA_CROSS-4512,SELL,FLAT,0.00,100000.00,1751949960000000000,2025-07-08 04:46:00+00:00,1751958000000000000,2025-07-08 07:00:00+00:00,8040000000000.0,1.1742300000010002,1.174179999999,['4.70 USD'],4e-05,0.30 USD,True
BACKTESTER-001,MovingAverageCrossover-MA_CROSS,EUR/USD.IDEALPRO,IDEALPRO-001,O-20250708-084600-001-MA_CROSS-4513,O-20250708-084600-001-MA_CROSS-4515,SELL,FLAT,0.00,100000.00,1751964360000000000,2025-07-08 08:46:00+00:00,1751971680000000000,2025-07-08 10:48:00+00:00,7320000000000.0,1.174850000001,1.17236,['4.69 USD'],0.00212,244.31 USD,True
BACKTESTER-001,MovingAverageCrossover-MA_CROSS,EUR/USD.IDEALPRO,IDEALPRO-001,O-20250708-151600-001-MA_CROSS-4516,O-20250708-151600-001-MA_CROSS-4518,BUY,FLAT,0.00,100000.00,1751987760000000000,2025-07-08 15:16:00+00:00,1752000900000000000,2025-07-08 18:55:00+00:00,13140000000000.0,1.170279999999,1.17277,['4.69 USD'],0.00213,244.31 USD,True
BACKTESTER-001,MovingAverageCrossover-MA_CROSS,EUR/USD.IDEALPRO,IDEALPRO-001,O-20250708-194600-001-MA_CROSS-4519,O-20250708-201200-001-MA_CROSS-4522,SELL,FLAT,0.00,100000.00,1752003960000000000,2025-07-08 19:46:00+00:00,1752005520000000000,2025-07-08 20:12:00+00:00,1560000000000.0,1.1721500000010001,1.172709999999,['4.69 USD'],-0.00048,-60.69 USD,True
BACKTESTER-001,MovingAverageCrossover-MA_CROSS,EUR/USD.IDEALPRO,IDEALPRO-001,O-20250709-001200-001-MA_CROSS-4523,O-20250709-005000-001-MA_CROSS-4526,SELL,FLAT,0.00,100000.00,1752019920000000000,2025-07-09 00:12:00+00:00,1752022200000000000,2025-07-09 00:50:00+00:00,2280000000000.0,1.172030000001,1.1723799999989999,['4.68 USD'],-0.0003,-39.68 USD,True
BACKTESTER-001,MovingAverageCrossover-MA_CROSS,EUR/USD.IDEALPRO,IDEALPRO-001,O-20250709-031600-001-MA_CROSS-4527,O-20250709-031600-001-MA_CROSS-4528,SELL,FLAT,0.00,100000.00,1752030960000000000,2025-07-09 03:16:00+00:00,1752036900000000000,2025-07-09 04:55:00+00:00,5940000000000.0,1.1703200000010001,1.1713399999990002,['4.68 USD'],-0.00087,-106.68 USD,True
BACKTESTER-001,MovingAverageCrossover-MA_CROSS,EUR/USD.IDEALPRO,IDEALPRO-001,O-20250709-050000-001-MA_CROSS-4530,O-20250709-073400-001-MA_CROSS-4533,BUY,FLAT,0.00,100000.00,1752037200000000000,2025-07-09 05:00:00+00:00,1752046440000000000,2025-07-09 07:34:00+00:00,9240000000000.0,1.171259999999,1.1719900000010002,['4.68 USD'],0.00062,68.32 USD,True
BACKTESTER-001,MovingAverageCrossover-MA_CROSS,EUR/USD.IDEALPRO,IDEALPRO-001,O-20250709-083200-001-MA_CROSS-4534,O-20250709-093000-001-MA_CROSS-4537,BUY,FLAT,0.00,100000.00,1752049920000000000,2025-07-09 08:32:00+00:00,1752053400000000000,2025-07-09 09:30:00+00:00,3480000000000.0,1.171559999999,1.170990000001,['4.68 USD'],-0.00049,-61.68 USD,True
BACKTESTER-001,MovingAverageCrossover-MA_CROSS,EUR/USD.IDEALPRO,IDEALPRO-001,O-20250709-100000-001-MA_CROSS-4538,O-20250709-103400-001-MA_CROSS-4541,BUY,FLAT,0.00,100000.00,1752055200000000000,2025-07-09 10:00:00+00:00,1752057240000000000,2025-07-09 10:34:00+00:00,2040000000000.0,1.171359999999,1.1710400000010002,['4.68 USD'],-0.00027,-36.68 USD,True
BACKTESTER-001,MovingAverageCrossover-MA_CROSS,EUR/USD.IDEALPRO,IDEALPRO-001,O-20250709-130200-001-MA_CROSS-4542,O-20250709-134600-001-MA_CROSS-4545,BUY,FLAT,0.00,100000.00,1752066120000000000,2025-07-09 13:02:00+00:00,1752068760000000000,2025-07-09 13:46:00+00:00,2640000000000.0,1.171529999999,1.170660000001,['4.68 USD'],-0.00074,-91.68 USD,True
BACKTESTER-001,MovingAverageCrossover-MA_CROSS,EUR/USD.IDEALPRO,IDEALPRO-001,O-20250709-141600-001-MA_CROSS-4546,O-20250709-150200-001-MA_CROSS-4549,BUY,FLAT,0.00,100000.00,1752070560000000000,2025-07-09 14:16:00+00:00,1752073320000000000,2025-07-09 15:02:00+00:00,2760000000000.0,1.172009999999,1.171500000001,['4.68 USD'],-0.00044,-55.68 USD,True
BACKTESTER-001,MovingAverageCrossover-MA_CROSS,EUR/USD.IDEALPRO,IDEALPRO-001,O-20250709-171600-001-MA_CROSS-4550,O-20250709-174600-001-MA_CROSS-4553,BUY,FLAT,0.00,100000.00,1752081360000000000,2025-07-09 17:16:00+00:00,1752083160000000000,2025-07-09 17:46:00+00:00,1800000000000.0,1.170859999999,1.170650000001,['4.68 USD'],-0.00018,-25.68 USD,True
BACKTESTER-001,MovingAverageCrossover-MA_CROSS,EUR/USD.IDEALPRO,IDEALPRO-001,O-20250709-191200-001-MA_CROSS-4554,O-20250709-203000-001-MA_CROSS-4557,BUY,FLAT,0.00,100000.00,1752088320000000000,2025-07-09 19:12:00+00:00,1752093000000000000,2025-07-09 20:30:00+00:00,4680000000000.0,1.171629999999,1.171400000001,['4.68 USD'],-0.0002,-27.68 USD,True
BACKTESTER-001,MovingAverageCrossover-MA_CROSS,EUR/USD.IDEALPRO,IDEALPRO-001,O-20250709-204800-001-MA_CROSS-4558,O-20250709-204800-001-MA_CROSS-4560,BUY,FLAT,0.00,100000.00,1752094080000000000,2025-07-09 20:48:00+00:00,1752106260000000000,2025-07-10 00:11:00+00:00,12180000000000.0,1.1720399999989999,1.17453,['4.69 USD'],0.00212,244.31 USD,True
BACKTESTER-001,MovingAverageCrossover-MA_CROSS,EUR/USD.IDEALPRO,IDEALPRO-001,O-20250710-031600-001-MA_CROSS-4561,O-20250710-051600-001-MA_CROSS-4564,SELL,FLAT,0.00,100000.00,1752117360000000000,2025-07-10 03:16:00+00:00,1752124560000000000,2025-07-10 05:16:00+00:00,7200000000000.0,1.173710000001,1.1735999999989999,['4.70 USD'],9e-05,6.30 USD,True
BACKTESTER-001,MovingAverageCrossover-MA_CROSS,EUR/USD.IDEALPRO,IDEALPRO-001,O-20250710-064600-001-MA_CROSS-4565,O-20250710-093000-001-MA_CROSS-4568,SELL,FLAT,0.00,100000.00,1752129960000000000,2025-07-10 06:46:00+00:00,1752139800000000000,2025-07-10 09:30:00+00:00,9840000000000.0,1.173150000001,1.1732399999990002,['4.70 USD'],-8e-05,-13.70 USD,True
BACKTESTER-001,MovingAverageCrossover-MA_CROSS,EUR/USD.IDEALPRO,IDEALPRO-001,O-20250710-100600-001-MA_CROSS-4569,O-20250710-103400-001-MA_CROSS-4572,SELL,FLAT,0.00,100000.00,1752141960000000000,2025-07-10 10:06:00+00:00,1752143640000000000,2025-07-10 10:34:00+00:00,1680000000000.0,1.173050000001,1.1732099999990002,['4.70 USD'],-0.00014,-20.70 USD,True
BACKTESTER-001,MovingAverageCrossover-MA_CROSS,EUR/USD.IDEALPRO,IDEALPRO-001,O-20250710-110000-001-MA_CROSS-4573,O-20250710-110000-001-MA_CROSS-4575,SELL,FLAT,0.00,100000.00,1752145200000000000,2025-07-10 11:00:00+00:00,1752150660000000000,2025-07-10 12:31:00+00:00,5460000000000.0,1.1728300000010001,1.17034,['4.69 USD'],0.00212,244.31 USD,True
BACKTESTER-001,MovingAverageCrossover-MA_CROSS,EUR/USD.IDEALPRO,IDEALPRO-001,O-20250710-151600-001-MA_CROSS-4576,O-20250711-000600-001-MA_CROSS-4579,BUY,FLAT,0.00,100000.00,1752160560000000000,2025-07-10 15:16:00+00:00,1752192360000000000,2025-07-11 00:06:00+00:00,31800000000000.0,1.168269999999,1.1699900000010002,['4.68 USD'],0.00147,167.32 USD,True
BACKTESTER-001,MovingAverageCrossover-MA_CROSS,EUR/USD.IDEALPRO,IDEALPRO-001,O-20250711-031800-001-MA_CROSS-4580,O-20250711-041600-001-MA_CROSS-4583,BUY,FLAT,0.00,100000.00,1752203880000000000,2025-07-11 03:18:00+00:00,1752207360000000000,2025-07-11 04:16:00+00:00,3480000000000.0,1.167779999999,1.167780000001,['4.68 USD'],0.0,-4.68 USD,True
BACKTESTER-001,MovingAverageCrossover-MA_CROSS,EUR/USD.IDEALPRO,IDEALPRO-001,O-20250711-050200-001-MA_CROSS-4584,O-20250711-060000-001-MA_CROSS-4587,BUY,FLAT,0.00,100000.00,1752210120000000000,2025-07-11 05:02:00+00:00,1752213600000000000,2025-07-11 06:00:00+00:00,3480000000000.0,1.167729999999,1.167780000001,['4.68 USD'],4e-05,0.32 USD,True
BACKTESTER-001,MovingAverageCrossover-MA_CROSS,EUR/USD.IDEALPRO,IDEALPRO-001,O-20250711-063000-001-MA_CROSS-4588,O-20250711-070200-001-MA_CROSS-4591,BUY,FLAT,0.00,100000.00,1752215400000000000,2025-07-11 06:30:00+00:00,1752217320000000000,2025-07-11 07:02:00+00:00,1920000000000.0,1.1680899999990002,1.1678200000010002,['4.68 USD'],-0.00023,-31.68 USD,True
BACKTESTER-001,MovingAverageCrossover-MA_CROSS,EUR/USD.IDEALPRO,IDEALPRO-001,O-20250711-071600-001-MA_CROSS-4592,O-20250711-083000-001-MA_CROSS-4595,BUY,FLAT,0.00,100000.00,1752218160000000000,2025-07-11 07:16:00+00:00,1752222600000000000,2025-07-11 08:30:00+00:00,4440000000000.0,1.1692299999990001,1.168580000001,['4.68 USD'],-0.00056,-69.68 USD,True
BACKTESTER-001,MovingAverageCrossover-MA_CROSS,EUR/USD.IDEALPRO,IDEALPRO-001,O-20250711-091600-001-MA_CROSS-4596,O-20250711-093400-001-MA_CROSS-4599,BUY,FLAT,0.00,100000.00,1752225360000000000,2025-07-11 09:16:00+00:00,1752226440000000000,2025-07-11 09:34:00+00:00,1080000000000.0,1.168879999999,1.1682200000010001,['4.68 USD'],-0.00056,-70.68 USD,True
BACKTESTER-001,MovingAverageCrossover-MA_CROSS,EUR/USD.IDEALPRO,IDEALPRO-001,O-20250711-094600-001-MA_CROSS-4600,O-20250711-113000-001-MA_CROSS-4603,BUY,FLAT,0.00,100000.00,1752227160000000000,2025-07-11 09:46:00+00:00,1752233400000000000,2025-07-11 11:30:00+00:00,6240000000000.0,1.169049999999,1.1688300000010001,['4.68 USD'],-0.00019,-26.68 USD,True
BACKTESTER-001,MovingAverageCrossover-MA_CROSS,EUR/USD.IDEALPRO,IDEALPRO-001,O-20250711-132800-001-MA_CROSS-4604,O-20250711-140000-001-MA_CROSS-4607,BUY,FLAT,0.00,100000.00,1752240480000000000,2025-07-11 13:28:00+00:00,1752242400000000000,2025-07-11 14:00:00+00:00,1920000000000.0,1.169499999999,1.1688700000010002,['4.68 USD'],-0.00054,-67.68 USD,True
BACKTESTER-001,MovingAverageCrossover-MA_CROSS,EUR/USD.IDEALPRO,IDEALPRO-001,O-20250711-150000-001-MA_CROSS-4608,O-20250711-160200-001-MA_CROSS-4611,BUY,FLAT,0.00,100000.00,1752246000000000000,2025-07-11 15:00:00+00:00,1752249720000000000,2025-07-11 16:02:00+00:00,3720000000000.0,1.169219999999,1.1695400000010001,['4.68 USD'],0.00027,27.32 USD,True
BACKTESTER-001,MovingAverageCrossover-MA_CROSS,EUR/USD.IDEALPRO,IDEALPRO-001,O-20250711-174600-001-MA_CROSS-4612,O-20250711-190200-001-MA_CROSS-4615,BUY,FLAT,0.00,100000.00,1752255960000000000,2025-07-11 17:46:00+00:00,1752260520000000000,2025-07-11 19:02:00+00:00,4560000000000.0,1.169359999999,1.168730000001,['4.68 USD'],-0.00054,-67.68 USD,True
BACKTESTER-001,MovingAverageCrossover-MA_CROSS,EUR/USD.IDEALPRO,IDEALPRO-001,O-20250711-205000-001-MA_CROSS-4616,O-20250711-205000-001-MA_CROSS-4617,BUY,FLAT,0.00,100000.00,1752267000000000000,2025-07-11 20:50:00+00:00,1752441360000000000,2025-07-13 21:16:00+00:00,174360000000000.0,1.168609999999,1.1675900000009998,['4.68 USD'],-0.00087,-106.68 USD,True
BACKTESTER-001,MovingAverageCrossover-MA_CROSS,EUR/USD.IDEALPRO,IDEALPRO-001,O-20250713-223000-001-MA_CROSS-4619,O-20250713-223000-001-MA_CROSS-4620,SELL,FLAT,0.00,100000.00,1752445800000000000,2025-07-13 22:30:00+00:00,1752449400000000000,2025-07-13 23:30:00+00:00,3600000000000.0,1.166760000001,1.167779999999,['4.67 USD'],-0.00087,-106.67 USD,True
BACKTESTER-001,MovingAverageCrossover-MA_CROSS,EUR/USD.IDEALPRO,IDEALPRO-001,O-20250714-000200-001-MA_CROSS-4622,O-20250714-000200-001-MA_CROSS-4623,BUY,FLAT,0.00,100000.00,1752451320000000000,2025-07-14 00:02:00+00:00,1752460920000000000,2025-07-14 02:42:00+00:00,9600000000000.0,1.168359999999,1.1673400000010001,['4.67 USD'],-0.00087,-106.67 USD,True
BACKTESTER-001,MovingAverageCrossover-MA_CROSS,EUR/USD.IDEALPRO,IDEALPRO-001,O-20250714-042200-001-MA_CROSS-4625,O-20250714-044400-001-MA_CROSS-4628,SELL,FLAT,0.00,100000.00,1752466920000000000,2025-07-14 04:22:00+00:00,1752468240000000000,2025-07-14 04:44:00+00:00,1320000000000.0,1.1676200000010002,1.1679199999990002,['4.68 USD'],-0.00026,-34.68 USD,True
BACKTESTER-001,MovingAverageCrossover-MA_CROSS,EUR/USD.IDEALPRO,IDEALPRO-001,O-20250714-050200-001-MA_CROSS-4629,O-20250714-071600-001-MA_CROSS-4632,SELL,FLAT,0.00,100000.00,1752469320000000000,2025-07-14 05:02:00+00:00,1752477360000000000,2025-07-14 07:16:00+00:00,8040000000000.0,1.167370000001,1.1673699999990002,['4.66 USD'],0.0,-4.66 USD,True
BACKTESTER-001,MovingAverageCrossover-MA_CROSS,EUR/USD.IDEALPRO,IDEALPRO-001,O-20250714-104600-001-MA_CROSS-4633,O-20250714-110400-001-MA_CROSS-4636,SELL,FLAT,0.00,100000.00,1752489960000000000,2025-07-14 10:46:00+00:00,1752491040000000000,2025-07-14 11:04:00+00:00,1080000000000.0,1.1689700000010002,1.169429999999,['4.68 USD'],-0.00039,-50.68 USD,True
BACKTESTER-001,MovingAverageCrossover-MA_CROSS,EUR/USD.IDEALPRO,IDEALPRO-001,O-20250714-120000-001-MA_CROSS-4637,O-20250714-141400-001-MA_CROSS-4640,SELL,FLAT,0.00,100000.00,1752494400000000000,2025-07-14 12:00:00+00:00,1752502440000000000,2025-07-14 14:14:00+00:00,8040000000000.0,1.1688700000010002,1.168339999999,['4.68 USD'],0.00045,48.32 USD,True
BACKTESTER-001,MovingAverageCrossover-MA_CROSS,EUR/USD.IDEALPRO,IDEALPRO-001,O-20250714-150000-001-MA_CROSS-4641,O-20250714-153600-001-MA_CROSS-4644,SELL,FLAT,0.00,100000.00,1752505200000000000,2025-07-14 15:00:00+00:00,1752507360000000000,2025-07-14 15:36:00+00:00,2160000000000.0,1.1683400000009998,1.168929999999,['4.68 USD'],-0.0005,-63.68 USD,True
BACKTESTER-001,MovingAverageCrossover-MA_CROSS,EUR/USD.IDEALPRO,IDEALPRO-001,O-20250714-160000-001-MA_CROSS-4645,O-20250714-200800-001-MA_CROSS-4648,SELL,FLAT,0.00,100000.00,1752508800000000000,2025-07-14 16:00:00+00:00,1752523680000000000,2025-07-14 20:08:00+00:00,14880000000000.0,1.1671100000010002,1.166889999999,['4.66 USD'],0.00019,17.34 USD,True
BACKTESTER-001,MovingAverageCrossover-MA_CROSS,EUR/USD.IDEALPRO,IDEALPRO-001,O-20250714-204600-001-MA_CROSS-4649,O-20250714-222400-001-MA_CROSS-4652,SELL,FLAT,0.00,100000.00,1752525960000000000,2025-07-14 20:46:00+00:00,1752531840000000000,2025-07-14 22:24:00+00:00,5880000000000.0,1.166630000001,1.166719999999,['4.66 USD'],-8e-05,-13.66 USD,True
BACKTESTER-001,MovingAverageCrossover-MA_CROSS,EUR/USD.IDEALPRO,IDEALPRO-001,O-20250715-063000-001-MA_CROSS-4653,O-20250715-073000-001-MA_CROSS-4656,SELL,FLAT,0.00,100000.00,1752561000000000000,2025-07-15 06:30:00+00:00,1752564600000000000,2025-07-15 07:30:00+00:00,3600000000000.0,1.168130000001,1.168409999999,['4.68 USD'],-0.00024,-32.68 USD,True
BACKTESTER-001,MovingAverageCrossover-MA_CROSS,EUR/USD.IDEALPRO,IDEALPRO-001,O-20250715-084600-001-MA_CROSS-4657,O-20250715-091000-001-MA_CROSS-4660,SELL,FLAT,0.00,100000.00,1752569160000000000,2025-07-15 08:46:00+00:00,1752570600000000000,2025-07-15 09:10:00+00:00,1440000000000.0,1.168510000001,1.168949999999,['4.68 USD'],-0.00038,-48.68 USD,True
BACKTESTER-001,MovingAverageCrossover-MA_CROSS,EUR/USD.IDEALPRO,IDEALPRO-001,O-20250715-093000-001-MA_CROSS-4661,O-20250715-110000-001-MA_CROSS-4664,SELL,FLAT,0.00,100000.00,1752571800000000000,2025-07-15 09:30:00+00:00,1752577200000000000,2025-07-15 11:00:00+00:00,5400000000000.0,1.168450000001,1.168389999999,['4.68 USD'],5e-05,1.32 USD,True
BACKTESTER-001,MovingAverageCrossover-MA_CROSS,EUR/USD.IDEALPRO,IDEALPRO-001,O-20250715-111600-001-MA_CROSS-4665,O-20250715-111600-001-MA_CROSS-4666,SELL,FLAT,0.00,100000.00,1752578160000000000,2025-07-15 11:16:00+00:00,1752582720000000000,2025-07-15 12:32:00+00:00,4560000000000.0,1.1676500000010002,1.1686699999990002,['4.68 USD'],-0.00087,-106.68 USD,True
BACKTESTER-001,MovingAverageCrossover-MA_CROSS,EUR/USD.IDEALPRO,IDEALPRO-001,O-20250715-130200-001-MA_CROSS-4668,O-20250715-130200-001-MA_CROSS-4669,BUY,FLAT,0.00,100000.00,1752584520000000000,2025-07-15 13:02:00+00:00,1752585060000000000,2025-07-15 13:11:00+00:00,540000000000.0,1.167699999999,1.166680000001,['4.67 USD'],-0.00087,-106.67 USD,True
BACKTESTER-001,MovingAverageCrossover-MA_CROSS,EUR/USD.IDEALPRO,IDEALPRO-001,O-20250715-131600-001-MA_CROSS-4671,O-20250715-131600-001-MA_CROSS-4673,SELL,FLAT,0.00,100000.00,1752585360000000000,2025-07-15 13:16:00+00:00,1752586560000000000,2025-07-15 13:36:00+00:00,1200000000000.0,1.166880000001,1.16439,['4.66 USD'],0.00213,244.34 USD,True
BACKTESTER-001,MovingAverageCrossover-MA_CROSS,EUR/USD.IDEALPRO,IDEALPRO-001,O-20250715-190200-001-MA_CROSS-4674,O-20250715-192400-001-MA_CROSS-4677,BUY,FLAT,0.00,100000.00,1752606120000000000,2025-07-15 19:02:00+00:00,1752607440000000000,2025-07-15 19:24:00+00:00,1320000000000.0,1.160339999999,1.160030000001,['4.64 USD'],-0.00027,-35.64 USD,True
BACKTESTER-001,MovingAverageCrossover-MA_CROSS,EUR/USD.IDEALPRO,IDEALPRO-001,O-20250715-200800-001-MA_CROSS-4678,O-20250715-205000-001-MA_CROSS-4681,BUY,FLAT,0.00,100000.00,1752610080000000000,2025-07-15 20:08:00+00:00,1752612600000000000,2025-07-15 20:50:00+00:00,2520000000000.0,1.160369999999,1.160000000001,['4.64 USD'],-0.00032,-41.64 USD,True
BACKTESTER-001,MovingAverageCrossover-MA_CROSS,EUR/USD.IDEALPRO,IDEALPRO-001,O-20250715-221600-001-MA_CROSS-4682,O-20250716-001600-001-MA_CROSS-4685,BUY,FLAT,0.00,100000.00,1752617760000000000,2025-07-15 22:16:00+00:00,1752624960000000000,2025-07-16 00:16:00+00:00,7200000000000.0,1.1602499999990001,1.160370000001,['4.64 USD'],0.0001,7.36 USD,True
BACKTESTER-001,MovingAverageCrossover-MA_CROSS,EUR/USD.IDEALPRO,IDEALPRO-001,O-20250716-004200-001-MA_CROSS-4686,O-20250716-034600-001-MA_CROSS-4689,BUY,FLAT,0.00,100000.00,1752626520000000000,2025-07-16 00:42:00+00:00,1752637560000000000,2025-07-16 03:46:00+00:00,11040000000000.0,1.161079999999,1.160960000001,['4.64 USD'],-0.0001,-16.64 USD,True
BACKTESTER-001,MovingAverageCrossover-MA_CROSS,EUR/USD.IDEALPRO,IDEALPRO-001,O-20250716-042400-001-MA_CROSS-4690,O-20250716-073400-001-MA_CROSS-4693,BUY,FLAT,0.00,100000.00,1752639840000000000,2025-07-16 04:24:00+00:00,1752651240000000000,2025-07-16 07:34:00+00:00,11400000000000.0,1.1613299999989999,1.1622600000010002,['4.64 USD'],0.0008,88.36 USD,True
BACKTESTER-001,MovingAverageCrossover-MA_CROSS,EUR/USD.IDEALPRO,IDEALPRO-001,O-20250716-081200-001-MA_CROSS-4694,O-20250716-091600-001-MA_CROSS-4697,BUY,FLAT,0.00,100000.00,1752653520000000000,2025-07-16 08:12:00+00:00,1752657360000000000,2025-07-16 09:16:00+00:00,3840000000000.0,1.162279999999,1.1619900000010002,['4.64 USD'],-0.00025,-33.64 USD,True
BACKTESTER-001,MovingAverageCrossover-MA_CROSS,EUR/USD.IDEALPRO,IDEALPRO-001,O-20250716-104600-001-MA_CROSS-4698,O-20250716-112200-001-MA_CROSS-4701,BUY,FLAT,0.00,100000.00,1752662760000000000,2025-07-16 10:46:00+00:00,1752664920000000000,2025-07-16 11:22:00+00:00,2160000000000.0,1.1616199999990002,1.1614600000009998,['4.64 USD'],-0.00014,-20.64 USD,True
BACKTESTER-001,MovingAverageCrossover-MA_CROSS,EUR/USD.IDEALPRO,IDEALPRO-001,O-20250716-150000-001-MA_CROSS-4702,O-20250716-150000-001-MA_CROSS-4704,BUY,FLAT,0.00,100000.00,1752678000000000000,2025-07-16 15:00:00+00:00,1752678660000000000,2025-07-16 15:11:00+00:00,660000000000.0,1.1592999999990001,1.16179,['4.64 USD'],0.00215,244.36 USD,True
BACKTESTER-001,MovingAverageCrossover-MA_CROSS,EUR/USD.IDEALPRO,IDEALPRO-001,O-20250716-160000-001-MA_CROSS-4705,O-20250716-160000-001-MA_CROSS-4706,SELL,FLAT,0.00,100000.00,1752681600000000000,2025-07-16 16:00:00+00:00,1752682080000000000,2025-07-16 16:08:00+00:00,480000000000.0,1.1628700000010002,1.1638899999990002,['4.66 USD'],-0.00088,-106.66 USD,True
BACKTESTER-001,MovingAverageCrossover-MA_CROSS,EUR/USD.IDEALPRO,IDEALPRO-001,O-20250716-170200-001-MA_CROSS-4708,O-20250716-175600-001-MA_CROSS-4711,BUY,FLAT,0.00,100000.00,1752685320000000000,2025-07-16 17:02:00+00:00,1752688560000000000,2025-07-16 17:56:00+00:00,3240000000000.0,1.1639099999990001,1.1638900000010002,['4.66 USD'],-2e-05,-6.66 USD,True
BACKTESTER-001,MovingAverageCrossover-MA_CROSS,EUR/USD.IDEALPRO,IDEALPRO-001,O-20250716-200000-001-MA_CROSS-4712,O-20250716-224600-001-MA_CROSS-4715,BUY,FLAT,0.00,100000.00,1752696000000000000,2025-07-16 20:00:00+00:00,1752705960000000000,2025-07-16 22:46:00+00:00,9960000000000.0,1.163609999999,1.1635900000009998,['4.66 USD'],-2e-05,-6.66 USD,True
BACKTESTER-001,MovingAverageCrossover-MA_CROSS,EUR/USD.IDEALPRO,IDEALPRO-001,O-20250717-040000-001-MA_CROSS-4716,O-20250717-060000-001-MA_CROSS-4719,BUY,FLAT,0.00,100000.00,1752724800000000000,2025-07-17 04:00:00+00:00,1752732000000000000,2025-07-17 06:00:00+00:00,7200000000000.0,1.161909999999,1.161680000001,['4.64 USD'],-0.0002,-27.64 USD,True
BACKTESTER-001,MovingAverageCrossover-MA_CROSS,EUR/USD.IDEALPRO,IDEALPRO-001,O-20250717-073000-001-MA_CROSS-4720,O-20250717-100000-001-MA_CROSS-4723,BUY,FLAT,0.00,100000.00,1752737400000000000,2025-07-17 07:30:00+00:00,1752746400000000000,2025-07-17 10:00:00+00:00,9000000000000.0,1.1591299999990001,1.1590700000010001,['4.64 USD'],-5e-05,-10.64 USD,True
BACKTESTER-001,MovingAverageCrossover-MA_CROSS,EUR/USD.IDEALPRO,IDEALPRO-001,O-20250717-143000-001-MA_CROSS-4724,O-20250717-164600-001-MA_CROSS-4727,BUY,FLAT,0.00,100000.00,1752762600000000000,2025-07-17 14:30:00+00:00,1752770760000000000,2025-07-17 16:46:00+00:00,8160000000000.0,1.159119999999,1.1586600000010001,['4.64 USD'],-0.0004,-50.64 USD,True
BACKTESTER-001,MovingAverageCrossover-MA_CROSS,EUR/USD.IDEALPRO,IDEALPRO-001,O-20250717-191600-001-MA_CROSS-4728,O-20250717-191600-001-MA_CROSS-4730,BUY,FLAT,0.00,100000.00,1752779760000000000,2025-07-17 19:16:00+00:00,1752792180000000000,2025-07-17 22:43:00+00:00,12420000000000.0,1.1592099999990002,1.1617,['4.64 USD'],0.00215,244.36 USD,True
BACKTESTER-001,MovingAverageCrossover-MA_CROSS,EUR/USD.IDEALPRO,IDEALPRO-001,O-20250718-033000-001-MA_CROSS-4731,O-20250718-064600-001-MA_CROSS-4734,SELL,FLAT,0.00,100000.00,1752809400000000000,2025-07-18 03:30:00+00:00,1752821160000000000,2025-07-18 06:46:00+00:00,11760000000000.0,1.1627400000010002,1.161829999999,['4.65 USD'],0.00078,86.35 USD,True
BACKTESTER-001,MovingAverageCrossover-MA_CROSS,EUR/USD.IDEALPRO,IDEALPRO-001,O-20250718-095000-001-MA_CROSS-4735,O-20250718-102000-001-MA_CROSS-4738,SELL,FLAT,0.00,100000.00,1752832200000000000,2025-07-18 09:50:00+00:00,1752834000000000000,2025-07-18 10:20:00+00:00,1800000000000.0,1.1634800000010002,1.1636799999990002,['4.66 USD'],-0.00017,-24.66 USD,True
BACKTESTER-001,MovingAverageCrossover-MA_CROSS,EUR/USD.IDEALPRO,IDEALPRO-001,O-20250718-141800-001-MA_CROSS-4739,O-20250718-153000-001-MA_CROSS-4742,SELL,FLAT,0.00,100000.00,1752848280000000000,2025-07-18 14:18:00+00:00,1752852600000000000,2025-07-18 15:30:00+00:00,4320000000000.0,1.165150000001,1.165509999999,['4.66 USD'],-0.00031,-40.66 USD,True
BACKTESTER-001,MovingAverageCrossover-MA_CROSS,EUR/USD.IDEALPRO,IDEALPRO-001,O-20250718-155000-001-MA_CROSS-4743,O-20250718-155000-001-MA_CROSS-4745,SELL,FLAT,0.00,100000.00,1752853800000000000,2025-07-18 15:50:00+00:00,1752859440000000000,2025-07-18 17:24:00+00:00,5640000000000.0,1.1648300000010001,1.16234,['4.65 USD'],0.00214,244.35 USD,True
BACKTESTER-001,MovingAverageCrossover-MA_CROSS,EUR/USD.IDEALPRO,IDEALPRO-001,O-20250718-200000-001-MA_CROSS-4746,O-20250720-223000-001-MA_CROSS-4749,BUY,FLAT,0.00,100000.00,1752868800000000000,2025-07-18 20:00:00+00:00,1753050600000000000,2025-07-20 22:30:00+00:00,181800000000000.0,1.1622599999990002,1.1628400000010002,['4.65 USD'],0.0005,53.35 USD,True
BACKTESTER-001,MovingAverageCrossover-MA_CROSS,EUR/USD.IDEALPRO,IDEALPRO-001,O-20250721-001200-001-MA_CROSS-4750,O-20250721-003200-001-MA_CROSS-4753,BUY,FLAT,0.00,100000.00,1753056720000000000,2025-07-21 00:12:00+00:00,1753057920000000000,2025-07-21 00:32:00+00:00,1200000000000.0,1.163229999999,1.1627300000010001,['4.66 USD'],-0.00043,-54.66 USD,True
BACKTESTER-001,MovingAverageCrossover-MA_CROSS,EUR/USD.IDEALPRO,IDEALPRO-001,O-20250721-030400-001-MA_CROSS-4754,O-20250721-030400-001-MA_CROSS-4756,BUY,FLAT,0.00,100000.00,1753067040000000000,2025-07-21 03:04:00+00:00,1753081500000000000,2025-07-21 07:05:00+00:00,14460000000000.0,1.1622199999990002,1.16471,['4.65 USD'],0.00214,244.35 USD,True
BACKTESTER-001,MovingAverageCrossover-MA_CROSS,EUR/USD.IDEALPRO,IDEALPRO-001,O-20250721-073400-001-MA_CROSS-4757,O-20250721-080200-001-MA_CROSS-4760,SELL,FLAT,0.00,100000.00,1753083240000000000,2025-07-21 07:34:00+00:00,1753084920000000000,2025-07-21 08:02:00+00:00,1680000000000.0,1.163570000001,1.164239999999,['4.66 USD'],-0.00058,-71.66 USD,True
BACKTESTER-001,MovingAverageCrossover-MA_CROSS,EUR/USD.IDEALPRO,IDEALPRO-001,O-20250721-082000-001-MA_CROSS-4761,O-20250721-082000-001-MA_CROSS-4762,SELL,FLAT,0.00,100000.00,1753086000000000000,2025-07-21 08:20:00+00:00,1753086900000000000,2025-07-21 08:35:00+00:00,900000000000.0,1.163660000001,1.164679999999,['4.66 USD'],-0.00088,-106.66 USD,True
BACKTESTER-001,MovingAverageCrossover-MA_CROSS,EUR/USD.IDEALPRO,IDEALPRO-001,O-20250721-084600-001-MA_CROSS-4764,O-20250721-090400-001-MA_CROSS-4767,BUY,FLAT,0.00,100000.00,1753087560000000000,2025-07-21 08:46:00+00:00,1753088640000000000,2025-07-21 09:04:00+00:00,1080000000000.0,1.164929999999,1.164180000001,['4.66 USD'],-0.00064,-79.66 USD,True
BACKTESTER-001,MovingAverageCrossover-MA_CROSS,EUR/USD.IDEALPRO,IDEALPRO-001,O-20250721-094800-001-MA_CROSS-4768,O-20250721-101400-001-MA_CROSS-4771,BUY,FLAT,0.00,100000.00,1753091280000000000,2025-07-21 09:48:00+00:00,1753092840000000000,2025-07-21 10:14:00+00:00,1560000000000.0,1.164579999999,1.1639200000010002,['4.66 USD'],-0.00057,-70.66 USD,True
BACKTESTER-001,MovingAverageCrossover-MA_CROSS,EUR/USD.IDEALPRO,IDEALPRO-001,O-20250721-105000-001-MA_CROSS-4772,O-20250721-105000-001-MA_CROSS-4774,BUY,FLAT,0.00,100000.00,1753095000000000000,2025-07-21 10:50:00+00:00,1753098600000000000,2025-07-21 11:50:00+00:00,3600000000000.0,1.1642499999990001,1.16674,['4.66 USD'],0.00214,244.34 USD,True
BACKTESTER-001,MovingAverageCrossover-MA_CROSS,EUR/USD.IDEALPRO,IDEALPRO-001,O-20250721-193400-001-MA_CROSS-4775,O-20250721-204600-001-MA_CROSS-4778,SELL,FLAT,0.00,100000.00,1753126440000000000,2025-07-21 19:34:00+00:00,1753130760000000000,2025-07-21 20:46:00+00:00,4320000000000.0,1.169200000001,1.1691599999989999,['4.68 USD'],3e-05,-0.68 USD,True
BACKTESTER-001,MovingAverageCrossover-MA_CROSS,EUR/USD.IDEALPRO,IDEALPRO-001,O-20250722-001600-001-MA_CROSS-4779,O-20250722-004600-001-MA_CROSS-4782,SELL,FLAT,0.00,100000.00,1753143360000000000,2025-07-22 00:16:00+00:00,1753145160000000000,2025-07-22 00:46:00+00:00,1800000000000.0,1.1684600000010001,1.169259999999,['4.68 USD'],-0.00068,-84.68 USD,True
BACKTESTER-001,MovingAverageCrossover-MA_CROSS,EUR/USD.IDEALPRO,IDEALPRO-001,O-20250722-031600-001-MA_CROSS-4783,O-20250722-034800-001-MA_CROSS-4786,SELL,FLAT,0.00,100000.00,1753154160000000000,2025-07-22 03:16:00+00:00,1753156080000000000,2025-07-22 03:48:00+00:00,1920000000000.0,1.168620000001,1.1690099999990002,['4.68 USD'],-0.00033,-43.68 USD,True
BACKTESTER-001,MovingAverageCrossover-MA_CROSS,EUR/USD.IDEALPRO,IDEALPRO-001,O-20250722-050200-001-MA_CROSS-4787,O-20250722-061400-001-MA_CROSS-4790,SELL,FLAT,0.00,100000.00,1753160520000000000,2025-07-22 05:02:00+00:00,1753164840000000000,2025-07-22 06:14:00+00:00,4320000000000.0,1.168960000001,1.168949999999,['4.68 USD'],1e-05,-3.68 USD,True
BACKTESTER-001,MovingAverageCrossover-MA_CROSS,EUR/USD.IDEALPRO,IDEALPRO-001,O-20250722-071600-001-MA_CROSS-4791,O-20250722-073800-001-MA_CROSS-4794,SELL,FLAT,0.00,100000.00,1753168560000000000,2025-07-22 07:16:00+00:00,1753169880000000000,2025-07-22 07:38:00+00:00,1320000000000.0,1.168580000001,1.168979999999,['4.68 USD'],-0.00034,-44.68 USD,True
BACKTESTER-001,MovingAverageCrossover-MA_CROSS,EUR/USD.IDEALPRO,IDEALPRO-001,O-20250722-080000-001-MA_CROSS-4795,O-20250722-082400-001-MA_CROSS-4798,SELL,FLAT,0.00,100000.00,1753171200000000000,2025-07-22 08:00:00+00:00,1753172640000000000,2025-07-22 08:24:00+00:00,1440000000000.0,1.168590000001,1.1691699999990002,['4.68 USD'],-0.0005,-62.68 USD,True
BACKTESTER-001,MovingAverageCrossover-MA_CROSS,EUR/USD.IDEALPRO,IDEALPRO-001,O-20250722-110200-001-MA_CROSS-4799,O-20250722-134200-001-MA_CROSS-4802,SELL,FLAT,0.00,100000.00,1753182120000000000,2025-07-22 11:02:00+00:00,1753191720000000000,2025-07-22 13:42:00+00:00,9600000000000.0,1.1701900000010002,1.169429999999,['4.68 USD'],0.00065,71.32 USD,True
BACKTESTER-001,MovingAverageCrossover-MA_CROSS,EUR/USD.IDEALPRO,IDEALPRO-001,O-20250722-174600-001-MA_CROSS-4803,O-20250722-191600-001-MA_CROSS-4806,SELL,FLAT,0.00,100000.00,1753206360000000000,2025-07-22 17:46:00+00:00,1753211760000000000,2025-07-22 19:16:00+00:00,5400000000000.0,1.1745300000010002,1.174949999999,['4.70 USD'],-0.00036,-46.70 USD,True
BACKTESTER-001,MovingAverageCrossover-MA_CROSS,EUR/USD.IDEALPRO,IDEALPRO-001,O-20250722-201600-001-MA_CROSS-4807,O-20250722-204400-001-MA_CROSS-4810,SELL,FLAT,0.00,100000.00,1753215360000000000,2025-07-22 20:16:00+00:00,1753217040000000000,2025-07-22 20:44:00+00:00,1680000000000.0,1.1747300000010001,1.175239999999,['4.70 USD'],-0.00043,-55.70 USD,True
BACKTESTER-001,MovingAverageCrossover-MA_CROSS,EUR/USD.IDEALPRO,IDEALPRO-001,O-20250722-220800-001-MA_CROSS-4811,O-20250723-010000-001-MA_CROSS-4814,SELL,FLAT,0.00,100000.00,1753222080000000000,2025-07-22 22:08:00+00:00,1753232400000000000,2025-07-23 01:00:00+00:00,10320000000000.0,1.174820000001,1.1747299999990002,['4.70 USD'],8e-05,4.30 USD,True
BACKTESTER-001,MovingAverageCrossover-MA_CROSS,EUR/USD.IDEALPRO,IDEALPRO-001,O-20250723-040000-001-MA_CROSS-4815,O-20250723-063400-001-MA_CROSS-4818,SELL,FLAT,0.00,100000.00,1753243200000000000,2025-07-23 04:00:00+00:00,1753252440000000000,2025-07-23 06:34:00+00:00,9240000000000.0,1.173910000001,1.173529999999,['4.70 USD'],0.00032,33.30 USD,True
BACKTESTER-001,MovingAverageCrossover-MA_CROSS,EUR/USD.IDEALPRO,IDEALPRO-001,O-20250723-074600-001-MA_CROSS-4819,O-20250723-074600-001-MA_CROSS-4820,SELL,FLAT,0.00,100000.00,1753256760000000000,2025-07-23 07:46:00+00:00,1753258140000000000,2025-07-23 08:09:00+00:00,1380000000000.0,1.1735200000009998,1.174539999999,['4.70 USD'],-0.00087,-106.70 USD,True
BACKTESTER-001,MovingAverageCrossover-MA_CROSS,EUR/USD.IDEALPRO,IDEALPRO-001,O-20250723-081000-001-MA_CROSS-4822,O-20250723-081000-001-MA_CROSS-4823,BUY,FLAT,0.00,100000.00,1753258200000000000,2025-07-23 08:10:00+00:00,1753259640000000000,2025-07-23 08:34:00+00:00,1440000000000.0,1.1745899999990002,1.173570000001,['4.70 USD'],-0.00087,-106.70 USD,True
BACKTESTER-001,MovingAverageCrossover-MA_CROSS,EUR/USD.IDEALPRO,IDEALPRO-001,O-20250723-083400-001-MA_CROSS-4825,O-20250723-100000-001-MA_CROSS-4828,SELL,FLAT,0.00,100000.00,1753259640000000000,2025-07-23 08:34:00+00:00,1753264800000000000,2025-07-23 10:00:00+00:00,5160000000000.0,1.173570000001,1.1735999999989999,['4.70 USD'],-3e-05,-7.70 USD,True
BACKTESTER-001,MovingAverageCrossover-MA_CROSS,EUR/USD.IDEALPRO,IDEALPRO-001,O-20250723-101600-001-MA_CROSS-4829,O-20250723-104800-001-MA_CROSS-4832,SELL,FLAT,0.00,100000.00,1753265760000000000,2025-07-23 10:16:00+00:00,1753267680000000000,2025-07-23 10:48:00+00:00,1920000000000.0,1.172980000001,1.173249999999,['4.70 USD'],-0.00023,-31.70 USD,True
BACKTESTER-001,MovingAverageCrossover-MA_CROSS,EUR/USD.IDEALPRO,IDEALPRO-001,O-20250723-110000-001-MA_CROSS-4833,O-20250723-114600-001-MA_CROSS-4836,SELL,FLAT,0.00,100000.00,1753268400000000000,2025-07-23 11:00:00+00:00,1753271160000000000,2025-07-23 11:46:00+00:00,2760000000000.0,1.172590000001,1.172849999999,['4.70 USD'],-0.00022,-30.70 USD,True
BACKTESTER-001,MovingAverageCrossover-MA_CROSS,EUR/USD.IDEALPRO,IDEALPRO-001,O-20250723-133400-001-MA_CROSS-4837,O-20250723-133400-001-MA_CROSS-4838,SELL,FLAT,0.00,100000.00,1753277640000000000,2025-07-23 13:34:00+00:00,1753279140000000000,2025-07-23 13:59:00+00:00,1500000000000.0,1.171640000001,1.1726599999990002,['4.69 USD'],-0.00087,-106.69 USD,True
BACKTESTER-001,MovingAverageCrossover-MA_CROSS,EUR/USD.IDEALPRO,IDEALPRO-001,O-20250723-140000-001-MA_CROSS-4840,O-20250723-154600-001-MA_CROSS-4843,BUY,FLAT,0.00,100000.00,1753279200000000000,2025-07-23 14:00:00+00:00,1753285560000000000,2025-07-23 15:46:00+00:00,6360000000000.0,1.172639999999,1.172580000001,['4.70 USD'],-5e-05,-10.70 USD,True
BACKTESTER-001,MovingAverageCrossover-MA_CROSS,EUR/USD.IDEALPRO,IDEALPRO-001,O-20250723-160000-001-MA_CROSS-4844,O-20250723-160000-001-MA_CROSS-4846,BUY,FLAT,0.00,100000.00,1753286400000000000,2025-07-23 16:00:00+00:00,1753295340000000000,2025-07-23 18:29:00+00:00,8940000000000.0,1.174679999999,1.17717,['4.70 USD'],0.00212,244.30 USD,True
BACKTESTER-001,MovingAverageCrossover-MA_CROSS,EUR/USD.IDEALPRO,IDEALPRO-001,O-20250723-210000-001-MA_CROSS-4847,O-20250723-223200-001-MA_CROSS-4850,SELL,FLAT,0.00,100000.00,1753304400000000000,2025-07-23 21:00:00+00:00,1753309920000000000,2025-07-23 22:32:00+00:00,5520000000000.0,1.1771000000010001,1.1774699999990001,['4.70 USD'],-0.00031,-41.70 USD,True
BACKTESTER-001,MovingAverageCrossover-MA_CROSS,EUR/USD.IDEALPRO,IDEALPRO-001,O-20250724-000200-001-MA_CROSS-4851,O-20250724-030200-001-MA_CROSS-4854,SELL,FLAT,0.00,100000.00,1753315320000000000,2025-07-24 00:02:00+00:00,1753326120000000000,2025-07-24 03:02:00+00:00,10800000000000.0,1.177140000001,1.1778399999990001,['4.71 USD'],-0.00059,-74.71 USD,True
BACKTESTER-001,MovingAverageCrossover-MA_CROSS,EUR/USD.IDEALPRO,IDEALPRO-001,O-20250724-040200-001-MA_CROSS-4855,O-20250724-053200-001-MA_CROSS-4858,SELL,FLAT,0.00,100000.00,1753329720000000000,2025-07-24 04:02:00+00:00,1753335120000000000,2025-07-24 05:32:00+00:00,5400000000000.0,1.177390000001,1.177629999999,['4.71 USD'],-0.0002,-28.71 USD,True
BACKTESTER-001,MovingAverageCrossover-MA_CROSS,EUR/USD.IDEALPRO,IDEALPRO-001,O-20250724-060000-001-MA_CROSS-4859,O-20250724-071600-001-MA_CROSS-4862,SELL,FLAT,0.00,100000.00,1753336800000000000,2025-07-24 06:00:00+00:00,1753341360000000000,2025-07-24 07:16:00+00:00,4560000000000.0,1.1771000000010001,1.176579999999,['4.70 USD'],0.00044,47.30 USD,True
BACKTESTER-001,MovingAverageCrossover-MA_CROSS,EUR/USD.IDEALPRO,IDEALPRO-001,O-20250724-074800-001-MA_CROSS-4863,O-20250724-082000-001-MA_CROSS-4866,SELL,FLAT,0.00,100000.00,1753343280000000000,2025-07-24 07:48:00+00:00,1753345200000000000,2025-07-24 08:20:00+00:00,1920000000000.0,1.1760600000010002,1.176679999999,['4.70 USD'],-0.00053,-66.70 USD,True
BACKTESTER-001,MovingAverageCrossover-MA_CROSS,EUR/USD.IDEALPRO,IDEALPRO-001,O-20250724-090000-001-MA_CROSS-4867,O-20250724-115200-001-MA_CROSS-4870,SELL,FLAT,0.00,100000.00,1753347600000000000,2025-07-24 09:00:00+00:00,1753357920000000000,2025-07-24 11:52:00+00:00,10320000000000.0,1.175800000001,1.175489999999,['4.70 USD'],0.00026,26.30 USD,True
BACKTESTER-001,MovingAverageCrossover-MA_CROSS,EUR/USD.IDEALPRO,IDEALPRO-001,O-20250724-130200-001-MA_CROSS-4871,O-20250724-130200-001-MA_CROSS-4872,SELL,FLAT,0.00,100000.00,1753362120000000000,2025-07-24 13:02:00+00:00,1753362360000000000,2025-07-24 13:06:00+00:00,240000000000.0,1.173340000001,1.1743599999990002,['4.70 USD'],-0.00087,-106.70 USD,True
BACKTESTER-001,MovingAverageCrossover-MA_CROSS,EUR/USD.IDEALPRO,IDEALPRO-001,O-20250724-131600-001-MA_CROSS-4874,O-20250724-131600-001-MA_CROSS-4876,BUY,FLAT,0.00,100000.00,1753362960000000000,2025-07-24 13:16:00+00:00,1753365780000000000,2025-07-24 14:03:00+00:00,2820000000000.0,1.175239999999,1.17773,['4.71 USD'],0.00212,244.29 USD,True
BACKTESTER-001,MovingAverageCrossover-MA_CROSS,EUR/USD.IDEALPRO,IDEALPRO-001,O-20250724-150000-001-MA_CROSS-4877,O-20250724-150000-001-MA_CROSS-4878,SELL,FLAT,0.00,100000.00,1753369200000000000,2025-07-24 15:00:00+00:00,1753370760000000000,2025-07-24 15:26:00+00:00,1560000000000.0,1.1766000000010002,1.177619999999,['4.71 USD'],-0.00087,-106.71 USD,True
BACKTESTER-001,MovingAverageCrossover-MA_CROSS,EUR/USD.IDEALPRO,IDEALPRO-001,O-20250724-153000-001-MA_CROSS-4880,O-20250724-153000-001-MA_CROSS-4881,BUY,FLAT,0.00,100000.00,1753371000000000000,2025-07-24 15:30:00+00:00,1753371540000000000,2025-07-24 15:39:00+00:00,540000000000.0,1.1775799999990002,1.176560000001,['4.71 USD'],-0.00087,-106.71 USD,True
BACKTESTER-001,MovingAverageCrossover-MA_CROSS,EUR/USD.IDEALPRO,IDEALPRO-001,O-20250724-160200-001-MA_CROSS-4883,O-20250724-171600-001-MA_CROSS-4886,SELL,FLAT,0.00,100000.00,1753372920000000000,2025-07-24 16:02:00+00:00,1753377360000000000,2025-07-24 17:16:00+00:00,4440000000000.0,1.176480000001,1.176759999999,['4.70 USD'],-0.00024,-32.70 USD,True
BACKTESTER-001,MovingAverageCrossover-MA_CROSS,EUR/USD.IDEALPRO,IDEALPRO-001,O-20250724-191200-001-MA_CROSS-4887,O-20250724-193000-001-MA_CROSS-4890,SELL,FLAT,0.00,100000.00,1753384320000000000,2025-07-24 19:12:00+00:00,1753385400000000000,2025-07-24 19:30:00+00:00,1080000000000.0,1.176390000001,1.176749999999,['4.70 USD'],-0.00031,-40.70 USD,True
BACKTESTER-001,MovingAverageCrossover-MA_CROSS,EUR/USD.IDEALPRO,IDEALPRO-001,O-20250724-195400-001-MA_CROSS-4891,O-20250724-224800-001-MA_CROSS-4894,SELL,FLAT,0.00,100000.00,1753386840000000000,2025-07-24 19:54:00+00:00,1753397280000000000,2025-07-24 22:48:00+00:00,10440000000000.0,1.176250000001,1.1751099999990002,['4.70 USD'],0.00097,109.30 USD,True
BACKTESTER-001,MovingAverageCrossover-MA_CROSS,EUR/USD.IDEALPRO,IDEALPRO-001,O-20250725-001600-001-MA_CROSS-4895,O-20250725-003400-001-MA_CROSS-4898,SELL,FLAT,0.00,100000.00,1753402560000000000,2025-07-25 00:16:00+00:00,1753403640000000000,2025-07-25 00:34:00+00:00,1080000000000.0,1.1750700000010001,1.175699999999,['4.70 USD'],-0.00054,-67.70 USD,True
BACKTESTER-001,MovingAverageCrossover-MA_CROSS,EUR/USD.IDEALPRO,IDEALPRO-001,O-20250725-031600-001-MA_CROSS-4899,O-20250725-034600-001-MA_CROSS-4902,SELL,FLAT,0.00,100000.00,1753413360000000000,2025-07-25 03:16:00+00:00,1753415160000000000,2025-07-25 03:46:00+00:00,1800000000000.0,1.173830000001,1.1744599999990002,['4.70 USD'],-0.00054,-67.70 USD,True
BACKTESTER-001,MovingAverageCrossover-MA_CROSS,EUR/USD.IDEALPRO,IDEALPRO-001,O-20250725-044600-001-MA_CROSS-4903,O-20250725-054000-001-MA_CROSS-4906,SELL,FLAT,0.00,100000.00,1753418760000000000,2025-07-25 04:46:00+00:00,1753422000000000000,2025-07-25 05:40:00+00:00,3240000000000.0,1.1739200000010002,1.174409999999,['4.70 USD'],-0.00042,-53.70 USD,True
BACKTESTER-001,MovingAverageCrossover-MA_CROSS,EUR/USD.IDEALPRO,IDEALPRO-001,O-20250725-070000-001-MA_CROSS-4907,O-20250725-070000-001-MA_CROSS-4908,SELL,FLAT,0.00,100000.00,1753426800000000000,2025-07-25 07:00:00+00:00,1753427760000000000,2025-07-25 07:16:00+00:00,960000000000.0,1.174780000001,1.175799999999,['4.70 USD'],-0.00087,-106.70 USD,True
BACKTESTER-001,MovingAverageCrossover-MA_CROSS,EUR/USD.IDEALPRO,IDEALPRO-001,O-20250725-074600-001-MA_CROSS-4910,O-20250725-074600-001-MA_CROSS-4911,BUY,FLAT,0.00,100000.00,1753429560000000000,2025-07-25 07:46:00+00:00,1753431120000000000,2025-07-25 08:12:00+00:00,1560000000000.0,1.175559999999,1.174540000001,['4.70 USD'],-0.00087,-106.70 USD,True
BACKTESTER-001,MovingAverageCrossover-MA_CROSS,EUR/USD.IDEALPRO,IDEALPRO-001,O-20250725-081200-001-MA_CROSS-4913,O-20250725-081200-001-MA_CROSS-4915,SELL,FLAT,0.00,100000.00,1753431120000000000,2025-07-25 08:12:00+00:00,1753442040000000000,2025-07-25 11:14:00+00:00,10920000000000.0,1.174550000001,1.17206,['4.69 USD'],0.00212,244.31 USD,True
BACKTESTER-001,MovingAverageCrossover-MA_CROSS,EUR/USD.IDEALPRO,IDEALPRO-001,O-20250725-120000-001-MA_CROSS-4916,O-20250725-120000-001-MA_CROSS-4917,BUY,FLAT,0.00,100000.00,1753444800000000000,2025-07-25 12:00:00+00:00,1753448760000000000,2025-07-25 13:06:00+00:00,3960000000000.0,1.1721099999990001,1.171090000001,['4.68 USD'],-0.00087,-106.68 USD,True
BACKTESTER-001,MovingAverageCrossover-MA_CROSS,EUR/USD.IDEALPRO,IDEALPRO-001,O-20250725-131600-001-MA_CROSS-4919,O-20250725-131600-001-MA_CROSS-4920,SELL,FLAT,0.00,100000.00,1753449360000000000,2025-07-25 13:16:00+00:00,1753449660000000000,2025-07-25 13:21:00+00:00,300000000000.0,1.1717500000010002,1.1727699999990002,['4.69 USD'],-0.00087,-106.69 USD,True
BACKTESTER-001,MovingAverageCrossover-MA_CROSS,EUR/USD.IDEALPRO,IDEALPRO-001,O-20250725-140200-001-MA_CROSS-4922,O-20250725-162000-001-MA_CROSS-4925,BUY,FLAT,0.00,100000.00,1753452120000000000,2025-07-25 14:02:00+00:00,1753460400000000000,2025-07-25 16:20:00+00:00,8280000000000.0,1.1726299999990002,1.1723200000010001,['4.69 USD'],-0.00026,-35.69 USD,True
BACKTESTER-001,MovingAverageCrossover-MA_CROSS,EUR/USD.IDEALPRO,IDEALPRO-001,O-20250725-164600-001-MA_CROSS-4926,O-20250725-201600-001-MA_CROSS-4929,BUY,FLAT,0.00,100000.00,1753461960000000000,2025-07-25 16:46:00+00:00,1753474560000000000,2025-07-25 20:16:00+00:00,12600000000000.0,1.172949999999,1.173940000001,['4.70 USD'],0.00084,94.30 USD,True
BACKTESTER-001,MovingAverageCrossover-MA_CROSS,EUR/USD.IDEALPRO,IDEALPRO-001,O-20250728-001600-001-MA_CROSS-4930,O-20250728-001600-001-MA_CROSS-4931,BUY,FLAT,0.00,100000.00,1753661760000000000,2025-07-28 00:16:00+00:00,1753663080000000000,2025-07-28 00:38:00+00:00,1320000000000.0,1.1767999999990002,1.1757800000010001,['4.70 USD'],-0.00087,-106.70 USD,True
BACKTESTER-001,MovingAverageCrossover-MA_CROSS,EUR/USD.IDEALPRO,IDEALPRO-001,O-20250728-004600-001-MA_CROSS-4933,O-20250728-004600-001-MA_CROSS-4934,SELL,FLAT,0.00,100000.00,1753663560000000000,2025-07-28 00:46:00+00:00,1753664520000000000,2025-07-28 01:02:00+00:00,960000000000.0,1.175700000001,1.1767199999990001,['4.70 USD'],-0.00087,-106.70 USD,True
BACKTESTER-001,MovingAverageCrossover-MA_CROSS,EUR/USD.IDEALPRO,IDEALPRO-001,O-20250728-030600-001-MA_CROSS-4936,O-20250728-033000-001-MA_CROSS-4939,BUY,FLAT,0.00,100000.00,1753671960000000000,2025-07-28 03:06:00+00:00,1753673400000000000,2025-07-28 03:30:00+00:00,1440000000000.0,1.1755699999990001,1.175230000001,['4.70 USD'],-0.00029,-38.70 USD,True
BACKTESTER-001,MovingAverageCrossover-MA_CROSS,EUR/USD.IDEALPRO,IDEALPRO-001,O-20250728-034600-001-MA_CROSS-4940,O-20250728-043000-001-MA_CROSS-4943,BUY,FLAT,0.00,100000.00,1753674360000000000,2025-07-28 03:46:00+00:00,1753677000000000000,2025-07-28 04:30:00+00:00,2640000000000.0,1.1755999999990001,1.175160000001,['4.70 USD'],-0.00037,-48.70 USD,True
BACKTESTER-001,MovingAverageCrossover-MA_CROSS,EUR/USD.IDEALPRO,IDEALPRO-001,O-20250728-143000-001-MA_CROSS-4944,O-20250728-150000-001-MA_CROSS-4947,BUY,FLAT,0.00,100000.00,1753713000000000000,2025-07-28 14:30:00+00:00,1753714800000000000,2025-07-28 15:00:00+00:00,1800000000000.0,1.1643199999990002,1.1637100000010001,['4.66 USD'],-0.00052,-65.66 USD,True
BACKTESTER-001,MovingAverageCrossover-MA_CROSS,EUR/USD.IDEALPRO,IDEALPRO-001,O-20250728-190200-001-MA_CROSS-4948,O-20250728-192200-001-MA_CROSS-4951,BUY,FLAT,0.00,100000.00,1753729320000000000,2025-07-28 19:02:00+00:00,1753730520000000000,2025-07-28 19:22:00+00:00,1200000000000.0,1.1593499999990002,1.158970000001,['4.64 USD'],-0.00033,-42.64 USD,True
BACKTESTER-001,MovingAverageCrossover-MA_CROSS,EUR/USD.IDEALPRO,IDEALPRO-001,O-20250728-203000-001-MA_CROSS-4952,O-20250728-205400-001-MA_CROSS-4955,BUY,FLAT,0.00,100000.00,1753734600000000000,2025-07-28 20:30:00+00:00,1753736040000000000,2025-07-28 20:54:00+00:00,1440000000000.0,1.159329999999,1.1588300000010001,['4.64 USD'],-0.00043,-54.64 USD,True
BACKTESTER-001,MovingAverageCrossover-MA_CROSS,EUR/USD.IDEALPRO,IDEALPRO-001,O-20250728-221200-001-MA_CROSS-4956,O-20250729-002600-001-MA_CROSS-4959,BUY,FLAT,0.00,100000.00,1753740720000000000,2025-07-28 22:12:00+00:00,1753748760000000000,2025-07-29 00:26:00+00:00,8040000000000.0,1.159259999999,1.158970000001,['4.64 USD'],-0.00025,-33.64 USD,True
BACKTESTER-001,MovingAverageCrossover-MA_CROSS,EUR/USD.IDEALPRO,IDEALPRO-001,O-20250729-050000-001-MA_CROSS-4960,O-20250729-050000-001-MA_CROSS-4961,BUY,FLAT,0.00,100000.00,1753765200000000000,2025-07-29 05:00:00+00:00,1753768560000000000,2025-07-29 05:56:00+00:00,3360000000000.0,1.1588899999989999,1.157870000001,['4.64 USD'],-0.00088,-106.64 USD,True
BACKTESTER-001,MovingAverageCrossover-MA_CROSS,EUR/USD.IDEALPRO,IDEALPRO-001,O-20250729-060000-001-MA_CROSS-4963,O-20250729-060000-001-MA_CROSS-4965,SELL,FLAT,0.00,100000.00,1753768800000000000,2025-07-29 06:00:00+00:00,1753771860000000000,2025-07-29 06:51:00+00:00,3060000000000.0,1.157850000001,1.15536,['4.63 USD'],0.00215,244.37 USD,True
BACKTESTER-001,MovingAverageCrossover-MA_CROSS,EUR/USD.IDEALPRO,IDEALPRO-001,O-20250729-080000-001-MA_CROSS-4966,O-20250729-080000-001-MA_CROSS-4968,BUY,FLAT,0.00,100000.00,1753776000000000000,2025-07-29 08:00:00+00:00,1753781340000000000,2025-07-29 09:29:00+00:00,5340000000000.0,1.155489999999,1.1579800000000002,['4.63 USD'],0.00215,244.37 USD,True
BACKTESTER-001,MovingAverageCrossover-MA_CROSS,EUR/USD.IDEALPRO,IDEALPRO-001,O-20250729-110000-001-MA_CROSS-4969,O-20250729-110000-001-MA_CROSS-4971,SELL,FLAT,0.00,100000.00,1753786800000000000,2025-07-29 11:00:00+00:00,1753789140000000000,2025-07-29 11:39:00+00:00,2340000000000.0,1.1574100000010001,1.15492,['4.62 USD'],0.00215,244.38 USD,True
BACKTESTER-001,MovingAverageCrossover-MA_CROSS,EUR/USD.IDEALPRO,IDEALPRO-001,O-20250729-140000-001-MA_CROSS-4972,O-20250729-140000-001-MA_CROSS-4973,BUY,FLAT,0.00,100000.00,1753797600000000000,2025-07-29 14:00:00+00:00,1753797960000000000,2025-07-29 14:06:00+00:00,360000000000.0,1.1545599999990002,1.153540000001,['4.62 USD'],-0.00088,-106.62 USD,True
BACKTESTER-001,MovingAverageCrossover-MA_CROSS,EUR/USD.IDEALPRO,IDEALPRO-001,O-20250729-141600-001-MA_CROSS-4975,O-20250729-141600-001-MA_CROSS-4976,SELL,FLAT,0.00,100000.00,1753798560000000000,2025-07-29 14:16:00+00:00,1753799040000000000,2025-07-29 14:24:00+00:00,480000000000.0,1.1531100000010002,1.1541299999990002,['4.62 USD'],-0.00088,-106.62 USD,True
BACKTESTER-001,MovingAverageCrossover-MA_CROSS,EUR/USD.IDEALPRO,IDEALPRO-001,O-20250729-143400-001-MA_CROSS-4978,O-20250729-143400-001-MA_CROSS-4979,BUY,FLAT,0.00,100000.00,1753799640000000000,2025-07-29 14:34:00+00:00,1753800780000000000,2025-07-29 14:53:00+00:00,1140000000000.0,1.153849999999,1.152830000001,['4.62 USD'],-0.00088,-106.62 USD,True
BACKTESTER-001,MovingAverageCrossover-MA_CROSS,EUR/USD.IDEALPRO,IDEALPRO-001,O-20250729-150000-001-MA_CROSS-4981,O-20250729-150000-001-MA_CROSS-4982,SELL,FLAT,0.00,100000.00,1753801200000000000,2025-07-29 15:00:00+00:00,1753802220000000000,2025-07-29 15:17:00+00:00,1020000000000.0,1.152280000001,1.153299999999,['4.61 USD'],-0.00089,-106.61 USD,True
BACKTESTER-001,MovingAverageCrossover-MA_CROSS,EUR/USD.IDEALPRO,IDEALPRO-001,O-20250729-153000-001-MA_CROSS-4984,O-20250729-153000-001-MA_CROSS-4985,BUY,FLAT,0.00,100000.00,1753803000000000000,2025-07-29 15:30:00+00:00,1753804680000000000,2025-07-29 15:58:00+00:00,1680000000000.0,1.153759999999,1.1527400000010002,['4.62 USD'],-0.00088,-106.62 USD,True
BACKTESTER-001,MovingAverageCrossover-MA_CROSS,EUR/USD.IDEALPRO,IDEALPRO-001,O-20250729-174800-001-MA_CROSS-4987,O-20250729-190200-001-MA_CROSS-4990,SELL,FLAT,0.00,100000.00,1753811280000000000,2025-07-29 17:48:00+00:00,1753815720000000000,2025-07-29 19:02:00+00:00,4440000000000.0,1.1548300000010001,1.154989999999,['4.62 USD'],-0.00014,-20.62 USD,True
BACKTESTER-001,MovingAverageCrossover-MA_CROSS,EUR/USD.IDEALPRO,IDEALPRO-001,O-20250729-200000-001-MA_CROSS-4991,O-20250730-000200-001-MA_CROSS-4994,SELL,FLAT,0.00,100000.00,1753819200000000000,2025-07-29 20:00:00+00:00,1753833720000000000,2025-07-30 00:02:00+00:00,14520000000000.0,1.154990000001,1.155369999999,['4.62 USD'],-0.00033,-42.62 USD,True
BACKTESTER-001,MovingAverageCrossover-MA_CROSS,EUR/USD.IDEALPRO,IDEALPRO-001,O-20250730-033600-001-MA_CROSS-4995,O-20250730-063000-001-MA_CROSS-4998,SELL,FLAT,0.00,100000.00,1753846560000000000,2025-07-30 03:36:00+00:00,1753857000000000000,2025-07-30 06:30:00+00:00,10440000000000.0,1.156270000001,1.155219999999,['4.62 USD'],0.00091,100.38 USD,True
BACKTESTER-001,MovingAverageCrossover-MA_CROSS,EUR/USD.IDEALPRO,IDEALPRO-001,O-20250730-074600-001-MA_CROSS-4999,O-20250730-083200-001-MA_CROSS-5002,SELL,FLAT,0.00,100000.00,1753861560000000000,2025-07-30 07:46:00+00:00,1753864320000000000,2025-07-30 08:32:00+00:00,2760000000000.0,1.1555900000009998,1.155569999999,['4.62 USD'],2e-05,-2.62 USD,True
BACKTESTER-001,MovingAverageCrossover-MA_CROSS,EUR/USD.IDEALPRO,IDEALPRO-001,O-20250730-091800-001-MA_CROSS-5003,O-20250730-091800-001-MA_CROSS-5005,SELL,FLAT,0.00,100000.00,1753867080000000000,2025-07-30 09:18:00+00:00,1753875180000000000,2025-07-30 11:33:00+00:00,8100000000000.0,1.155400000001,1.15291,['4.62 USD'],0.00216,244.38 USD,True
BACKTESTER-001,MovingAverageCrossover-MA_CROSS,EUR/USD.IDEALPRO,IDEALPRO-001,O-20250730-165400-001-MA_CROSS-5006,O-20250730-165400-001-MA_CROSS-5008,BUY,FLAT,0.00,100000.00,1753894440000000000,2025-07-30 16:54:00+00:00,1753900560000000000,2025-07-30 18:36:00+00:00,6120000000000.0,1.147359999999,1.14985,['4.59 USD'],0.00217,244.41 USD,True
BACKTESTER-001,MovingAverageCrossover-MA_CROSS,EUR/USD.IDEALPRO,IDEALPRO-001,O-20250730-190200-001-MA_CROSS-5009,O-20250730-190200-001-MA_CROSS-5011,SELL,FLAT,0.00,100000.00,1753902120000000000,2025-07-30 19:02:00+00:00,1753907040000000000,2025-07-30 20:24:00+00:00,4920000000000.0,1.1432800000010002,1.1407900000000002,['4.57 USD'],0.00218,244.43 USD,True
BACKTESTER-001,MovingAverageCrossover-MA_CROSS,EUR/USD.IDEALPRO,IDEALPRO-001,O-20250730-221600-001-MA_CROSS-5012,O-20250731-031800-001-MA_CROSS-5015,BUY,FLAT,0.00,100000.00,1753913760000000000,2025-07-30 22:16:00+00:00,1753931880000000000,2025-07-31 03:18:00+00:00,18120000000000.0,1.1417599999990002,1.1422000000010002,['4.56 USD'],0.00039,39.44 USD,True
BACKTESTER-001,MovingAverageCrossover-MA_CROSS,EUR/USD.IDEALPRO,IDEALPRO-001,O-20250731-035400-001-MA_CROSS-5016,O-20250731-035400-001-MA_CROSS-5018,BUY,FLAT,0.00,100000.00,1753934040000000000,2025-07-31 03:54:00+00:00,1753942680000000000,2025-07-31 06:18:00+00:00,8640000000000.0,1.142009999999,1.1445,['4.57 USD'],0.00218,244.43 USD,True
BACKTESTER-001,MovingAverageCrossover-MA_CROSS,EUR/USD.IDEALPRO,IDEALPRO-001,O-20250731-073000-001-MA_CROSS-5019,O-20250731-073000-001-MA_CROSS-5020,SELL,FLAT,0.00,100000.00,1753947000000000000,2025-07-31 07:30:00+00:00,1753948620000000000,2025-07-31 07:57:00+00:00,1620000000000.0,1.1439600000010002,1.1449799999990002,['4.58 USD'],-0.00089,-106.58 USD,True
BACKTESTER-001,MovingAverageCrossover-MA_CROSS,EUR/USD.IDEALPRO,IDEALPRO-001,O-20250731-080000-001-MA_CROSS-5022,O-20250731-083000-001-MA_CROSS-5025,BUY,FLAT,0.00,100000.00,1753948800000000000,2025-07-31 08:00:00+00:00,1753950600000000000,2025-07-31 08:30:00+00:00,1800000000000.0,1.144889999999,1.144350000001,['4.58 USD'],-0.00047,-58.58 USD,True
BACKTESTER-001,MovingAverageCrossover-MA_CROSS,EUR/USD.IDEALPRO,IDEALPRO-001,O-20250731-090200-001-MA_CROSS-5026,O-20250731-092200-001-MA_CROSS-5029,BUY,FLAT,0.00,100000.00,1753952520000000000,2025-07-31 09:02:00+00:00,1753953720000000000,2025-07-31 09:22:00+00:00,1200000000000.0,1.144539999999,1.143810000001,['4.58 USD'],-0.00064,-77.58 USD,True
BACKTESTER-001,MovingAverageCrossover-MA_CROSS,EUR/USD.IDEALPRO,IDEALPRO-001,O-20250731-110000-001-MA_CROSS-5030,O-20250731-110000-001-MA_CROSS-5031,BUY,FLAT,0.00,100000.00,1753959600000000000,2025-07-31 11:00:00+00:00,1753965060000000000,2025-07-31 12:31:00+00:00,5460000000000.0,1.143979999999,1.142960000001,['4.58 USD'],-0.00089,-106.58 USD,True
BACKTESTER-001,MovingAverageCrossover-MA_CROSS,EUR/USD.IDEALPRO,IDEALPRO-001,O-20250731-130200-001-MA_CROSS-5033,O-20250731-143000-001-MA_CROSS-5036,SELL,FLAT,0.00,100000.00,1753966920000000000,2025-07-31 13:02:00+00:00,1753972200000000000,2025-07-31 14:30:00+00:00,5280000000000.0,1.142680000001,1.142609999999,['4.58 USD'],6e-05,2.42 USD,True
BACKTESTER-001,MovingAverageCrossover-MA_CROSS,EUR/USD.IDEALPRO,IDEALPRO-001,O-20250731-160000-001-MA_CROSS-5037,O-20250731-194600-001-MA_CROSS-5040,SELL,FLAT,0.00,100000.00,1753977600000000000,2025-07-31 16:00:00+00:00,1753991160000000000,2025-07-31 19:46:00+00:00,13560000000000.0,1.1430100000010002,1.143129999999,['4.58 USD'],-0.0001,-16.58 USD,True
BACKTESTER-001,MovingAverageCrossover-MA_CROSS,EUR/USD.IDEALPRO,IDEALPRO-001,O-20250731-200000-001-MA_CROSS-5041,O-20250731-200000-001-MA_CROSS-5042,SELL,FLAT,0.00,100000.00,1753992000000000000,2025-07-31 20:00:00+00:00,1754001240000000000,2025-07-31 22:34:00+00:00,9240000000000.0,1.141240000001,1.1422599999990002,['4.56 USD'],-0.00089,-106.56 USD,True
BACKTESTER-001,MovingAverageCrossover-MA_CROSS,EUR/USD.IDEALPRO,IDEALPRO-001,O-20250731-223400-001-MA_CROSS-5044,O-20250731-223400-001-MA_CROSS-5045,BUY,FLAT,0.00,100000.00,1754001240000000000,2025-07-31 22:34:00+00:00,1754004180000000000,2025-07-31 23:23:00+00:00,2940000000000.0,1.142239999999,1.1412200000009998,['4.56 USD'],-0.00089,-106.56 USD,True
BACKTESTER-001,MovingAverageCrossover-MA_CROSS,EUR/USD.IDEALPRO,IDEALPRO-001,O-20250801-070000-001-MA_CROSS-5047,O-20250801-070000-001-MA_CROSS-5049,SELL,FLAT,0.00,100000.00,1754031600000000000,2025-08-01 07:00:00+00:00,1754040180000000000,2025-08-01 09:23:00+00:00,8580000000000.0,1.142930000001,1.14044,['4.57 USD'],0.00218,244.43 USD,True
BACKTESTER-001,MovingAverageCrossover-MA_CROSS,EUR/USD.IDEALPRO,IDEALPRO-001,O-20250801-101600-001-MA_CROSS-5050,O-20250801-120000-001-MA_CROSS-5053,BUY,FLAT,0.00,100000.00,1754043360000000000,2025-08-01 10:16:00+00:00,1754049600000000000,2025-08-01 12:00:00+00:00,6240000000000.0,1.141089999999,1.140450000001,['4.56 USD'],-0.00056,-68.56 USD,True
BACKTESTER-001,MovingAverageCrossover-MA_CROSS,EUR/USD.IDEALPRO,IDEALPRO-001,O-20250801-131600-001-MA_CROSS-5054,O-20250801-131600-001-MA_CROSS-5055,BUY,FLAT,0.00,100000.00,1754054160000000000,2025-08-01 13:16:00+00:00,1754054280000000000,2025-08-01 13:18:00+00:00,120000000000.0,1.1559599999990002,1.1549400000010002,['4.62 USD'],-0.00088,-106.62 USD,True
BACKTESTER-001,MovingAverageCrossover-MA_CROSS,EUR/USD.IDEALPRO,IDEALPRO-001,O-20250801-151600-001-MA_CROSS-5057,O-20250801-151600-001-MA_CROSS-5058,SELL,FLAT,0.00,100000.00,1754061360000000000,2025-08-01 15:16:00+00:00,1754063700000000000,2025-08-01 15:55:00+00:00,2340000000000.0,1.1554800000010002,1.1564999999990002,['4.62 USD'],-0.00088,-106.62 USD,True
BACKTESTER-001,MovingAverageCrossover-MA_CROSS,EUR/USD.IDEALPRO,IDEALPRO-001,O-20250801-161400-001-MA_CROSS-5060,O-20250801-161400-001-MA_CROSS-5061,BUY,FLAT,0.00,100000.00,1754064840000000000,2025-08-01 16:14:00+00:00,1754065680000000000,2025-08-01 16:28:00+00:00,840000000000.0,1.155939999999,1.154920000001,['4.62 USD'],-0.00088,-106.62 USD,True
BACKTESTER-001,MovingAverageCrossover-MA_CROSS,EUR/USD.IDEALPRO,IDEALPRO-001,O-20250801-163000-001-MA_CROSS-5063,O-20250801-163000-001-MA_CROSS-5065,SELL,FLAT,0.00,100000.00,1754065800000000000,2025-08-01 16:30:00+00:00,1754068680000000000,2025-08-01 17:18:00+00:00,2880000000000.0,1.1544700000010002,1.15198,['4.61 USD'],0.00216,244.39 USD,True
BACKTESTER-001,MovingAverageCrossover-MA_CROSS,EUR/USD.IDEALPRO,IDEALPRO-001,O-20250801-191600-001-MA_CROSS-5066,O-20250801-191600-001-MA_CROSS-5068,BUY,FLAT,0.00,100000.00,1754075760000000000,2025-08-01 19:16:00+00:00,1754076960000000000,2025-08-01 19:36:00+00:00,1200000000000.0,1.154339999999,1.1568300000000002,['4.62 USD'],0.00216,244.38 USD,True
BACKTESTER-001,MovingAverageCrossover-MA_CROSS,EUR/USD.IDEALPRO,IDEALPRO-001,O-20250803-223000-001-MA_CROSS-5069,O-20250804-000200-001-MA_CROSS-5072,SELL,FLAT,0.00,100000.00,1754260200000000000,2025-08-03 22:30:00+00:00,1754265720000000000,2025-08-04 00:02:00+00:00,5520000000000.0,1.1584000000010002,1.158659999999,['4.64 USD'],-0.00022,-30.64 USD,True
BACKTESTER-001,MovingAverageCrossover-MA_CROSS,EUR/USD.IDEALPRO,IDEALPRO-001,O-20250804-001600-001-MA_CROSS-5073,O-20250804-001600-001-MA_CROSS-5074,SELL,FLAT,0.00,100000.00,1754266560000000000,2025-08-04 00:16:00+00:00,1754276580000000000,2025-08-04 03:03:00+00:00,10020000000000.0,1.1573100000010001,1.1583299999990002,['4.63 USD'],-0.00088,-106.63 USD,True
BACKTESTER-001,MovingAverageCrossover-MA_CROSS,EUR/USD.IDEALPRO,IDEALPRO-001,O-20250804-031600-001-MA_CROSS-5076,O-20250804-044600-001-MA_CROSS-5079,BUY,FLAT,0.00,100000.00,1754277360000000000,2025-08-04 03:16:00+00:00,1754282760000000000,2025-08-04 04:46:00+00:00,5400000000000.0,1.1583499999990001,1.1577900000010002,['4.64 USD'],-0.00048,-60.64 USD,True
BACKTESTER-001,MovingAverageCrossover-MA_CROSS,EUR/USD.IDEALPRO,IDEALPRO-001,O-20250804-061600-001-MA_CROSS-5080,O-20250804-061600-001-MA_CROSS-5081,BUY,FLAT,0.00,100000.00,1754288160000000000,2025-08-04 06:16:00+00:00,1754288760000000000,2025-08-04 06:26:00+00:00,600000000000.0,1.157869999999,1.156850000001,['4.63 USD'],-0.00088,-106.63 USD,True
BACKTESTER-001,MovingAverageCrossover-MA_CROSS,EUR/USD.IDEALPRO,IDEALPRO-001,O-20250804-063000-001-MA_CROSS-5083,O-20250804-063000-001-MA_CROSS-5084,SELL,FLAT,0.00,100000.00,1754289000000000000,2025-08-04 06:30:00+00:00,1754289840000000000,2025-08-04 06:44:00+00:00,840000000000.0,1.156640000001,1.1576599999989998,['4.63 USD'],-0.00088,-106.63 USD,True
BACKTESTER-001,MovingAverageCrossover-MA_CROSS,EUR/USD.IDEALPRO,IDEALPRO-001,O-20250804-064600-001-MA_CROSS-5086,O-20250804-064600-001-MA_CROSS-5087,BUY,FLAT,0.00,100000.00,1754289960000000000,2025-08-04 06:46:00+00:00,1754291160000000000,2025-08-04 07:06:00+00:00,1200000000000.0,1.157569999999,1.156550000001,['4.63 USD'],-0.00088,-106.63 USD,True
BACKTESTER-001,MovingAverageCrossover-MA_CROSS,EUR/USD.IDEALPRO,IDEALPRO-001,O-20250804-070800-001-MA_CROSS-5089,O-20250804-080000-001-MA_CROSS-5092,SELL,FLAT,0.00,100000.00,1754291280000000000,2025-08-04 07:08:00+00:00,1754294400000000000,2025-08-04 08:00:00+00:00,3120000000000.0,1.1565600000010001,1.1563899999990002,['4.62 USD'],0.00015,12.38 USD,True
BACKTESTER-001,MovingAverageCrossover-MA_CROSS,EUR/USD.IDEALPRO,IDEALPRO-001,O-20250804-083600-001-MA_CROSS-5093,O-20250804-083600-001-MA_CROSS-5094,SELL,FLAT,0.00,100000.00,1754296560000000000,2025-08-04 08:36:00+00:00,1754298480000000000,2025-08-04 09:08:00+00:00,1920000000000.0,1.1555200000010002,1.1564699999990002,['4.62 USD'],-0.00082,-99.62 USD,True
BACKTESTER-001,MovingAverageCrossover-MA_CROSS,EUR/USD.IDEALPRO,IDEALPRO-001,O-20250804-091600-001-MA_CROSS-5096,O-20250804-100200-001-MA_CROSS-5099,BUY,FLAT,0.00,100000.00,1754298960000000000,2025-08-04 09:16:00+00:00,1754301720000000000,2025-08-04 10:02:00+00:00,2760000000000.0,1.1568899999989999,1.156250000001,['4.62 USD'],-0.00055,-68.62 USD,True
BACKTESTER-001,MovingAverageCrossover-MA_CROSS,EUR/USD.IDEALPRO,IDEALPRO-001,O-20250804-105000-001-MA_CROSS-5100,O-20250804-114600-001-MA_CROSS-5103,BUY,FLAT,0.00,100000.00,1754304600000000000,2025-08-04 10:50:00+00:00,1754307960000000000,2025-08-04 11:46:00+00:00,3360000000000.0,1.1564699999990002,1.156760000001,['4.62 USD'],0.00025,24.38 USD,True
BACKTESTER-001,MovingAverageCrossover-MA_CROSS,EUR/USD.IDEALPRO,IDEALPRO-001,O-20250804-131600-001-MA_CROSS-5104,O-20250804-131600-001-MA_CROSS-5105,BUY,FLAT,0.00,100000.00,1754313360000000000,2025-08-04 13:16:00+00:00,1754314980000000000,2025-08-04 13:43:00+00:00,1620000000000.0,1.1586099999989998,1.157590000001,['4.64 USD'],-0.00088,-106.64 USD,True
BACKTESTER-001,MovingAverageCrossover-MA_CROSS,EUR/USD.IDEALPRO,IDEALPRO-001,O-20250804-140000-001-MA_CROSS-5107,O-20250804-140000-001-MA_CROSS-5108,SELL,FLAT,0.00,100000.00,1754316000000000000,2025-08-04 14:00:00+00:00,1754317680000000000,2025-08-04 14:28:00+00:00,1680000000000.0,1.1575800000010001,1.1585999999990002,['4.64 USD'],-0.00088,-106.64 USD,True
BACKTESTER-001,MovingAverageCrossover-MA_CROSS,EUR/USD.IDEALPRO,IDEALPRO-001,O-20250804-143000-001-MA_CROSS-5110,O-20250804-143000-001-MA_CROSS-5111,BUY,FLAT,0.00,100000.00,1754317800000000000,2025-08-04 14:30:00+00:00,1754318760000000000,2025-08-04 14:46:00+00:00,960000000000.0,1.158269999999,1.1572500000009998,['4.63 USD'],-0.00088,-106.63 USD,True
BACKTESTER-001,MovingAverageCrossover-MA_CROSS,EUR/USD.IDEALPRO,IDEALPRO-001,O-20250804-144800-001-MA_CROSS-5113,O-20250804-155000-001-MA_CROSS-5116,SELL,FLAT,0.00,100000.00,1754318880000000000,2025-08-04 14:48:00+00:00,1754322600000000000,2025-08-04 15:50:00+00:00,3720000000000.0,1.157710000001,1.1574099999990002,['4.63 USD'],0.00026,25.37 USD,True
BACKTESTER-001,MovingAverageCrossover-MA_CROSS,EUR/USD.IDEALPRO,IDEALPRO-001,O-20250804-160000-001-MA_CROSS-5117,O-20250804-164600-001-MA_CROSS-5120,SELL,FLAT,0.00,100000.00,1754323200000000000,2025-08-04 16:00:00+00:00,1754325960000000000,2025-08-04 16:46:00+00:00,2760000000000.0,1.156700000001,1.1567399999990002,['4.62 USD'],-3e-05,-8.62 USD,True
BACKTESTER-001,MovingAverageCrossover-MA_CROSS,EUR/USD.IDEALPRO,IDEALPRO-001,O-20250804-174600-001-MA_CROSS-5121,O-20250804-180000-001-MA_CROSS-5124,SELL,FLAT,0.00,100000.00,1754329560000000000,2025-08-04 17:46:00+00:00,1754330400000000000,2025-08-04 18:00:00+00:00,840000000000.0,1.1565000000010002,1.157319999999,['4.62 USD'],-0.00071,-86.62 USD,True
BACKTESTER-001,MovingAverageCrossover-MA_CROSS,EUR/USD.IDEALPRO,IDEALPRO-001,O-20250804-190200-001-MA_CROSS-5125,O-20250804-193000-001-MA_CROSS-5128,SELL,FLAT,0.00,100000.00,1754334120000000000,2025-08-04 19:02:00+00:00,1754335800000000000,2025-08-04 19:30:00+00:00,1680000000000.0,1.1568000000010001,1.157149999999,['4.62 USD'],-0.0003,-39.62 USD,True
BACKTESTER-001,MovingAverageCrossover-MA_CROSS,EUR/USD.IDEALPRO,IDEALPRO-001,O-20250804-194600-001-MA_CROSS-5129,O-20250804-201600-001-MA_CROSS-5132,SELL,FLAT,0.00,100000.00,1754336760000000000,2025-08-04 19:46:00+00:00,1754338560000000000,2025-08-04 20:16:00+00:00,1800000000000.0,1.156640000001,1.157359999999,['4.62 USD'],-0.00062,-76.62 USD,True
BACKTESTER-001,MovingAverageCrossover-MA_CROSS,EUR/USD.IDEALPRO,IDEALPRO-001,O-20250805-003200-001-MA_CROSS-5133,O-20250805-003200-001-MA_CROSS-5135,SELL,FLAT,0.00,100000.00,1754353920000000000,2025-08-05 00:32:00+00:00,1754364300000000000,2025-08-05 03:25:00+00:00,10380000000000.0,1.1579200000010001,1.15543,['4.63 USD'],0.00215,244.37 USD,True
BACKTESTER-001,MovingAverageCrossover-MA_CROSS,EUR/USD.IDEALPRO,IDEALPRO-001,O-20250805-044800-001-MA_CROSS-5136,O-20250805-051800-001-MA_CROSS-5139,BUY,FLAT,0.00,100000.00,1754369280000000000,2025-08-05 04:48:00+00:00,1754371080000000000,2025-08-05 05:18:00+00:00,1800000000000.0,1.155969999999,1.155360000001,['4.62 USD'],-0.00053,-65.62 USD,True
BACKTESTER-001,MovingAverageCrossover-MA_CROSS,EUR/USD.IDEALPRO,IDEALPRO-001,O-20250805-062200-001-MA_CROSS-5140,O-20250805-065000-001-MA_CROSS-5143,BUY,FLAT,0.00,100000.00,1754374920000000000,2025-08-05 06:22:00+00:00,1754376600000000000,2025-08-05 06:50:00+00:00,1680000000000.0,1.155429999999,1.1546700000010002,['4.62 USD'],-0.00066,-80.62 USD,True
BACKTESTER-001,MovingAverageCrossover-MA_CROSS,EUR/USD.IDEALPRO,IDEALPRO-001,O-20250805-071200-001-MA_CROSS-5144,O-20250805-071200-001-MA_CROSS-5145,BUY,FLAT,0.00,100000.00,1754377920000000000,2025-08-05 07:12:00+00:00,1754380080000000000,2025-08-05 07:48:00+00:00,2160000000000.0,1.1555199999990002,1.1545000000010002,['4.62 USD'],-0.00088,-106.62 USD,True
BACKTESTER-001,MovingAverageCrossover-MA_CROSS,EUR/USD.IDEALPRO,IDEALPRO-001,O-20250805-080000-001-MA_CROSS-5147,O-20250805-093000-001-MA_CROSS-5150,SELL,FLAT,0.00,100000.00,1754380800000000000,2025-08-05 08:00:00+00:00,1754386200000000000,2025-08-05 09:30:00+00:00,5400000000000.0,1.1546100000009998,1.1543499999990001,['4.62 USD'],0.00023,21.38 USD,True
BACKTESTER-001,MovingAverageCrossover-MA_CROSS,EUR/USD.IDEALPRO,IDEALPRO-001,O-20250805-103000-001-MA_CROSS-5151,O-20250805-103000-001-MA_CROSS-5152,SELL,FLAT,0.00,100000.00,1754389800000000000,2025-08-05 10:30:00+00:00,1754390760000000000,2025-08-05 10:46:00+00:00,960000000000.0,1.1535200000010002,1.154539999999,['4.62 USD'],-0.00088,-106.62 USD,True
BACKTESTER-001,MovingAverageCrossover-MA_CROSS,EUR/USD.IDEALPRO,IDEALPRO-001,O-20250805-104600-001-MA_CROSS-5154,O-20250805-111600-001-MA_CROSS-5157,BUY,FLAT,0.00,100000.00,1754390760000000000,2025-08-05 10:46:00+00:00,1754392560000000000,2025-08-05 11:16:00+00:00,1800000000000.0,1.154539999999,1.1537800000010001,['4.62 USD'],-0.00066,-80.62 USD,True
BACKTESTER-001,MovingAverageCrossover-MA_CROSS,EUR/USD.IDEALPRO,IDEALPRO-001,O-20250805-113000-001-MA_CROSS-5158,O-20250805-113000-001-MA_CROSS-5159,BUY,FLAT,0.00,100000.00,1754393400000000000,2025-08-05 11:30:00+00:00,1754393880000000000,2025-08-05 11:38:00+00:00,480000000000.0,1.1543999999990002,1.1533800000010002,['4.62 USD'],-0.00088,-106.62 USD,True
BACKTESTER-001,MovingAverageCrossover-MA_CROSS,EUR/USD.IDEALPRO,IDEALPRO-001,O-20250805-114600-001-MA_CROSS-5161,O-20250805-114600-001-MA_CROSS-5162,SELL,FLAT,0.00,100000.00,1754394360000000000,2025-08-05 11:46:00+00:00,1754395620000000000,2025-08-05 12:07:00+00:00,1260000000000.0,1.153390000001,1.154409999999,['4.62 USD'],-0.00088,-106.62 USD,True
BACKTESTER-001,MovingAverageCrossover-MA_CROSS,EUR/USD.IDEALPRO,IDEALPRO-001,O-20250805-131600-001-MA_CROSS-5164,O-20250805-140000-001-MA_CROSS-5167,BUY,FLAT,0.00,100000.00,1754399760000000000,2025-08-05 13:16:00+00:00,1754402400000000000,2025-08-05 14:00:00+00:00,2640000000000.0,1.154139999999,1.153880000001,['4.62 USD'],-0.00023,-30.62 USD,True
BACKTESTER-001,MovingAverageCrossover-MA_CROSS,EUR/USD.IDEALPRO,IDEALPRO-001,O-20250805-144200-001-MA_CROSS-5168,O-20250805-144200-001-MA_CROSS-5170,BUY,FLAT,0.00,100000.00,1754404920000000000,2025-08-05 14:42:00+00:00,1754406420000000000,2025-08-05 15:07:00+00:00,1500000000000.0,1.1549299999990001,1.15742,['4.62 USD'],0.00216,244.38 USD,True
BACKTESTER-001,MovingAverageCrossover-MA_CROSS,EUR/USD.IDEALPRO,IDEALPRO-001,O-20250805-175400-001-MA_CROSS-5171,O-20250805-200000-001-MA_CROSS-5174,SELL,FLAT,0.00,100000.00,1754416440000000000,2025-08-05 17:54:00+00:00,1754424000000000000,2025-08-05 20:00:00+00:00,7560000000000.0,1.1577200000010002,1.157269999999,['4.63 USD'],0.00039,40.37 USD,True
BACKTESTER-001,MovingAverageCrossover-MA_CROSS,EUR/USD.IDEALPRO,IDEALPRO-001,O-20250805-223400-001-MA_CROSS-5175,O-20250805-230000-001-MA_CROSS-5178,SELL,FLAT,0.00,100000.00,1754433240000000000,2025-08-05 22:34:00+00:00,1754434800000000000,2025-08-05 23:00:00+00:00,1560000000000.0,1.1571700000010001,1.157629999999,['4.63 USD'],-0.0004,-50.63 USD,True
BACKTESTER-001,MovingAverageCrossover-MA_CROSS,EUR/USD.IDEALPRO,IDEALPRO-001,O-20250806-002400-001-MA_CROSS-5179,O-20250806-030800-001-MA_CROSS-5182,SELL,FLAT,0.00,100000.00,1754439840000000000,2025-08-06 00:24:00+00:00,1754449680000000000,2025-08-06 03:08:00+00:00,9840000000000.0,1.1575800000010001,1.157329999999,['4.63 USD'],0.00022,20.37 USD,True
BACKTESTER-001,MovingAverageCrossover-MA_CROSS,EUR/USD.IDEALPRO,IDEALPRO-001,O-20250806-053000-001-MA_CROSS-5183,O-20250806-060200-001-MA_CROSS-5186,SELL,FLAT,0.00,100000.00,1754458200000000000,2025-08-06 05:30:00+00:00,1754460120000000000,2025-08-06 06:02:00+00:00,1920000000000.0,1.1577800000010001,1.1581099999989999,['4.64 USD'],-0.00029,-37.64 USD,True
BACKTESTER-001,MovingAverageCrossover-MA_CROSS,EUR/USD.IDEALPRO,IDEALPRO-001,O-20250806-065200-001-MA_CROSS-5187,O-20250806-080000-001-MA_CROSS-5190,SELL,FLAT,0.00,100000.00,1754463120000000000,2025-08-06 06:52:00+00:00,1754467200000000000,2025-08-06 08:00:00+00:00,4080000000000.0,1.1580300000009998,1.1581099999989999,['4.64 USD'],-7e-05,-12.64 USD,True
BACKTESTER-001,MovingAverageCrossover-MA_CROSS,EUR/USD.IDEALPRO,IDEALPRO-001,O-20250806-083000-001-MA_CROSS-5191,O-20250806-091600-001-MA_CROSS-5194,SELL,FLAT,0.00,100000.00,1754469000000000000,2025-08-06 08:30:00+00:00,1754471760000000000,2025-08-06 09:16:00+00:00,2760000000000.0,1.1573500000010002,1.158069999999,['4.63 USD'],-0.00062,-76.63 USD,True
BACKTESTER-001,MovingAverageCrossover-MA_CROSS,EUR/USD.IDEALPRO,IDEALPRO-001,O-20250806-134600-001-MA_CROSS-5195,O-20250806-134600-001-MA_CROSS-5196,SELL,FLAT,0.00,100000.00,1754487960000000000,2025-08-06 13:46:00+00:00,1754488560000000000,2025-08-06 13:56:00+00:00,600000000000.0,1.162170000001,1.163189999999,['4.65 USD'],-0.00088,-106.65 USD,True
BACKTESTER-001,MovingAverageCrossover-MA_CROSS,EUR/USD.IDEALPRO,IDEALPRO-001,O-20250806-140000-001-MA_CROSS-5198,O-20250806-140000-001-MA_CROSS-5199,BUY,FLAT,0.00,100000.00,1754488800000000000,2025-08-06 14:00:00+00:00,1754488980000000000,2025-08-06 14:03:00+00:00,180000000000.0,1.1635899999989998,1.1625700000010002,['4.66 USD'],-0.00088,-106.66 USD,True
BACKTESTER-001,MovingAverageCrossover-MA_CROSS,EUR/USD.IDEALPRO,IDEALPRO-001,O-20250806-154600-001-MA_CROSS-5201,O-20250806-154600-001-MA_CROSS-5202,SELL,FLAT,0.00,100000.00,1754495160000000000,2025-08-06 15:46:00+00:00,1754495760000000000,2025-08-06 15:56:00+00:00,600000000000.0,1.163570000001,1.164589999999,['4.66 USD'],-0.00088,-106.66 USD,True
BACKTESTER-001,MovingAverageCrossover-MA_CROSS,EUR/USD.IDEALPRO,IDEALPRO-001,O-20250806-160000-001-MA_CROSS-5204,O-20250806-160000-001-MA_CROSS-5205,BUY,FLAT,0.00,100000.00,1754496000000000000,2025-08-06 16:00:00+00:00,1754497980000000000,2025-08-06 16:33:00+00:00,1980000000000.0,1.164639999999,1.1636200000010002,['4.66 USD'],-0.00088,-106.66 USD,True
BACKTESTER-001,MovingAverageCrossover-MA_CROSS,EUR/USD.IDEALPRO,IDEALPRO-001,O-20250806-164800-001-MA_CROSS-5207,O-20250806-164800-001-MA_CROSS-5208,SELL,FLAT,0.00,100000.00,1754498880000000000,2025-08-06 16:48:00+00:00,1754500140000000000,2025-08-06 17:09:00+00:00,1260000000000.0,1.1634100000010001,1.1644299999990002,['4.66 USD'],-0.00088,-106.66 USD,True
BACKTESTER-001,MovingAverageCrossover-MA_CROSS,EUR/USD.IDEALPRO,IDEALPRO-001,O-20250806-171600-001-MA_CROSS-5210,O-20250806-171600-001-MA_CROSS-5212,BUY,FLAT,0.00,100000.00,1754500560000000000,2025-08-06 17:16:00+00:00,1754505780000000000,2025-08-06 18:43:00+00:00,5220000000000.0,1.164239999999,1.16673,['4.66 USD'],0.00214,244.34 USD,True
BACKTESTER-001,MovingAverageCrossover-MA_CROSS,EUR/USD.IDEALPRO,IDEALPRO-001,O-20250807-083000-001-MA_CROSS-5213,O-20250807-083000-001-MA_CROSS-5214,SELL,FLAT,0.00,100000.00,1754555400000000000,2025-08-07 08:30:00+00:00,1754555880000000000,2025-08-07 08:38:00+00:00,480000000000.0,1.167780000001,1.1687999999990002,['4.68 USD'],-0.00087,-106.68 USD,True
BACKTESTER-001,MovingAverageCrossover-MA_CROSS,EUR/USD.IDEALPRO,IDEALPRO-001,O-20250807-110000-001-MA_CROSS-5216,O-20250807-110000-001-MA_CROSS-5217,BUY,FLAT,0.00,100000.00,1754564400000000000,2025-08-07 11:00:00+00:00,1754564940000000000,2025-08-07 11:09:00+00:00,540000000000.0,1.167049999999,1.166030000001,['4.66 USD'],-0.00087,-106.66 USD,True
BACKTESTER-001,MovingAverageCrossover-MA_CROSS,EUR/USD.IDEALPRO,IDEALPRO-001,O-20250807-140000-001-MA_CROSS-5219,O-20250807-140000-001-MA_CROSS-5221,SELL,FLAT,0.00,100000.00,1754575200000000000,2025-08-07 14:00:00+00:00,1754577660000000000,2025-08-07 14:41:00+00:00,2460000000000.0,1.1642600000010002,1.16177,['4.65 USD'],0.00214,244.35 USD,True
BACKTESTER-001,MovingAverageCrossover-MA_CROSS,EUR/USD.IDEALPRO,IDEALPRO-001,O-20250807-153000-001-MA_CROSS-5222,O-20250807-180000-001-MA_CROSS-5225,BUY,FLAT,0.00,100000.00,1754580600000000000,2025-08-07 15:30:00+00:00,1754589600000000000,2025-08-07 18:00:00+00:00,9000000000000.0,1.163329999999,1.1633100000010002,['4.66 USD'],-2e-05,-6.66 USD,True
BACKTESTER-001,MovingAverageCrossover-MA_CROSS,EUR/USD.IDEALPRO,IDEALPRO-001,O-20250807-203000-001-MA_CROSS-5226,O-20250808-003000-001-MA_CROSS-5229,BUY,FLAT,0.00,100000.00,1754598600000000000,2025-08-07 20:30:00+00:00,1754613000000000000,2025-08-08 00:30:00+00:00,14400000000000.0,1.1670699999990002,1.166990000001,['4.66 USD'],-7e-05,-12.66 USD,True
BACKTESTER-001,MovingAverageCrossover-MA_CROSS,EUR/USD.IDEALPRO,IDEALPRO-001,O-20250808-070000-001-MA_CROSS-5230,O-20250808-083000-001-MA_CROSS-5233,BUY,FLAT,0.00,100000.00,1754636400000000000,2025-08-08 07:00:00+00:00,1754641800000000000,2025-08-08 08:30:00+00:00,5400000000000.0,1.165019999999,1.165230000001,['4.66 USD'],0.00018,16.34 USD,True
BACKTESTER-001,MovingAverageCrossover-MA_CROSS,EUR/USD.IDEALPRO,IDEALPRO-001,O-20250808-173000-001-MA_CROSS-5234,O-20250808-180000-001-MA_CROSS-5237,BUY,FLAT,0.00,100000.00,1754674200000000000,2025-08-08 17:30:00+00:00,1754676000000000000,2025-08-08 18:00:00+00:00,1800000000000.0,1.166489999999,1.165900000001,['4.66 USD'],-0.00051,-63.66 USD,True
BACKTESTER-001,MovingAverageCrossover-MA_CROSS,EUR/USD.IDEALPRO,IDEALPRO-001,O-20250811-083000-001-MA_CROSS-5238,O-20250811-083000-001-MA_CROSS-5239,BUY,FLAT,0.00,100000.00,1754901000000000000,2025-08-11 08:30:00+00:00,1754903760000000000,2025-08-11 09:16:00+00:00,2760000000000.0,1.1655199999989998,1.1645000000010002,['4.66 USD'],-0.00088,-106.66 USD,True
BACKTESTER-001,MovingAverageCrossover-MA_CROSS,EUR/USD.IDEALPRO,IDEALPRO-001,O-20250811-093000-001-MA_CROSS-5241,O-20250811-110000-001-MA_CROSS-5244,SELL,FLAT,0.00,100000.00,1754904600000000000,2025-08-11 09:30:00+00:00,1754910000000000000,2025-08-11 11:00:00+00:00,5400000000000.0,1.164310000001,1.1647199999989999,['4.66 USD'],-0.00035,-45.66 USD,True
BACKTESTER-001,MovingAverageCrossover-MA_CROSS,EUR/USD.IDEALPRO,IDEALPRO-001,O-20250811-113000-001-MA_CROSS-5245,O-20250811-113000-001-MA_CROSS-5247,SELL,FLAT,0.00,100000.00,1754911800000000000,2025-08-11 11:30:00+00:00,1754921100000000000,2025-08-11 14:05:00+00:00,9300000000000.0,1.1636500000010002,1.16116,['4.65 USD'],0.00214,244.35 USD,True
BACKTESTER-001,MovingAverageCrossover-MA_CROSS,EUR/USD.IDEALPRO,IDEALPRO-001,O-20250811-160000-001-MA_CROSS-5248,O-20250811-193000-001-MA_CROSS-5251,BUY,FLAT,0.00,100000.00,1754928000000000000,2025-08-11 16:00:00+00:00,1754940600000000000,2025-08-11 19:30:00+00:00,12600000000000.0,1.1606599999990002,1.160520000001,['4.64 USD'],-0.00012,-18.64 USD,True
BACKTESTER-001,MovingAverageCrossover-MA_CROSS,EUR/USD.IDEALPRO,IDEALPRO-001,O-20250811-203000-001-MA_CROSS-5252,O-20250811-223000-001-MA_CROSS-5255,BUY,FLAT,0.00,100000.00,1754944200000000000,2025-08-11 20:30:00+00:00,1754951400000000000,2025-08-11 22:30:00+00:00,7200000000000.0,1.161669999999,1.161320000001,['4.64 USD'],-0.0003,-39.64 USD,True
BACKTESTER-001,MovingAverageCrossover-MA_CROSS,EUR/USD.IDEALPRO,IDEALPRO-001,O-20250812-050000-001-MA_CROSS-5256,O-20250812-053000-001-MA_CROSS-5259,BUY,FLAT,0.00,100000.00,1754974800000000000,2025-08-12 05:00:00+00:00,1754976600000000000,2025-08-12 05:30:00+00:00,1800000000000.0,1.162779999999,1.161870000001,['4.65 USD'],-0.00078,-95.65 USD,True
BACKTESTER-001,MovingAverageCrossover-MA_CROSS,EUR/USD.IDEALPRO,IDEALPRO-001,O-20250812-073000-001-MA_CROSS-5260,O-20250812-090000-001-MA_CROSS-5263,BUY,FLAT,0.00,100000.00,1754983800000000000,2025-08-12 07:30:00+00:00,1754989200000000000,2025-08-12 09:00:00+00:00,5400000000000.0,1.1617899999990002,1.161470000001,['4.64 USD'],-0.00028,-36.64 USD,True
BACKTESTER-001,MovingAverageCrossover-MA_CROSS,EUR/USD.IDEALPRO,IDEALPRO-001,O-20250812-143000-001-MA_CROSS-5264,O-20250812-143000-001-MA_CROSS-5266,BUY,FLAT,0.00,100000.00,1755009000000000000,2025-08-12 14:30:00+00:00,1755012480000000000,2025-08-12 15:28:00+00:00,3480000000000.0,1.1653399999990002,1.16783,['4.67 USD'],0.00214,244.33 USD,True
BACKTESTER-001,MovingAverageCrossover-MA_CROSS,EUR/USD.IDEALPRO,IDEALPRO-001,O-20250813-043000-001-MA_CROSS-5267,O-20250813-063000-001-MA_CROSS-5270,SELL,FLAT,0.00,100000.00,1755059400000000000,2025-08-13 04:30:00+00:00,1755066600000000000,2025-08-13 06:30:00+00:00,7200000000000.0,1.168300000001,1.168439999999,['4.68 USD'],-0.00012,-18.68 USD,True
BACKTESTER-001,MovingAverageCrossover-MA_CROSS,EUR/USD.IDEALPRO,IDEALPRO-001,O-20250813-110000-001-MA_CROSS-5271,O-20250813-120000-001-MA_CROSS-5274,SELL,FLAT,0.00,100000.00,1755082800000000000,2025-08-13 11:00:00+00:00,1755086400000000000,2025-08-13 12:00:00+00:00,3600000000000.0,1.171640000001,1.1719099999990001,['4.68 USD'],-0.00023,-31.68 USD,True
BACKTESTER-001,MovingAverageCrossover-MA_CROSS,EUR/USD.IDEALPRO,IDEALPRO-001,O-20250813-170000-001-MA_CROSS-5275,O-20250813-203000-001-MA_CROSS-5278,SELL,FLAT,0.00,100000.00,1755104400000000000,2025-08-13 17:00:00+00:00,1755117000000000000,2025-08-13 20:30:00+00:00,12600000000000.0,1.1706700000010002,1.1704699999989998,['4.68 USD'],0.00017,15.32 USD,True
BACKTESTER-001,MovingAverageCrossover-MA_CROSS,EUR/USD.IDEALPRO,IDEALPRO-001,O-20250814-051000-001-MA_CROSS-5279,O-20250814-061400-001-MA_CROSS-5282,SELL,FLAT,0.00,100000.00,1755148200000000000,2025-08-14 05:10:00+00:00,1755152040000000000,2025-08-14 06:14:00+00:00,3840000000000.0,1.1702600000010002,1.170609999999,['4.68 USD'],-0.0003,-39.68 USD,True
BACKTESTER-001,MovingAverageCrossover-MA_CROSS,EUR/USD.IDEALPRO,IDEALPRO-001,O-20250814-113000-001-MA_CROSS-5283,O-20250814-113000-001-MA_CROSS-5285,SELL,FLAT,0.00,100000.00,1755171000000000000,2025-08-14 11:30:00+00:00,1755174660000000000,2025-08-14 12:31:00+00:00,3660000000000.0,1.1685700000010002,1.16608,['4.67 USD'],0.00213,244.33 USD,True
BACKTESTER-001,MovingAverageCrossover-MA_CROSS,EUR/USD.IDEALPRO,IDEALPRO-001,O-20250814-142000-001-MA_CROSS-5286,O-20250814-142000-001-MA_CROSS-5287,BUY,FLAT,0.00,100000.00,1755181200000000000,2025-08-14 14:20:00+00:00,1755184320000000000,2025-08-14 15:12:00+00:00,3120000000000.0,1.166109999999,1.165090000001,['4.66 USD'],-0.00087,-106.66 USD,True
BACKTESTER-001,MovingAverageCrossover-MA_CROSS,EUR/USD.IDEALPRO,IDEALPRO-001,O-20250814-153000-001-MA_CROSS-5289,O-20250814-171600-001-MA_CROSS-5292,SELL,FLAT,0.00,100000.00,1755185400000000000,2025-08-14 15:30:00+00:00,1755191760000000000,2025-08-14 17:16:00+00:00,6360000000000.0,1.1650400000010002,1.1642499999990001,['4.66 USD'],0.00068,74.34 USD,True
BACKTESTER-001,MovingAverageCrossover-MA_CROSS,EUR/USD.IDEALPRO,IDEALPRO-001,O-20250814-203800-001-MA_CROSS-5293,O-20250814-203800-001-MA_CROSS-5294,SELL,FLAT,0.00,100000.00,1755203880000000000,2025-08-14 20:38:00+00:00,1755221820000000000,2025-08-15 01:37:00+00:00,17940000000000.0,1.164550000001,1.165569999999,['4.66 USD'],-0.00088,-106.66 USD,True
BACKTESTER-001,MovingAverageCrossover-MA_CROSS,EUR/USD.IDEALPRO,IDEALPRO-001,O-20250815-030200-001-MA_CROSS-5296,O-20250815-042600-001-MA_CROSS-5299,BUY,FLAT,0.00,100000.00,1755226920000000000,2025-08-15 03:02:00+00:00,1755231960000000000,2025-08-15 04:26:00+00:00,5040000000000.0,1.165829999999,1.1660200000010001,['4.66 USD'],0.00016,14.34 USD,True
BACKTESTER-001,MovingAverageCrossover-MA_CROSS,EUR/USD.IDEALPRO,IDEALPRO-001,O-20250815-175800-001-MA_CROSS-5300,O-20250815-193000-001-MA_CROSS-5303,BUY,FLAT,0.00,100000.00,1755280680000000000,2025-08-15 17:58:00+00:00,1755286200000000000,2025-08-15 19:30:00+00:00,5520000000000.0,1.170479999999,1.1700900000010002,['4.68 USD'],-0.00033,-43.68 USD,True
BACKTESTER-001,MovingAverageCrossover-MA_CROSS,EUR/USD.IDEALPRO,IDEALPRO-001,O-20250818-003000-001-MA_CROSS-5304,O-20250818-003000-001-MA_CROSS-5305,BUY,FLAT,0.00,100000.00,1755477000000000000,2025-08-18 00:30:00+00:00,1755479220000000000,2025-08-18 01:07:00+00:00,2220000000000.0,1.1708999999990002,1.169880000001,['4.68 USD'],-0.00087,-106.68 USD,True
BACKTESTER-001,MovingAverageCrossover-MA_CROSS,EUR/USD.IDEALPRO,IDEALPRO-001,O-20250818-053000-001-MA_CROSS-5307,O-20250818-053000-001-MA_CROSS-5309,SELL,FLAT,0.00,100000.00,1755495000000000000,2025-08-18 05:30:00+00:00,1755504120000000000,2025-08-18 08:02:00+00:00,9120000000000.0,1.1703900000010001,1.1679,['4.68 USD'],0.00213,244.32 USD,True
BACKTESTER-001,MovingAverageCrossover-MA_CROSS,EUR/USD.IDEALPRO,IDEALPRO-001,O-20250818-113000-001-MA_CROSS-5310,O-20250818-113000-001-MA_CROSS-5311,BUY,FLAT,0.00,100000.00,1755516600000000000,2025-08-18 11:30:00+00:00,1755518220000000000,2025-08-18 11:57:00+00:00,1620000000000.0,1.168649999999,1.167630000001,['4.68 USD'],-0.00087,-106.68 USD,True
BACKTESTER-001,MovingAverageCrossover-MA_CROSS,EUR/USD.IDEALPRO,IDEALPRO-001,O-20250818-120000-001-MA_CROSS-5313,O-20250818-133000-001-MA_CROSS-5316,SELL,FLAT,0.00,100000.00,1755518400000000000,2025-08-18 12:00:00+00:00,1755523800000000000,2025-08-18 13:30:00+00:00,5400000000000.0,1.1674800000010002,1.1675899999989998,['4.67 USD'],-9e-05,-15.67 USD,True
BACKTESTER-001,MovingAverageCrossover-MA_CROSS,EUR/USD.IDEALPRO,IDEALPRO-001,O-20250818-210000-001-MA_CROSS-5317,O-20250818-210000-001-MA_CROSS-5318,SELL,FLAT,0.00,100000.00,1755550800000000000,2025-08-18 21:00:00+00:00,1755554880000000000,2025-08-18 22:08:00+00:00,4080000000000.0,1.166070000001,1.167089999999,['4.66 USD'],-0.00087,-106.66 USD,True
BACKTESTER-001,MovingAverageCrossover-MA_CROSS,EUR/USD.IDEALPRO,IDEALPRO-001,O-20250819-033000-001-MA_CROSS-5320,O-20250819-060000-001-MA_CROSS-5323,BUY,FLAT,0.00,100000.00,1755574200000000000,2025-08-19 03:30:00+00:00,1755583200000000000,2025-08-19 06:00:00+00:00,9000000000000.0,1.1656899999989998,1.165530000001,['4.66 USD'],-0.00014,-20.66 USD,True
BACKTESTER-001,MovingAverageCrossover-MA_CROSS,EUR/USD.IDEALPRO,IDEALPRO-001,O-20250819-070000-001-MA_CROSS-5324,O-20250819-113000-001-MA_CROSS-5327,BUY,FLAT,0.00,100000.00,1755586800000000000,2025-08-19 07:00:00+00:00,1755603000000000000,2025-08-19 11:30:00+00:00,16200000000000.0,1.1674499999990002,1.1682600000010002,['4.67 USD'],0.00069,76.33 USD,True
BACKTESTER-001,MovingAverageCrossover-MA_CROSS,EUR/USD.IDEALPRO,IDEALPRO-001,O-20250819-150000-001-MA_CROSS-5328,O-20250819-150000-001-MA_CROSS-5329,BUY,FLAT,0.00,100000.00,1755615600000000000,2025-08-19 15:00:00+00:00,1755618000000000000,2025-08-19 15:40:00+00:00,2400000000000.0,1.167229999999,1.166210000001,['4.66 USD'],-0.00087,-106.66 USD,True
BACKTESTER-001,MovingAverageCrossover-MA_CROSS,EUR/USD.IDEALPRO,IDEALPRO-001,O-20250819-160000-001-MA_CROSS-5331,O-20250819-160000-001-MA_CROSS-5333,SELL,FLAT,0.00,100000.00,1755619200000000000,2025-08-19 16:00:00+00:00,1755648660000000000,2025-08-20 00:11:00+00:00,29460000000000.0,1.1658600000009998,1.1633700000000002,['4.66 USD'],0.00214,244.34 USD,True
BACKTESTER-001,MovingAverageCrossover-MA_CROSS,EUR/USD.IDEALPRO,IDEALPRO-001,O-20250820-010000-001-MA_CROSS-5334,O-20250820-010000-001-MA_CROSS-5335,BUY,FLAT,0.00,100000.00,1755651600000000000,2025-08-20 01:00:00+00:00,1755653220000000000,2025-08-20 01:27:00+00:00,1620000000000.0,1.163899999999,1.162880000001,['4.66 USD'],-0.00088,-106.66 USD,True
BACKTESTER-001,MovingAverageCrossover-MA_CROSS,EUR/USD.IDEALPRO,IDEALPRO-001,O-20250820-083000-001-MA_CROSS-5337,O-20250820-093000-001-MA_CROSS-5340,SELL,FLAT,0.00,100000.00,1755678600000000000,2025-08-20 08:30:00+00:00,1755682200000000000,2025-08-20 09:30:00+00:00,3600000000000.0,1.1636500000010002,1.164149999999,['4.66 USD'],-0.00043,-54.66 USD,True
BACKTESTER-001,MovingAverageCrossover-MA_CROSS,EUR/USD.IDEALPRO,IDEALPRO-001,O-20250820-110000-001-MA_CROSS-5341,O-20250820-110000-001-MA_CROSS-5342,SELL,FLAT,0.00,100000.00,1755687600000000000,2025-08-20 11:00:00+00:00,1755693120000000000,2025-08-20 12:32:00+00:00,5520000000000.0,1.164690000001,1.165709999999,['4.66 USD'],-0.00088,-106.66 USD,True
BACKTESTER-001,MovingAverageCrossover-MA_CROSS,EUR/USD.IDEALPRO,IDEALPRO-001,O-20250820-150000-001-MA_CROSS-5344,O-20250820-150000-001-MA_CROSS-5345,BUY,FLAT,0.00,100000.00,1755702000000000000,2025-08-20 15:00:00+00:00,1755705000000000000,2025-08-20 15:50:00+00:00,3000000000000.0,1.1663199999990002,1.165300000001,['4.66 USD'],-0.00087,-106.66 USD,True
BACKTESTER-001,MovingAverageCrossover-MA_CROSS,EUR/USD.IDEALPRO,IDEALPRO-001,O-20250820-160000-001-MA_CROSS-5347,O-20250820-160000-001-MA_CROSS-5348,SELL,FLAT,0.00,100000.00,1755705600000000000,2025-08-20 16:00:00+00:00,1755706680000000000,2025-08-20 16:18:00+00:00,1080000000000.0,1.1648000000010001,1.1658199999990002,['4.66 USD'],-0.00088,-106.66 USD,True
BACKTESTER-001,MovingAverageCrossover-MA_CROSS,EUR/USD.IDEALPRO,IDEALPRO-001,O-20250820-163000-001-MA_CROSS-5350,O-20250820-200000-001-MA_CROSS-5353,BUY,FLAT,0.00,100000.00,1755707400000000000,2025-08-20 16:30:00+00:00,1755720000000000000,2025-08-20 20:00:00+00:00,12600000000000.0,1.165969999999,1.1652700000010001,['4.66 USD'],-0.0006,-74.66 USD,True
BACKTESTER-001,MovingAverageCrossover-MA_CROSS,EUR/USD.IDEALPRO,IDEALPRO-001,O-20250821-043600-001-MA_CROSS-5354,O-20250821-051400-001-MA_CROSS-5357,BUY,FLAT,0.00,100000.00,1755750960000000000,2025-08-21 04:36:00+00:00,1755753240000000000,2025-08-21 05:14:00+00:00,2280000000000.0,1.164819999999,1.1641900000010001,['4.66 USD'],-0.00054,-67.66 USD,True
BACKTESTER-001,MovingAverageCrossover-MA_CROSS,EUR/USD.IDEALPRO,IDEALPRO-001,O-20250821-073000-001-MA_CROSS-5358,O-20250821-133000-001-MA_CROSS-5361,BUY,FLAT,0.00,100000.00,1755761400000000000,2025-08-21 07:30:00+00:00,1755783000000000000,2025-08-21 13:30:00+00:00,21600000000000.0,1.1643799999989999,1.1646000000010002,['4.66 USD'],0.00019,17.34 USD,True
BACKTESTER-001,MovingAverageCrossover-MA_CROSS,EUR/USD.IDEALPRO,IDEALPRO-001,O-20250821-153000-001-MA_CROSS-5362,O-20250821-153000-001-MA_CROSS-5363,BUY,FLAT,0.00,100000.00,1755790200000000000,2025-08-21 15:30:00+00:00,1755791460000000000,2025-08-21 15:51:00+00:00,1260000000000.0,1.1619899999990002,1.1609700000010001,['4.64 USD'],-0.00088,-106.64 USD,True
BACKTESTER-001,MovingAverageCrossover-MA_CROSS,EUR/USD.IDEALPRO,IDEALPRO-001,O-20250821-220200-001-MA_CROSS-5365,O-20250821-220200-001-MA_CROSS-5367,SELL,FLAT,0.00,100000.00,1755813720000000000,2025-08-21 22:02:00+00:00,1755836940000000000,2025-08-22 04:29:00+00:00,23220000000000.0,1.1608400000010002,1.1583500000000002,['4.64 USD'],0.00214,244.36 USD,True
BACKTESTER-001,MovingAverageCrossover-MA_CROSS,EUR/USD.IDEALPRO,IDEALPRO-001,O-20250822-051800-001-MA_CROSS-5368,O-20250822-100200-001-MA_CROSS-5371,BUY,FLAT,0.00,100000.00,1755839880000000000,2025-08-22 05:18:00+00:00,1755856920000000000,2025-08-22 10:02:00+00:00,17040000000000.0,1.1587899999990001,1.1598500000010001,['4.64 USD'],0.00091,101.36 USD,True
BACKTESTER-001,MovingAverageCrossover-MA_CROSS,EUR/USD.IDEALPRO,IDEALPRO-001,O-20250822-120000-001-MA_CROSS-5372,O-20250822-133200-001-MA_CROSS-5375,BUY,FLAT,0.00,100000.00,1755864000000000000,2025-08-22 12:00:00+00:00,1755869520000000000,2025-08-22 13:32:00+00:00,5520000000000.0,1.1604599999990002,1.160850000001,['4.64 USD'],0.00034,34.36 USD,True
BACKTESTER-001,MovingAverageCrossover-MA_CROSS,EUR/USD.IDEALPRO,IDEALPRO-001,O-20250822-150000-001-MA_CROSS-5376,O-20250822-150000-001-MA_CROSS-5377,BUY,FLAT,0.00,100000.00,1755874800000000000,2025-08-22 15:00:00+00:00,1756078140000000000,2025-08-24 23:29:00+00:00,203340000000000.0,1.171829999999,1.170810000001,['4.68 USD'],-0.00087,-106.68 USD,True
BACKTESTER-001,MovingAverageCrossover-MA_CROSS,EUR/USD.IDEALPRO,IDEALPRO-001,O-20250825-003000-001-MA_CROSS-5379,O-20250825-003000-001-MA_CROSS-5380,SELL,FLAT,0.00,100000.00,1756081800000000000,2025-08-25 00:30:00+00:00,1756102080000000000,2025-08-25 06:08:00+00:00,20280000000000.0,1.1699200000010002,1.1709399999990002,['4.68 USD'],-0.00087,-106.68 USD,True
BACKTESTER-001,MovingAverageCrossover-MA_CROSS,EUR/USD.IDEALPRO,IDEALPRO-001,O-20250825-083000-001-MA_CROSS-5382,O-20250825-093000-001-MA_CROSS-5385,BUY,FLAT,0.00,100000.00,1756110600000000000,2025-08-25 08:30:00+00:00,1756114200000000000,2025-08-25 09:30:00+00:00,3600000000000.0,1.1703599999990002,1.169800000001,['4.68 USD'],-0.00048,-60.68 USD,True
BACKTESTER-001,MovingAverageCrossover-MA_CROSS,EUR/USD.IDEALPRO,IDEALPRO-001,O-20250825-113000-001-MA_CROSS-5386,O-20250825-143000-001-MA_CROSS-5389,BUY,FLAT,0.00,100000.00,1756121400000000000,2025-08-25 11:30:00+00:00,1756132200000000000,2025-08-25 14:30:00+00:00,10800000000000.0,1.1694699999990001,1.1702600000010002,['4.68 USD'],0.00068,74.32 USD,True
BACKTESTER-001,MovingAverageCrossover-MA_CROSS,EUR/USD.IDEALPRO,IDEALPRO-001,O-20250825-203000-001-MA_CROSS-5390,O-20250825-203000-001-MA_CROSS-5392,BUY,FLAT,0.00,100000.00,1756153800000000000,2025-08-25 20:30:00+00:00,1756167240000000000,2025-08-26 00:14:00+00:00,13440000000000.0,1.1619599999990002,1.16445,['4.65 USD'],0.00214,244.35 USD,True
BACKTESTER-001,MovingAverageCrossover-MA_CROSS,EUR/USD.IDEALPRO,IDEALPRO-001,O-20250826-040000-001-MA_CROSS-5393,O-20250826-040000-001-MA_CROSS-5394,SELL,FLAT,0.00,100000.00,1756180800000000000,2025-08-26 04:00:00+00:00,1756186620000000000,2025-08-26 05:37:00+00:00,5820000000000.0,1.1625600000010001,1.163579999999,['4.66 USD'],-0.00088,-106.66 USD,True
BACKTESTER-001,MovingAverageCrossover-MA_CROSS,EUR/USD.IDEALPRO,IDEALPRO-001,O-20250826-080000-001-MA_CROSS-5396,O-20250826-080000-001-MA_CROSS-5397,BUY,FLAT,0.00,100000.00,1756195200000000000,2025-08-26 08:00:00+00:00,1756196580000000000,2025-08-26 08:23:00+00:00,1380000000000.0,1.1621799999990001,1.161160000001,['4.64 USD'],-0.00088,-106.64 USD,True
BACKTESTER-001,MovingAverageCrossover-MA_CROSS,EUR/USD.IDEALPRO,IDEALPRO-001,O-20250826-083000-001-MA_CROSS-5399,O-20250826-083000-001-MA_CROSS-5400,SELL,FLAT,0.00,100000.00,1756197000000000000,2025-08-26 08:30:00+00:00,1756199340000000000,2025-08-26 09:09:00+00:00,2340000000000.0,1.161730000001,1.162749999999,['4.65 USD'],-0.00088,-106.65 USD,True
BACKTESTER-001,MovingAverageCrossover-MA_CROSS,EUR/USD.IDEALPRO,IDEALPRO-001,O-20250826-100000-001-MA_CROSS-5402,O-20250826-170000-001-MA_CROSS-5405,BUY,FLAT,0.00,100000.00,1756202400000000000,2025-08-26 10:00:00+00:00,1756227600000000000,2025-08-26 17:00:00+00:00,25200000000000.0,1.164269999999,1.164880000001,['4.66 USD'],0.00052,56.34 USD,True
BACKTESTER-001,MovingAverageCrossover-MA_CROSS,EUR/USD.IDEALPRO,IDEALPRO-001,O-20250826-193000-001-MA_CROSS-5406,O-20250826-200000-001-MA_CROSS-5409,BUY,FLAT,0.00,100000.00,1756236600000000000,2025-08-26 19:30:00+00:00,1756238400000000000,2025-08-26 20:00:00+00:00,1800000000000.0,1.164749999999,1.1640500000010001,['4.66 USD'],-0.0006,-74.66 USD,True
BACKTESTER-001,MovingAverageCrossover-MA_CROSS,EUR/USD.IDEALPRO,IDEALPRO-001,O-20250827-053000-001-MA_CROSS-5410,O-20250827-053000-001-MA_CROSS-5411,BUY,FLAT,0.00,100000.00,1756272600000000000,2025-08-27 05:30:00+00:00,1756279800000000000,2025-08-27 07:30:00+00:00,7200000000000.0,1.1617799999990002,1.160760000001,['4.64 USD'],-0.00088,-106.64 USD,True
BACKTESTER-001,MovingAverageCrossover-MA_CROSS,EUR/USD.IDEALPRO,IDEALPRO-001,O-20250827-073000-001-MA_CROSS-5413,O-20250827-073000-001-MA_CROSS-5415,SELL,FLAT,0.00,100000.00,1756279800000000000,2025-08-27 07:30:00+00:00,1756283520000000000,2025-08-27 08:32:00+00:00,3720000000000.0,1.160500000001,1.1580100000000002,['4.64 USD'],0.00215,244.36 USD,True
BACKTESTER-001,MovingAverageCrossover-MA_CROSS,EUR/USD.IDEALPRO,IDEALPRO-001,O-20250827-093000-001-MA_CROSS-5416,O-20250827-093000-001-MA_CROSS-5417,BUY,FLAT,0.00,100000.00,1756287000000000000,2025-08-27 09:30:00+00:00,1756289940000000000,2025-08-27 10:19:00+00:00,2940000000000.0,1.159489999999,1.1584700000010002,['4.64 USD'],-0.00088,-106.64 USD,True
BACKTESTER-001,MovingAverageCrossover-MA_CROSS,EUR/USD.IDEALPRO,IDEALPRO-001,O-20250827-103000-001-MA_CROSS-5419,O-20250827-120000-001-MA_CROSS-5422,SELL,FLAT,0.00,100000.00,1756290600000000000,2025-08-27 10:30:00+00:00,1756296000000000000,2025-08-27 12:00:00+00:00,5400000000000.0,1.1585600000010001,1.158619999999,['4.64 USD'],-5e-05,-10.64 USD,True
BACKTESTER-001,MovingAverageCrossover-MA_CROSS,EUR/USD.IDEALPRO,IDEALPRO-001,O-20250827-143000-001-MA_CROSS-5423,O-20250827-150000-001-MA_CROSS-5426,SELL,FLAT,0.00,100000.00,1756305000000000000,2025-08-27 14:30:00+00:00,1756306800000000000,2025-08-27 15:00:00+00:00,1800000000000.0,1.158860000001,1.159249999999,['4.64 USD'],-0.00034,-43.64 USD,True
BACKTESTER-001,MovingAverageCrossover-MA_CROSS,EUR/USD.IDEALPRO,IDEALPRO-001,O-20250828-001600-001-MA_CROSS-5427,O-20250828-001600-001-MA_CROSS-5428,SELL,FLAT,0.00,100000.00,1756340160000000000,2025-08-28 00:16:00+00:00,1756347180000000000,2025-08-28 02:13:00+00:00,7020000000000.0,1.1643300000010002,1.1653499999990002,['4.66 USD'],-0.00088,-106.66 USD,True
BACKTESTER-001,MovingAverageCrossover-MA_CROSS,EUR/USD.IDEALPRO,IDEALPRO-001,O-20250828-080000-001-MA_CROSS-5430,O-20250828-080000-001-MA_CROSS-5431,BUY,FLAT,0.00,100000.00,1756368000000000000,2025-08-28 08:00:00+00:00,1756368660000000000,2025-08-28 08:11:00+00:00,660000000000.0,1.1643799999989999,1.1633600000010003,['4.66 USD'],-0.00088,-106.66 USD,True
BACKTESTER-001,MovingAverageCrossover-MA_CROSS,EUR/USD.IDEALPRO,IDEALPRO-001,O-20250828-111600-001-MA_CROSS-5433,O-20250828-111600-001-MA_CROSS-5434,SELL,FLAT,0.00,100000.00,1756379760000000000,2025-08-28 11:16:00+00:00,1756382940000000000,2025-08-28 12:09:00+00:00,3180000000000.0,1.1663600000010002,1.1673799999990002,['4.66 USD'],-0.00087,-106.66 USD,True
BACKTESTER-001,MovingAverageCrossover-MA_CROSS,EUR/USD.IDEALPRO,IDEALPRO-001,O-20250828-140000-001-MA_CROSS-5436,O-20250828-150000-001-MA_CROSS-5439,BUY,FLAT,0.00,100000.00,1756389600000000000,2025-08-28 14:00:00+00:00,1756393200000000000,2025-08-28 15:00:00+00:00,3600000000000.0,1.167259999999,1.167030000001,['4.66 USD'],-0.0002,-27.66 USD,True
BACKTESTER-001,MovingAverageCrossover-MA_CROSS,EUR/USD.IDEALPRO,IDEALPRO-001,O-20250828-154600-001-MA_CROSS-5440,O-20250828-154600-001-MA_CROSS-5442,BUY,FLAT,0.00,100000.00,1756395960000000000,2025-08-28 15:46:00+00:00,1756401540000000000,2025-08-28 17:19:00+00:00,5580000000000.0,1.167189999999,1.16971,['4.67 USD'],0.00216,247.33 USD,True
BACKTESTER-001,MovingAverageCrossover-MA_CROSS,EUR/USD.IDEALPRO,IDEALPRO-001,O-20250828-200000-001-MA_CROSS-5443,O-20250828-210000-001-MA_CROSS-5446,SELL,FLAT,0.00,100000.00,1756411200000000000,2025-08-28 20:00:00+00:00,1756414800000000000,2025-08-28 21:00:00+00:00,3600000000000.0,1.1682600000010002,1.1683799999989999,['4.68 USD'],-0.0001,-16.68 USD,True
BACKTESTER-001,MovingAverageCrossover-MA_CROSS,EUR/USD.IDEALPRO,IDEALPRO-001,O-20250829-002000-001-MA_CROSS-5447,O-20250829-060000-001-MA_CROSS-5450,SELL,FLAT,0.00,100000.00,1756426800000000000,2025-08-29 00:20:00+00:00,1756447200000000000,2025-08-29 06:00:00+00:00,20400000000000.0,1.167740000001,1.1670099999990002,['4.67 USD'],0.00063,68.33 USD,True
BACKTESTER-001,MovingAverageCrossover-MA_CROSS,EUR/USD.IDEALPRO,IDEALPRO-001,O-20250829-064600-001-MA_CROSS-5451,O-20250829-064600-001-MA_CROSS-5452,SELL,FLAT,0.00,100000.00,1756449960000000000,2025-08-29 06:46:00+00:00,1756454100000000000,2025-08-29 07:55:00+00:00,4140000000000.0,1.166550000001,1.1675799999990002,['4.67 USD'],-0.00088,-107.67 USD,True
BACKTESTER-001,MovingAverageCrossover-MA_CROSS,EUR/USD.IDEALPRO,IDEALPRO-001,O-20250829-132000-001-MA_CROSS-5454,O-20250829-132000-001-MA_CROSS-5456,BUY,FLAT,0.00,100000.00,1756473600000000000,2025-08-29 13:20:00+00:00,1756477860000000000,2025-08-29 14:31:00+00:00,4260000000000.0,1.166409999999,1.1689,['4.67 USD'],0.00213,244.33 USD,True
BACKTESTER-001,MovingAverageCrossover-MA_CROSS,EUR/USD.IDEALPRO,IDEALPRO-001,O-20250901-093000-001-MA_CROSS-5457,O-20250901-093000-001-MA_CROSS-5459,SELL,FLAT,0.00,100000.00,1756719000000000000,2025-09-01 09:30:00+00:00,1756742460000000000,2025-09-01 16:01:00+00:00,23460000000000.0,1.172450000001,1.16996,['4.68 USD'],0.00212,244.32 USD,True
BACKTESTER-001,MovingAverageCrossover-MA_CROSS,EUR/USD.IDEALPRO,IDEALPRO-001,O-20250901-163000-001-MA_CROSS-5460,O-20250902-010000-001-MA_CROSS-5463,BUY,FLAT,0.00,100000.00,1756744200000000000,2025-09-01 16:30:00+00:00,1756774800000000000,2025-09-02 01:00:00+00:00,30600000000000.0,1.170279999999,1.1704300000010002,['4.68 USD'],0.00013,10.32 USD,True
BACKTESTER-001,MovingAverageCrossover-MA_CROSS,EUR/USD.IDEALPRO,IDEALPRO-001,O-20250902-063000-001-MA_CROSS-5464,O-20250902-063000-001-MA_CROSS-5465,BUY,FLAT,0.00,100000.00,1756794600000000000,2025-09-02 06:30:00+00:00,1756797300000000000,2025-09-02 07:15:00+00:00,2700000000000.0,1.1699799999990002,1.168960000001,['4.68 USD'],-0.00087,-106.68 USD,True
BACKTESTER-001,MovingAverageCrossover-MA_CROSS,EUR/USD.IDEALPRO,IDEALPRO-001,O-20250902-080000-001-MA_CROSS-5467,O-20250902-100000-001-MA_CROSS-5470,SELL,FLAT,0.00,100000.00,1756800000000000000,2025-09-02 08:00:00+00:00,1756807200000000000,2025-09-02 10:00:00+00:00,7200000000000.0,1.1646300000010001,1.1637699999989999,['4.66 USD'],0.00074,81.34 USD,True
BACKTESTER-001,MovingAverageCrossover-MA_CROSS,EUR/USD.IDEALPRO,IDEALPRO-001,O-20250902-103000-001-MA_CROSS-5471,O-20250902-103000-001-MA_CROSS-5472,SELL,FLAT,0.00,100000.00,1756809000000000000,2025-09-02 10:30:00+00:00,1756811040000000000,2025-09-02 11:04:00+00:00,2040000000000.0,1.162830000001,1.1638499999990002,['4.66 USD'],-0.00088,-106.66 USD,True
BACKTESTER-001,MovingAverageCrossover-MA_CROSS,EUR/USD.IDEALPRO,IDEALPRO-001,O-20250902-140000-001-MA_CROSS-5474,O-20250902-140000-001-MA_CROSS-5476,BUY,FLAT,0.00,100000.00,1756821600000000000,2025-09-02 14:00:00+00:00,1756822140000000000,2025-09-02 14:09:00+00:00,540000000000.0,1.164949999999,1.16744,['4.66 USD'],0.00214,244.34 USD,True
BACKTESTER-001,MovingAverageCrossover-MA_CROSS,EUR/USD.IDEALPRO,IDEALPRO-001,O-20250902-150000-001-MA_CROSS-5477,O-20250902-150000-001-MA_CROSS-5479,SELL,FLAT,0.00,100000.00,1756825200000000000,2025-09-02 15:00:00+00:00,1756836600000000000,2025-09-02 18:10:00+00:00,11400000000000.0,1.1662200000010001,1.16373,['4.66 USD'],0.00214,244.34 USD,True
BACKTESTER-001,MovingAverageCrossover-MA_CROSS,EUR/USD.IDEALPRO,IDEALPRO-001,O-20250902-193000-001-MA_CROSS-5480,O-20250902-230000-001-MA_CROSS-5483,BUY,FLAT,0.00,100000.00,1756841400000000000,2025-09-02 19:30:00+00:00,1756854000000000000,2025-09-02 23:00:00+00:00,12600000000000.0,1.1637699999989999,1.1637100000010001,['4.66 USD'],-5e-05,-10.66 USD,True
BACKTESTER-001,MovingAverageCrossover-MA_CROSS,EUR/USD.IDEALPRO,IDEALPRO-001,O-20250903-010000-001-MA_CROSS-5484,O-20250903-033000-001-MA_CROSS-5487,BUY,FLAT,0.00,100000.00,1756861200000000000,2025-09-03 01:00:00+00:00,1756870200000000000,2025-09-03 03:30:00+00:00,9000000000000.0,1.163329999999,1.162590000001,['4.66 USD'],-0.00064,-78.66 USD,True
BACKTESTER-001,MovingAverageCrossover-MA_CROSS,EUR/USD.IDEALPRO,IDEALPRO-001,O-20250903-043000-001-MA_CROSS-5488,O-20250903-043000-001-MA_CROSS-5489,BUY,FLAT,0.00,100000.00,1756873800000000000,2025-09-03 04:30:00+00:00,1756884000000000000,2025-09-03 07:20:00+00:00,10200000000000.0,1.162779999999,1.161760000001,['4.65 USD'],-0.00088,-106.65 USD,True
BACKTESTER-001,MovingAverageCrossover-MA_CROSS,EUR/USD.IDEALPRO,IDEALPRO-001,O-20250903-103000-001-MA_CROSS-5491,O-20250903-120000-001-MA_CROSS-5494,SELL,FLAT,0.00,100000.00,1756895400000000000,2025-09-03 10:30:00+00:00,1756900800000000000,2025-09-03 12:00:00+00:00,5400000000000.0,1.164780000001,1.1651699999990002,['4.66 USD'],-0.00033,-43.66 USD,True
BACKTESTER-001,MovingAverageCrossover-MA_CROSS,EUR/USD.IDEALPRO,IDEALPRO-001,O-20250903-150000-001-MA_CROSS-5495,O-20250903-150000-001-MA_CROSS-5496,SELL,FLAT,0.00,100000.00,1756911600000000000,2025-09-03 15:00:00+00:00,1756912020000000000,2025-09-03 15:07:00+00:00,420000000000.0,1.166350000001,1.1673699999990002,['4.66 USD'],-0.00087,-106.66 USD,True
BACKTESTER-001,MovingAverageCrossover-MA_CROSS,EUR/USD.IDEALPRO,IDEALPRO-001,O-20250903-153000-001-MA_CROSS-5498,O-20250903-153000-001-MA_CROSS-5499,BUY,FLAT,0.00,100000.00,1756913400000000000,2025-09-03 15:30:00+00:00,1756915560000000000,2025-09-03 16:06:00+00:00,2160000000000.0,1.1679899999990002,1.1669700000010002,['4.67 USD'],-0.00087,-106.67 USD,True
BACKTESTER-001,MovingAverageCrossover-MA_CROSS,EUR/USD.IDEALPRO,IDEALPRO-001,O-20250904-043000-001-MA_CROSS-5501,O-20250904-054200-001-MA_CROSS-5504,SELL,FLAT,0.00,100000.00,1756960200000000000,2025-09-04 04:30:00+00:00,1756964520000000000,2025-09-04 05:42:00+00:00,4320000000000.0,1.165130000001,1.165429999999,['4.66 USD'],-0.00026,-34.66 USD,True
BACKTESTER-001,MovingAverageCrossover-MA_CROSS,EUR/USD.IDEALPRO,IDEALPRO-001,O-20250904-064600-001-MA_CROSS-5505,O-20250904-082000-001-MA_CROSS-5508,SELL,FLAT,0.00,100000.00,1756968360000000000,2025-09-04 06:46:00+00:00,1756974000000000000,2025-09-04 08:20:00+00:00,5640000000000.0,1.1653500000010002,1.165459999999,['4.66 USD'],-9e-05,-15.66 USD,True
BACKTESTER-001,MovingAverageCrossover-MA_CROSS,EUR/USD.IDEALPRO,IDEALPRO-001,O-20250904-092200-001-MA_CROSS-5509,O-20250904-092200-001-MA_CROSS-5510,SELL,FLAT,0.00,100000.00,1756977720000000000,2025-09-04 09:22:00+00:00,1756980900000000000,2025-09-04 10:15:00+00:00,3180000000000.0,1.1643600000010002,1.1653799999990002,['4.66 USD'],-0.00088,-106.66 USD,True
BACKTESTER-001,MovingAverageCrossover-MA_CROSS,EUR/USD.IDEALPRO,IDEALPRO-001,O-20250904-103000-001-MA_CROSS-5512,O-20250904-103000-001-MA_CROSS-5513,BUY,FLAT,0.00,100000.00,1756981800000000000,2025-09-04 10:30:00+00:00,1756984080000000000,2025-09-04 11:08:00+00:00,2280000000000.0,1.165559999999,1.1645400000009998,['4.66 USD'],-0.00088,-106.66 USD,True
BACKTESTER-001,MovingAverageCrossover-MA_CROSS,EUR/USD.IDEALPRO,IDEALPRO-001,O-20250904-111600-001-MA_CROSS-5515,O-20250904-111600-001-MA_CROSS-5516,SELL,FLAT,0.00,100000.00,1756984560000000000,2025-09-04 11:16:00+00:00,1756988160000000000,2025-09-04 12:16:00+00:00,3600000000000.0,1.1646000000010002,1.1655799999990002,['4.66 USD'],-0.00084,-102.66 USD,True
BACKTESTER-001,MovingAverageCrossover-MA_CROSS,EUR/USD.IDEALPRO,IDEALPRO-001,O-20250904-134600-001-MA_CROSS-5518,O-20250904-134600-001-MA_CROSS-5519,BUY,FLAT,0.00,100000.00,1756993560000000000,2025-09-04 13:46:00+00:00,1756994460000000000,2025-09-04 14:01:00+00:00,900000000000.0,1.165149999999,1.1641300000010002,['4.66 USD'],-0.00088,-106.66 USD,True
BACKTESTER-001,MovingAverageCrossover-MA_CROSS,EUR/USD.IDEALPRO,IDEALPRO-001,O-20250904-141600-001-MA_CROSS-5521,O-20250904-153000-001-MA_CROSS-5524,SELL,FLAT,0.00,100000.00,1756995360000000000,2025-09-04 14:16:00+00:00,1756999800000000000,2025-09-04 15:30:00+00:00,4440000000000.0,1.164760000001,1.1641099999990001,['4.66 USD'],0.00056,60.34 USD,True
BACKTESTER-001,MovingAverageCrossover-MA_CROSS,EUR/USD.IDEALPRO,IDEALPRO-001,O-20250904-163000-001-MA_CROSS-5525,O-20250904-163000-001-MA_CROSS-5526,SELL,FLAT,0.00,100000.00,1757003400000000000,2025-09-04 16:30:00+00:00,1757011080000000000,2025-09-04 18:38:00+00:00,7680000000000.0,1.163690000001,1.164709999999,['4.66 USD'],-0.00088,-106.66 USD,True
BACKTESTER-001,MovingAverageCrossover-MA_CROSS,EUR/USD.IDEALPRO,IDEALPRO-001,O-20250905-033000-001-MA_CROSS-5528,O-20250905-043000-001-MA_CROSS-5531,BUY,FLAT,0.00,100000.00,1757043000000000000,2025-09-05 03:30:00+00:00,1757046600000000000,2025-09-05 04:30:00+00:00,3600000000000.0,1.167189999999,1.1669000000010001,['4.66 USD'],-0.00025,-33.66 USD,True
BACKTESTER-001,MovingAverageCrossover-MA_CROSS,EUR/USD.IDEALPRO,IDEALPRO-001,O-20250905-051800-001-MA_CROSS-5532,O-20250905-062000-001-MA_CROSS-5535,BUY,FLAT,0.00,100000.00,1757049480000000000,2025-09-05 05:18:00+00:00,1757053200000000000,2025-09-05 06:20:00+00:00,3720000000000.0,1.1669399999990002,1.1670100000010002,['4.66 USD'],6e-05,2.34 USD,True
BACKTESTER-001,MovingAverageCrossover-MA_CROSS,EUR/USD.IDEALPRO,IDEALPRO-001,O-20250905-073800-001-MA_CROSS-5536,O-20250905-110600-001-MA_CROSS-5539,BUY,FLAT,0.00,100000.00,1757057880000000000,2025-09-05 07:38:00+00:00,1757070360000000000,2025-09-05 11:06:00+00:00,12480000000000.0,1.167289999999,1.1688400000010002,['4.67 USD'],0.00133,150.33 USD,True
BACKTESTER-001,MovingAverageCrossover-MA_CROSS,EUR/USD.IDEALPRO,IDEALPRO-001,O-20250905-140000-001-MA_CROSS-5540,O-20250905-140000-001-MA_CROSS-5541,BUY,FLAT,0.00,100000.00,1757080800000000000,2025-09-05 14:00:00+00:00,1757082240000000000,2025-09-05 14:24:00+00:00,1440000000000.0,1.174909999999,1.1738900000010002,['4.70 USD'],-0.00087,-106.70 USD,True
BACKTESTER-001,MovingAverageCrossover-MA_CROSS,EUR/USD.IDEALPRO,IDEALPRO-001,O-20250905-144600-001-MA_CROSS-5543,O-20250905-144600-001-MA_CROSS-5544,SELL,FLAT,0.00,100000.00,1757083560000000000,2025-09-05 14:46:00+00:00,1757085000000000000,2025-09-05 15:10:00+00:00,1440000000000.0,1.173030000001,1.1740899999990002,['4.70 USD'],-0.0009,-110.70 USD,True
BACKTESTER-001,MovingAverageCrossover-MA_CROSS,EUR/USD.IDEALPRO,IDEALPRO-001,O-20250905-153200-001-MA_CROSS-5546,O-20250905-153200-001-MA_CROSS-5547,BUY,FLAT,0.00,100000.00,1757086320000000000,2025-09-05 15:32:00+00:00,1757091360000000000,2025-09-05 16:56:00+00:00,5040000000000.0,1.174709999999,1.1736900000009998,['4.70 USD'],-0.00087,-106.70 USD,True
BACKTESTER-001,MovingAverageCrossover-MA_CROSS,EUR/USD.IDEALPRO,IDEALPRO-001,O-20250905-170000-001-MA_CROSS-5549,O-20250905-191600-001-MA_CROSS-5552,SELL,FLAT,0.00,100000.00,1757091600000000000,2025-09-05 17:00:00+00:00,1757099760000000000,2025-09-05 19:16:00+00:00,8160000000000.0,1.173880000001,1.1719899999990002,['4.69 USD'],0.00161,184.31 USD,True
BACKTESTER-001,MovingAverageCrossover-MA_CROSS,EUR/USD.IDEALPRO,IDEALPRO-001,O-20250908-063000-001-MA_CROSS-5553,O-20250908-063000-001-MA_CROSS-5554,SELL,FLAT,0.00,100000.00,1757313000000000000,2025-09-08 06:30:00+00:00,1757314380000000000,2025-09-08 06:53:00+00:00,1380000000000.0,1.1716800000010001,1.1726999999990002,['4.69 USD'],-0.00087,-106.69 USD,True
BACKTESTER-001,MovingAverageCrossover-MA_CROSS,EUR/USD.IDEALPRO,IDEALPRO-001,O-20250908-070000-001-MA_CROSS-5556,O-20250908-083000-001-MA_CROSS-5559,BUY,FLAT,0.00,100000.00,1757314800000000000,2025-09-08 07:00:00+00:00,1757320200000000000,2025-09-08 08:30:00+00:00,5400000000000.0,1.1726999999990002,1.1728700000010002,['4.70 USD'],0.00014,12.30 USD,True
BACKTESTER-001,MovingAverageCrossover-MA_CROSS,EUR/USD.IDEALPRO,IDEALPRO-001,O-20250908-133000-001-MA_CROSS-5560,O-20250908-133000-001-MA_CROSS-5561,BUY,FLAT,0.00,100000.00,1757338200000000000,2025-09-08 13:30:00+00:00,1757341440000000000,2025-09-08 14:24:00+00:00,3240000000000.0,1.175089999999,1.174070000001,['4.70 USD'],-0.00087,-106.70 USD,True
BACKTESTER-001,MovingAverageCrossover-MA_CROSS,EUR/USD.IDEALPRO,IDEALPRO-001,O-20250908-163000-001-MA_CROSS-5563,O-20250908-173000-001-MA_CROSS-5566,SELL,FLAT,0.00,100000.00,1757349000000000000,2025-09-08 16:30:00+00:00,1757352600000000000,2025-09-08 17:30:00+00:00,3600000000000.0,1.1744300000010002,1.174649999999,['4.70 USD'],-0.00019,-26.70 USD,True
BACKTESTER-001,MovingAverageCrossover-MA_CROSS,EUR/USD.IDEALPRO,IDEALPRO-001,O-20250908-203000-001-MA_CROSS-5567,O-20250908-203000-001-MA_CROSS-5568,SELL,FLAT,0.00,100000.00,1757363400000000000,2025-09-08 20:30:00+00:00,1757373780000000000,2025-09-08 23:23:00+00:00,10380000000000.0,1.1760600000010002,1.177079999999,['4.70 USD'],-0.00087,-106.70 USD,True
BACKTESTER-001,MovingAverageCrossover-MA_CROSS,EUR/USD.IDEALPRO,IDEALPRO-001,O-20250909-003000-001-MA_CROSS-5570,O-20250909-033000-001-MA_CROSS-5573,BUY,FLAT,0.00,100000.00,1757377800000000000,2025-09-09 00:30:00+00:00,1757388600000000000,2025-09-09 03:30:00+00:00,10800000000000.0,1.177189999999,1.1765900000010001,['4.70 USD'],-0.00051,-64.70 USD,True
BACKTESTER-001,MovingAverageCrossover-MA_CROSS,EUR/USD.IDEALPRO,IDEALPRO-001,O-20250909-043000-001-MA_CROSS-5574,O-20250909-063000-001-MA_CROSS-5577,BUY,FLAT,0.00,100000.00,1757392200000000000,2025-09-09 04:30:00+00:00,1757399400000000000,2025-09-09 06:30:00+00:00,7200000000000.0,1.176949999999,1.176650000001,['4.70 USD'],-0.00025,-34.70 USD,True
BACKTESTER-001,MovingAverageCrossover-MA_CROSS,EUR/USD.IDEALPRO,IDEALPRO-001,O-20250909-090000-001-MA_CROSS-5578,O-20250909-110000-001-MA_CROSS-5581,BUY,FLAT,0.00,100000.00,1757408400000000000,2025-09-09 09:00:00+00:00,1757415600000000000,2025-09-09 11:00:00+00:00,7200000000000.0,1.175959999999,1.175400000001,['4.70 USD'],-0.00048,-60.70 USD,True
BACKTESTER-001,MovingAverageCrossover-MA_CROSS,EUR/USD.IDEALPRO,IDEALPRO-001,O-20250910-050000-001-MA_CROSS-5582,O-20250910-050000-001-MA_CROSS-5583,BUY,FLAT,0.00,100000.00,1757480400000000000,2025-09-10 05:00:00+00:00,1757487480000000000,2025-09-10 06:58:00+00:00,7080000000000.0,1.1715099999990002,1.170490000001,['4.68 USD'],-0.00087,-106.68 USD,True
BACKTESTER-001,MovingAverageCrossover-MA_CROSS,EUR/USD.IDEALPRO,IDEALPRO-001,O-20250910-070000-001-MA_CROSS-5585,O-20250910-090000-001-MA_CROSS-5588,SELL,FLAT,0.00,100000.00,1757487600000000000,2025-09-10 07:00:00+00:00,1757494800000000000,2025-09-10 09:00:00+00:00,7200000000000.0,1.169810000001,1.169999999999,['4.68 USD'],-0.00016,-23.68 USD,True
BACKTESTER-001,MovingAverageCrossover-MA_CROSS,EUR/USD.IDEALPRO,IDEALPRO-001,O-20250910-103000-001-MA_CROSS-5589,O-20250910-120000-001-MA_CROSS-5592,SELL,FLAT,0.00,100000.00,1757500200000000000,2025-09-10 10:30:00+00:00,1757505600000000000,2025-09-10 12:00:00+00:00,5400000000000.0,1.169970000001,1.170479999999,['4.68 USD'],-0.00044,-55.68 USD,True
BACKTESTER-001,MovingAverageCrossover-MA_CROSS,EUR/USD.IDEALPRO,IDEALPRO-001,O-20250910-153000-001-MA_CROSS-5593,O-20250910-153000-001-MA_CROSS-5595,SELL,FLAT,0.00,100000.00,1757518200000000000,2025-09-10 15:30:00+00:00,1757532600000000000,2025-09-10 19:30:00+00:00,14400000000000.0,1.172080000001,1.16959,['4.68 USD'],0.00212,244.32 USD,True
BACKTESTER-001,MovingAverageCrossover-MA_CROSS,EUR/USD.IDEALPRO,IDEALPRO-001,O-20250911-030600-001-MA_CROSS-5596,O-20250911-034800-001-MA_CROSS-5599,BUY,FLAT,0.00,100000.00,1757559960000000000,2025-09-11 03:06:00+00:00,1757562480000000000,2025-09-11 03:48:00+00:00,2520000000000.0,1.169969999999,1.1695400000010001,['4.68 USD'],-0.00037,-47.68 USD,True
BACKTESTER-001,MovingAverageCrossover-MA_CROSS,EUR/USD.IDEALPRO,IDEALPRO-001,O-20250911-050000-001-MA_CROSS-5600,O-20250911-050000-001-MA_CROSS-5601,BUY,FLAT,0.00,100000.00,1757566800000000000,2025-09-11 05:00:00+00:00,1757570160000000000,2025-09-11 05:56:00+00:00,3360000000000.0,1.1699599999990002,1.1689400000010002,['4.68 USD'],-0.00087,-106.68 USD,True
BACKTESTER-001,MovingAverageCrossover-MA_CROSS,EUR/USD.IDEALPRO,IDEALPRO-001,O-20250911-090400-001-MA_CROSS-5603,O-20250911-102200-001-MA_CROSS-5606,SELL,FLAT,0.00,100000.00,1757581440000000000,2025-09-11 09:04:00+00:00,1757586120000000000,2025-09-11 10:22:00+00:00,4680000000000.0,1.1689100000009998,1.168749999999,['4.68 USD'],0.00014,11.32 USD,True
BACKTESTER-001,MovingAverageCrossover-MA_CROSS,EUR/USD.IDEALPRO,IDEALPRO-001,O-20250911-110000-001-MA_CROSS-5607,O-20250911-111000-001-MA_CROSS-5610,SELL,FLAT,0.00,100000.00,1757588400000000000,2025-09-11 11:00:00+00:00,1757589000000000000,2025-09-11 11:10:00+00:00,600000000000.0,1.168300000001,1.168809999999,['4.68 USD'],-0.00044,-55.68 USD,True
BACKTESTER-001,MovingAverageCrossover-MA_CROSS,EUR/USD.IDEALPRO,IDEALPRO-001,O-20250911-144600-001-MA_CROSS-5611,O-20250911-144600-001-MA_CROSS-5612,SELL,FLAT,0.00,100000.00,1757601960000000000,2025-09-11 14:46:00+00:00,1757604120000000000,2025-09-11 15:22:00+00:00,2160000000000.0,1.173400000001,1.1742999999989998,['4.70 USD'],-0.00077,-94.70 USD,True
BACKTESTER-001,MovingAverageCrossover-MA_CROSS,EUR/USD.IDEALPRO,IDEALPRO-001,O-20250912-093000-001-MA_CROSS-5614,O-20250912-113000-001-MA_CROSS-5617,BUY,FLAT,0.00,100000.00,1757669400000000000,2025-09-12 09:30:00+00:00,1757676600000000000,2025-09-12 11:30:00+00:00,7200000000000.0,1.172339999999,1.172720000001,['4.69 USD'],0.00032,33.31 USD,True
BACKTESTER-001,MovingAverageCrossover-MA_CROSS,EUR/USD.IDEALPRO,IDEALPRO-001,O-20250912-130600-001-MA_CROSS-5618,O-20250912-130600-001-MA_CROSS-5619,BUY,FLAT,0.00,100000.00,1757682360000000000,2025-09-12 13:06:00+00:00,1757684160000000000,2025-09-12 13:36:00+00:00,1800000000000.0,1.171499999999,1.170480000001,['4.68 USD'],-0.00087,-106.68 USD,True
BACKTESTER-001,MovingAverageCrossover-MA_CROSS,EUR/USD.IDEALPRO,IDEALPRO-001,O-20250912-153000-001-MA_CROSS-5621,O-20250912-163000-001-MA_CROSS-5624,SELL,FLAT,0.00,100000.00,1757691000000000000,2025-09-12 15:30:00+00:00,1757694600000000000,2025-09-12 16:30:00+00:00,3600000000000.0,1.171940000001,1.1720599999990002,['4.68 USD'],-0.0001,-16.68 USD,True
BACKTESTER-001,MovingAverageCrossover-MA_CROSS,EUR/USD.IDEALPRO,IDEALPRO-001,O-20250912-192000-001-MA_CROSS-5625,O-20250915-033000-001-MA_CROSS-5628,SELL,FLAT,0.00,100000.00,1757704800000000000,2025-09-12 19:20:00+00:00,1757907000000000000,2025-09-15 03:30:00+00:00,202200000000000.0,1.1736800000010001,1.173219999999,['4.70 USD'],0.00039,41.30 USD,True
BACKTESTER-001,MovingAverageCrossover-MA_CROSS,EUR/USD.IDEALPRO,IDEALPRO-001,O-20250915-053000-001-MA_CROSS-5629,O-20250915-070000-001-MA_CROSS-5632,SELL,FLAT,0.00,100000.00,1757914200000000000,2025-09-15 05:30:00+00:00,1757919600000000000,2025-09-15 07:00:00+00:00,5400000000000.0,1.1729700000010002,1.172509999999,['4.70 USD'],0.00039,41.30 USD,True
BACKTESTER-001,MovingAverageCrossover-MA_CROSS,EUR/USD.IDEALPRO,IDEALPRO-001,O-20250915-080000-001-MA_CROSS-5633,O-20250915-080000-001-MA_CROSS-5634,SELL,FLAT,0.00,100000.00,1757923200000000000,2025-09-15 08:00:00+00:00,1757924640000000000,2025-09-15 08:24:00+00:00,1440000000000.0,1.173360000001,1.174379999999,['4.70 USD'],-0.00087,-106.70 USD,True
BACKTESTER-001,MovingAverageCrossover-MA_CROSS,EUR/USD.IDEALPRO,IDEALPRO-001,O-20250915-083000-001-MA_CROSS-5636,O-20250915-083000-001-MA_CROSS-5638,BUY,FLAT,0.00,100000.00,1757925000000000000,2025-09-15 08:30:00+00:00,1757932320000000000,2025-09-15 10:32:00+00:00,7320000000000.0,1.1737799999990002,1.17627,['4.70 USD'],0.00212,244.30 USD,True
BACKTESTER-001,MovingAverageCrossover-MA_CROSS,EUR/USD.IDEALPRO,IDEALPRO-001,O-20250915-110000-001-MA_CROSS-5639,O-20250915-113000-001-MA_CROSS-5642,SELL,FLAT,0.00,100000.00,1757934000000000000,2025-09-15 11:00:00+00:00,1757935800000000000,2025-09-15 11:30:00+00:00,1800000000000.0,1.175270000001,1.175899999999,['4.70 USD'],-0.00054,-67.70 USD,True
BACKTESTER-001,MovingAverageCrossover-MA_CROSS,EUR/USD.IDEALPRO,IDEALPRO-001,O-20250915-133000-001-MA_CROSS-5643,O-20250915-150000-001-MA_CROSS-5646,SELL,FLAT,0.00,100000.00,1757943000000000000,2025-09-15 13:30:00+00:00,1757948400000000000,2025-09-15 15:00:00+00:00,5400000000000.0,1.176080000001,1.175799999999,['4.70 USD'],0.00024,23.30 USD,True
BACKTESTER-001,MovingAverageCrossover-MA_CROSS,EUR/USD.IDEALPRO,IDEALPRO-001,O-20250915-163000-001-MA_CROSS-5647,O-20250915-163000-001-MA_CROSS-5648,SELL,FLAT,0.00,100000.00,1757953800000000000,2025-09-15 16:30:00+00:00,1757958540000000000,2025-09-15 17:49:00+00:00,4740000000000.0,1.175940000001,1.176959999999,['4.70 USD'],-0.00087,-106.70 USD,True
BACKTESTER-001,MovingAverageCrossover-MA_CROSS,EUR/USD.IDEALPRO,IDEALPRO-001,O-20250915-180000-001-MA_CROSS-5650,O-20250915-200000-001-MA_CROSS-5653,BUY,FLAT,0.00,100000.00,1757959200000000000,2025-09-15 18:00:00+00:00,1757966400000000000,2025-09-15 20:00:00+00:00,7200000000000.0,1.1771099999990002,1.176560000001,['4.70 USD'],-0.00047,-59.70 USD,True
BACKTESTER-001,MovingAverageCrossover-MA_CROSS,EUR/USD.IDEALPRO,IDEALPRO-001,O-20250916-033000-001-MA_CROSS-5654,O-20250916-043000-001-MA_CROSS-5657,BUY,FLAT,0.00,100000.00,1757993400000000000,2025-09-16 03:30:00+00:00,1757997000000000000,2025-09-16 04:30:00+00:00,3600000000000.0,1.1777199999990002,1.1776500000010002,['4.72 USD'],-6e-05,-11.72 USD,True
BACKTESTER-001,MovingAverageCrossover-MA_CROSS,EUR/USD.IDEALPRO,IDEALPRO-001,O-20250916-073000-001-MA_CROSS-5658,O-20250916-073000-001-MA_CROSS-5660,BUY,FLAT,0.00,100000.00,1758007800000000000,2025-09-16 07:30:00+00:00,1758029160000000000,2025-09-16 13:26:00+00:00,21360000000000.0,1.1798199999990002,1.18231,['4.72 USD'],0.00211,244.28 USD,True
BACKTESTER-001,MovingAverageCrossover-MA_CROSS,EUR/USD.IDEALPRO,IDEALPRO-001,O-20250916-180000-001-MA_CROSS-5661,O-20250916-203000-001-MA_CROSS-5664,SELL,FLAT,0.00,100000.00,1758045600000000000,2025-09-16 18:00:00+00:00,1758054600000000000,2025-09-16 20:30:00+00:00,9000000000000.0,1.1866000000010002,1.186579999999,['4.74 USD'],2e-05,-2.74 USD,True
BACKTESTER-001,MovingAverageCrossover-MA_CROSS,EUR/USD.IDEALPRO,IDEALPRO-001,O-20250917-040000-001-MA_CROSS-5665,O-20250917-090000-001-MA_CROSS-5668,SELL,FLAT,0.00,100000.00,1758081600000000000,2025-09-17 04:00:00+00:00,1758099600000000000,2025-09-17 09:00:00+00:00,18000000000000.0,1.185200000001,1.184839999999,['4.74 USD'],0.0003,31.26 USD,True
BACKTESTER-001,MovingAverageCrossover-MA_CROSS,EUR/USD.IDEALPRO,IDEALPRO-001,O-20250917-093000-001-MA_CROSS-5669,O-20250917-133000-001-MA_CROSS-5672,SELL,FLAT,0.00,100000.00,1758101400000000000,2025-09-17 09:30:00+00:00,1758115800000000000,2025-09-17 13:30:00+00:00,14400000000000.0,1.1844000000009998,1.184779999999,['4.74 USD'],-0.00032,-42.74 USD,True
BACKTESTER-001,MovingAverageCrossover-MA_CROSS,EUR/USD.IDEALPRO,IDEALPRO-001,O-20250917-150000-001-MA_CROSS-5673,O-20250917-163000-001-MA_CROSS-5676,SELL,FLAT,0.00,100000.00,1758121200000000000,2025-09-17 15:00:00+00:00,1758126600000000000,2025-09-17 16:30:00+00:00,5400000000000.0,1.184950000001,1.185529999999,['4.74 USD'],-0.00049,-62.74 USD,True
BACKTESTER-001,MovingAverageCrossover-MA_CROSS,EUR/USD.IDEALPRO,IDEALPRO-001,O-20250917-200000-001-MA_CROSS-5677,O-20250918-010000-001-MA_CROSS-5680,SELL,FLAT,0.00,100000.00,1758139200000000000,2025-09-17 20:00:00+00:00,1758157200000000000,2025-09-18 01:00:00+00:00,18000000000000.0,1.182450000001,1.182539999999,['4.73 USD'],-8e-05,-13.73 USD,True
BACKTESTER-001,MovingAverageCrossover-MA_CROSS,EUR/USD.IDEALPRO,IDEALPRO-001,O-20250918-032600-001-MA_CROSS-5681,O-20250918-032600-001-MA_CROSS-5683,SELL,FLAT,0.00,100000.00,1758165960000000000,2025-09-18 03:26:00+00:00,1758172260000000000,2025-09-18 05:11:00+00:00,6300000000000.0,1.181710000001,1.17922,['4.72 USD'],0.00211,244.28 USD,True
BACKTESTER-001,MovingAverageCrossover-MA_CROSS,EUR/USD.IDEALPRO,IDEALPRO-001,O-20250918-070400-001-MA_CROSS-5684,O-20250918-070400-001-MA_CROSS-5686,BUY,FLAT,0.00,100000.00,1758179040000000000,2025-09-18 07:04:00+00:00,1758180780000000000,2025-09-18 07:33:00+00:00,1740000000000.0,1.180109999999,1.1826,['4.73 USD'],0.00211,244.27 USD,True
BACKTESTER-001,MovingAverageCrossover-MA_CROSS,EUR/USD.IDEALPRO,IDEALPRO-001,O-20250918-100200-001-MA_CROSS-5687,O-20250918-100200-001-MA_CROSS-5689,SELL,FLAT,0.00,100000.00,1758189720000000000,2025-09-18 10:02:00+00:00,1758198660000000000,2025-09-18 12:31:00+00:00,8940000000000.0,1.183740000001,1.18125,['4.73 USD'],0.0021,244.27 USD,True
BACKTESTER-001,MovingAverageCrossover-MA_CROSS,EUR/USD.IDEALPRO,IDEALPRO-001,O-20250918-141600-001-MA_CROSS-5690,O-20250918-162600-001-MA_CROSS-5693,BUY,FLAT,0.00,100000.00,1758204960000000000,2025-09-18 14:16:00+00:00,1758212760000000000,2025-09-18 16:26:00+00:00,7800000000000.0,1.177519999999,1.1776500000010002,['4.72 USD'],0.00011,8.28 USD,True
BACKTESTER-001,MovingAverageCrossover-MA_CROSS,EUR/USD.IDEALPRO,IDEALPRO-001,O-20250918-170000-001-MA_CROSS-5694,O-20250918-180000-001-MA_CROSS-5697,BUY,FLAT,0.00,100000.00,1758214800000000000,2025-09-18 17:00:00+00:00,1758218400000000000,2025-09-18 18:00:00+00:00,3600000000000.0,1.178709999999,1.1787600000010001,['4.72 USD'],4e-05,0.28 USD,True
BACKTESTER-001,MovingAverageCrossover-MA_CROSS,EUR/USD.IDEALPRO,IDEALPRO-001,O-20250918-190200-001-MA_CROSS-5698,O-20250918-190200-001-MA_CROSS-5699,BUY,FLAT,0.00,100000.00,1758222120000000000,2025-09-18 19:02:00+00:00,1758240660000000000,2025-09-19 00:11:00+00:00,18540000000000.0,1.178919999999,1.177900000001,['4.72 USD'],-0.00087,-106.72 USD,True
BACKTESTER-001,MovingAverageCrossover-MA_CROSS,EUR/USD.IDEALPRO,IDEALPRO-001,O-20250919-040000-001-MA_CROSS-5701,O-20250919-053000-001-MA_CROSS-5704,SELL,FLAT,0.00,100000.00,1758254400000000000,2025-09-19 04:00:00+00:00,1758259800000000000,2025-09-19 05:30:00+00:00,5400000000000.0,1.178170000001,1.177659999999,['4.72 USD'],0.00043,46.28 USD,True
BACKTESTER-001,MovingAverageCrossover-MA_CROSS,EUR/USD.IDEALPRO,IDEALPRO-001,O-20250919-094800-001-MA_CROSS-5705,O-20250919-103000-001-MA_CROSS-5708,SELL,FLAT,0.00,100000.00,1758275280000000000,2025-09-19 09:48:00+00:00,1758277800000000000,2025-09-19 10:30:00+00:00,2520000000000.0,1.1758200000010002,1.176139999999,['4.70 USD'],-0.00027,-36.70 USD,True
BACKTESTER-001,MovingAverageCrossover-MA_CROSS,EUR/USD.IDEALPRO,IDEALPRO-001,O-20250919-150400-001-MA_CROSS-5709,O-20250919-160000-001-MA_CROSS-5712,SELL,FLAT,0.00,100000.00,1758294240000000000,2025-09-19 15:04:00+00:00,1758297600000000000,2025-09-19 16:00:00+00:00,3360000000000.0,1.175810000001,1.175229999999,['4.70 USD'],0.00049,53.30 USD,True
BACKTESTER-001,MovingAverageCrossover-MA_CROSS,EUR/USD.IDEALPRO,IDEALPRO-001,O-20250921-223000-001-MA_CROSS-5713,O-20250922-053000-001-MA_CROSS-5716,SELL,FLAT,0.00,100000.00,1758493800000000000,2025-09-21 22:30:00+00:00,1758519000000000000,2025-09-22 05:30:00+00:00,25200000000000.0,1.1740500000010001,1.173419999999,['4.70 USD'],0.00054,58.30 USD,True
BACKTESTER-001,MovingAverageCrossover-MA_CROSS,EUR/USD.IDEALPRO,IDEALPRO-001,O-20250922-110000-001-MA_CROSS-5717,O-20250922-120000-001-MA_CROSS-5720,SELL,FLAT,0.00,100000.00,1758538800000000000,2025-09-22 11:00:00+00:00,1758542400000000000,2025-09-22 12:00:00+00:00,3600000000000.0,1.1774100000010002,1.177829999999,['4.71 USD'],-0.00036,-46.71 USD,True
BACKTESTER-001,MovingAverageCrossover-MA_CROSS,EUR/USD.IDEALPRO,IDEALPRO-001,O-20250922-143000-001-MA_CROSS-5721,O-20250922-143000-001-MA_CROSS-5722,SELL,FLAT,0.00,100000.00,1758551400000000000,2025-09-22 14:30:00+00:00,1758557220000000000,2025-09-22 16:07:00+00:00,5820000000000.0,1.1765700000009998,1.177589999999,['4.71 USD'],-0.00087,-106.71 USD,True
BACKTESTER-001,MovingAverageCrossover-MA_CROSS,EUR/USD.IDEALPRO,IDEALPRO-001,O-20250922-163000-001-MA_CROSS-5724,O-20250922-163000-001-MA_CROSS-5726,BUY,FLAT,0.00,100000.00,1758558600000000000,2025-09-22 16:30:00+00:00,1758591540000000000,2025-09-23 01:39:00+00:00,32940000000000.0,1.1788699999990002,1.18136,['4.72 USD'],0.00211,244.28 USD,True
BACKTESTER-001,MovingAverageCrossover-MA_CROSS,EUR/USD.IDEALPRO,IDEALPRO-001,O-20250923-043000-001-MA_CROSS-5727,O-20250923-053000-001-MA_CROSS-5730,SELL,FLAT,0.00,100000.00,1758601800000000000,2025-09-23 04:30:00+00:00,1758605400000000000,2025-09-23 05:30:00+00:00,3600000000000.0,1.179930000001,1.180239999999,['4.72 USD'],-0.00026,-35.72 USD,True
BACKTESTER-001,MovingAverageCrossover-MA_CROSS,EUR/USD.IDEALPRO,IDEALPRO-001,O-20250923-100000-001-MA_CROSS-5731,O-20250923-160000-001-MA_CROSS-5734,SELL,FLAT,0.00,100000.00,1758621600000000000,2025-09-23 10:00:00+00:00,1758643200000000000,2025-09-23 16:00:00+00:00,21600000000000.0,1.180220000001,1.179839999999,['4.72 USD'],0.00032,33.28 USD,True
BACKTESTER-001,MovingAverageCrossover-MA_CROSS,EUR/USD.IDEALPRO,IDEALPRO-001,O-20250924-010000-001-MA_CROSS-5735,O-20250924-043000-001-MA_CROSS-5738,SELL,FLAT,0.00,100000.00,1758675600000000000,2025-09-24 01:00:00+00:00,1758688200000000000,2025-09-24 04:30:00+00:00,12600000000000.0,1.180380000001,1.1802599999990002,['4.72 USD'],0.0001,7.28 USD,True
BACKTESTER-001,MovingAverageCrossover-MA_CROSS,EUR/USD.IDEALPRO,IDEALPRO-001,O-20250924-070000-001-MA_CROSS-5739,O-20250924-070000-001-MA_CROSS-5741,SELL,FLAT,0.00,100000.00,1758697200000000000,2025-09-24 07:00:00+00:00,1758708840000000000,2025-09-24 10:14:00+00:00,11640000000000.0,1.1787300000010001,1.1762400000000002,['4.71 USD'],0.00211,244.29 USD,True
BACKTESTER-001,MovingAverageCrossover-MA_CROSS,EUR/USD.IDEALPRO,IDEALPRO-001,O-20250924-200000-001-MA_CROSS-5742,O-20250925-073600-001-MA_CROSS-5745,BUY,FLAT,0.00,100000.00,1758744000000000000,2025-09-24 20:00:00+00:00,1758785760000000000,2025-09-25 07:36:00+00:00,41760000000000.0,1.1738099999990002,1.1741900000010002,['4.70 USD'],0.00032,33.30 USD,True
BACKTESTER-001,MovingAverageCrossover-MA_CROSS,EUR/USD.IDEALPRO,IDEALPRO-001,O-20250925-081800-001-MA_CROSS-5746,O-20250925-093800-001-MA_CROSS-5749,BUY,FLAT,0.00,100000.00,1758788280000000000,2025-09-25 08:18:00+00:00,1758793080000000000,2025-09-25 09:38:00+00:00,4800000000000.0,1.174139999999,1.1739500000010001,['4.70 USD'],-0.00016,-23.70 USD,True
BACKTESTER-001,MovingAverageCrossover-MA_CROSS,EUR/USD.IDEALPRO,IDEALPRO-001,O-20250925-161200-001-MA_CROSS-5750,O-20250925-161200-001-MA_CROSS-5751,BUY,FLAT,0.00,100000.00,1758816720000000000,2025-09-25 16:12:00+00:00,1758817140000000000,2025-09-25 16:19:00+00:00,420000000000.0,1.168239999999,1.167220000001,['4.67 USD'],-0.00087,-106.67 USD,True
BACKTESTER-001,MovingAverageCrossover-MA_CROSS,EUR/USD.IDEALPRO,IDEALPRO-001,O-20250925-170000-001-MA_CROSS-5753,O-20250925-170000-001-MA_CROSS-5755,SELL,FLAT,0.00,100000.00,1758819600000000000,2025-09-25 17:00:00+00:00,1758823980000000000,2025-09-25 18:13:00+00:00,4380000000000.0,1.1670700000010001,1.16458,['4.66 USD'],0.00213,244.34 USD,True
BACKTESTER-001,MovingAverageCrossover-MA_CROSS,EUR/USD.IDEALPRO,IDEALPRO-001,O-20250925-223000-001-MA_CROSS-5756,O-20250925-223000-001-MA_CROSS-5757,BUY,FLAT,0.00,100000.00,1758839400000000000,2025-09-25 22:30:00+00:00,1758845280000000000,2025-09-26 00:08:00+00:00,5880000000000.0,1.166819999999,1.165800000001,['4.66 USD'],-0.00087,-106.66 USD,True
BACKTESTER-001,MovingAverageCrossover-MA_CROSS,EUR/USD.IDEALPRO,IDEALPRO-001,O-20250926-032200-001-MA_CROSS-5759,O-20250926-073800-001-MA_CROSS-5762,SELL,FLAT,0.00,100000.00,1758856920000000000,2025-09-26 03:22:00+00:00,1758872280000000000,2025-09-26 07:38:00+00:00,15360000000000.0,1.1676800000010001,1.167829999999,['4.68 USD'],-0.00013,-19.68 USD,True
BACKTESTER-001,MovingAverageCrossover-MA_CROSS,EUR/USD.IDEALPRO,IDEALPRO-001,O-20250926-091600-001-MA_CROSS-5763,O-20250926-091600-001-MA_CROSS-5764,SELL,FLAT,0.00,100000.00,1758878160000000000,2025-09-26 09:16:00+00:00,1758891660000000000,2025-09-26 13:01:00+00:00,13500000000000.0,1.1676500000010002,1.1686699999990002,['4.68 USD'],-0.00087,-106.68 USD,True
BACKTESTER-001,MovingAverageCrossover-MA_CROSS,EUR/USD.IDEALPRO,IDEALPRO-001,O-20250926-200000-001-MA_CROSS-5766,O-20250926-200000-001-MA_CROSS-5768,BUY,FLAT,0.00,100000.00,1758916800000000000,2025-09-26 20:00:00+00:00,1759121700000000000,2025-09-29 04:55:00+00:00,204900000000000.0,1.1705899999990002,1.17308,['4.69 USD'],0.00213,244.31 USD,True
BACKTESTER-001,MovingAverageCrossover-MA_CROSS,EUR/USD.IDEALPRO,IDEALPRO-001,O-20250929-070000-001-MA_CROSS-5769,O-20250929-070000-001-MA_CROSS-5770,SELL,FLAT,0.00,100000.00,1759129200000000000,2025-09-29 07:00:00+00:00,1759130040000000000,2025-09-29 07:14:00+00:00,840000000000.0,1.171970000001,1.1729899999989999,['4.69 USD'],-0.00087,-106.69 USD,True
BACKTESTER-001,MovingAverageCrossover-MA_CROSS,EUR/USD.IDEALPRO,IDEALPRO-001,O-20250929-073000-001-MA_CROSS-5772,O-20250929-073000-001-MA_CROSS-5773,BUY,FLAT,0.00,100000.00,1759131000000000000,2025-09-29 07:30:00+00:00,1759134000000000000,2025-09-29 08:20:00+00:00,3000000000000.0,1.173119999999,1.172100000001,['4.69 USD'],-0.00087,-106.69 USD,True
BACKTESTER-001,MovingAverageCrossover-MA_CROSS,EUR/USD.IDEALPRO,IDEALPRO-001,O-20250929-083000-001-MA_CROSS-5775,O-20250929-083000-001-MA_CROSS-5776,SELL,FLAT,0.00,100000.00,1759134600000000000,2025-09-29 08:30:00+00:00,1759136400000000000,2025-09-29 09:00:00+00:00,1800000000000.0,1.1713800000010002,1.1723999999990002,['4.68 USD'],-0.00087,-106.68 USD,True
BACKTESTER-001,MovingAverageCrossover-MA_CROSS,EUR/USD.IDEALPRO,IDEALPRO-001,O-20250929-090000-001-MA_CROSS-5778,O-20250929-100000-001-MA_CROSS-5781,BUY,FLAT,0.00,100000.00,1759136400000000000,2025-09-29 09:00:00+00:00,1759140000000000000,2025-09-29 10:00:00+00:00,3600000000000.0,1.1723699999989998,1.1717500000010002,['4.68 USD'],-0.00053,-66.68 USD,True
BACKTESTER-001,MovingAverageCrossover-MA_CROSS,EUR/USD.IDEALPRO,IDEALPRO-001,O-20250929-110000-001-MA_CROSS-5782,O-20250929-110000-001-MA_CROSS-5783,BUY,FLAT,0.00,100000.00,1759143600000000000,2025-09-29 11:00:00+00:00,1759145400000000000,2025-09-29 11:30:00+00:00,1800000000000.0,1.171999999999,1.170980000001,['4.68 USD'],-0.00087,-106.68 USD,True
BACKTESTER-001,MovingAverageCrossover-MA_CROSS,EUR/USD.IDEALPRO,IDEALPRO-001,O-20250929-113000-001-MA_CROSS-5785,O-20250929-113000-001-MA_CROSS-5786,SELL,FLAT,0.00,100000.00,1759145400000000000,2025-09-29 11:30:00+00:00,1759146960000000000,2025-09-29 11:56:00+00:00,1560000000000.0,1.1709700000010002,1.1719899999990002,['4.68 USD'],-0.00087,-106.68 USD,True
BACKTESTER-001,MovingAverageCrossover-MA_CROSS,EUR/USD.IDEALPRO,IDEALPRO-001,O-20250929-120000-001-MA_CROSS-5788,O-20250929-120000-001-MA_CROSS-5789,BUY,FLAT,0.00,100000.00,1759147200000000000,2025-09-29 12:00:00+00:00,1759148760000000000,2025-09-29 12:26:00+00:00,1560000000000.0,1.172919999999,1.171900000001,['4.69 USD'],-0.00087,-106.69 USD,True
BACKTESTER-001,MovingAverageCrossover-MA_CROSS,EUR/USD.IDEALPRO,IDEALPRO-001,O-20250929-143000-001-MA_CROSS-5791,O-20250929-210000-001-MA_CROSS-5794,SELL,FLAT,0.00,100000.00,1759156200000000000,2025-09-29 14:30:00+00:00,1759179600000000000,2025-09-29 21:00:00+00:00,23400000000000.0,1.173470000001,1.172679999999,['4.70 USD'],0.00067,74.30 USD,True
BACKTESTER-001,MovingAverageCrossover-MA_CROSS,EUR/USD.IDEALPRO,IDEALPRO-001,O-20250930-043000-001-MA_CROSS-5795,O-20250930-050000-001-MA_CROSS-5798,SELL,FLAT,0.00,100000.00,1759206600000000000,2025-09-30 04:30:00+00:00,1759208400000000000,2025-09-30 05:00:00+00:00,1800000000000.0,1.171960000001,1.172879999999,['4.69 USD'],-0.00079,-96.69 USD,True
BACKTESTER-001,MovingAverageCrossover-MA_CROSS,EUR/USD.IDEALPRO,IDEALPRO-001,O-20250930-093000-001-MA_CROSS-5799,O-20250930-093000-001-MA_CROSS-5801,SELL,FLAT,0.00,100000.00,1759224600000000000,2025-09-30 09:30:00+00:00,1759237800000000000,2025-09-30 13:10:00+00:00,13200000000000.0,1.174610000001,1.17212,['4.69 USD'],0.00212,244.31 USD,True
BACKTESTER-001,MovingAverageCrossover-MA_CROSS,EUR/USD.IDEALPRO,IDEALPRO-001,O-20250930-150000-001-MA_CROSS-5802,O-20250930-150000-001-MA_CROSS-5803,BUY,FLAT,0.00,100000.00,1759244400000000000,2025-09-30 15:00:00+00:00,1759245240000000000,2025-09-30 15:14:00+00:00,840000000000.0,1.1749999999990002,1.1739800000010001,['4.70 USD'],-0.00087,-106.70 USD,True
BACKTESTER-001,MovingAverageCrossover-MA_CROSS,EUR/USD.IDEALPRO,IDEALPRO-001,O-20250930-153000-001-MA_CROSS-5805,O-20250930-153000-001-MA_CROSS-5806,SELL,FLAT,0.00,100000.00,1759246200000000000,2025-09-30 15:30:00+00:00,1759248120000000000,2025-09-30 16:02:00+00:00,1920000000000.0,1.1726300000010002,1.1736499999990002,['4.70 USD'],-0.00087,-106.70 USD,True
BACKTESTER-001,MovingAverageCrossover-MA_CROSS,EUR/USD.IDEALPRO,IDEALPRO-001,O-20250930-163000-001-MA_CROSS-5808,O-20250930-180000-001-MA_CROSS-5811,BUY,FLAT,0.00,100000.00,1759249800000000000,2025-09-30 16:30:00+00:00,1759255200000000000,2025-09-30 18:00:00+00:00,5400000000000.0,1.1742499999990001,1.1749300000010001,['4.70 USD'],0.00058,63.30 USD,True
BACKTESTER-001,MovingAverageCrossover-MA_CROSS,EUR/USD.IDEALPRO,IDEALPRO-001,O-20251001-003000-001-MA_CROSS-5812,O-20251001-003000-001-MA_CROSS-5814,BUY,FLAT,0.00,100000.00,1759278600000000000,2025-10-01 00:30:00+00:00,1759294860000000000,2025-10-01 05:01:00+00:00,16260000000000.0,1.1734999999990001,1.17599,['4.70 USD'],0.00212,244.30 USD,True
BACKTESTER-001,MovingAverageCrossover-MA_CROSS,EUR/USD.IDEALPRO,IDEALPRO-001,O-20251001-060000-001-MA_CROSS-5815,O-20251001-060000-001-MA_CROSS-5816,SELL,FLAT,0.00,100000.00,1759298400000000000,2025-10-01 06:00:00+00:00,1759300620000000000,2025-10-01 06:37:00+00:00,2220000000000.0,1.175240000001,1.1762599999990002,['4.70 USD'],-0.00087,-106.70 USD,True
BACKTESTER-001,MovingAverageCrossover-MA_CROSS,EUR/USD.IDEALPRO,IDEALPRO-001,O-20251001-113000-001-MA_CROSS-5818,O-20251001-113000-001-MA_CROSS-5819,BUY,FLAT,0.00,100000.00,1759318200000000000,2025-10-01 11:30:00+00:00,1759320480000000000,2025-10-01 12:08:00+00:00,2280000000000.0,1.173559999999,1.1725400000009998,['4.70 USD'],-0.00087,-106.70 USD,True
BACKTESTER-001,MovingAverageCrossover-MA_CROSS,EUR/USD.IDEALPRO,IDEALPRO-001,O-20251001-153000-001-MA_CROSS-5821,O-20251001-173000-001-MA_CROSS-5824,SELL,FLAT,0.00,100000.00,1759332600000000000,2025-10-01 15:30:00+00:00,1759339800000000000,2025-10-01 17:30:00+00:00,7200000000000.0,1.1726000000010002,1.173089999999,['4.70 USD'],-0.00042,-53.70 USD,True
BACKTESTER-001,MovingAverageCrossover-MA_CROSS,EUR/USD.IDEALPRO,IDEALPRO-001,O-20251001-180000-001-MA_CROSS-5825,O-20251001-180000-001-MA_CROSS-5826,SELL,FLAT,0.00,100000.00,1759341600000000000,2025-10-01 18:00:00+00:00,1759342500000000000,2025-10-01 18:15:00+00:00,900000000000.0,1.1723700000009998,1.173389999999,['4.69 USD'],-0.00087,-106.69 USD,True
BACKTESTER-001,MovingAverageCrossover-MA_CROSS,EUR/USD.IDEALPRO,IDEALPRO-001,O-20251002-010000-001-MA_CROSS-5828,O-20251002-010000-001-MA_CROSS-5830,BUY,FLAT,0.00,100000.00,1759366800000000000,2025-10-02 01:00:00+00:00,1759391280000000000,2025-10-02 07:48:00+00:00,24480000000000.0,1.1730099999990002,1.1755,['4.70 USD'],0.00212,244.30 USD,True
BACKTESTER-001,MovingAverageCrossover-MA_CROSS,EUR/USD.IDEALPRO,IDEALPRO-001,O-20251002-200000-001-MA_CROSS-5831,O-20251002-200000-001-MA_CROSS-5832,SELL,FLAT,0.00,100000.00,1759435200000000000,2025-10-02 20:00:00+00:00,1759453560000000000,2025-10-03 01:06:00+00:00,18360000000000.0,1.1718800000010001,1.1728999999990002,['4.69 USD'],-0.00087,-106.69 USD,True
BACKTESTER-001,MovingAverageCrossover-MA_CROSS,EUR/USD.IDEALPRO,IDEALPRO-001,O-20251003-040000-001-MA_CROSS-5834,O-20251003-050000-001-MA_CROSS-5837,BUY,FLAT,0.00,100000.00,1759464000000000000,2025-10-03 04:00:00+00:00,1759467600000000000,2025-10-03 05:00:00+00:00,3600000000000.0,1.172649999999,1.1717900000010002,['4.69 USD'],-0.00073,-90.69 USD,True
BACKTESTER-001,MovingAverageCrossover-MA_CROSS,EUR/USD.IDEALPRO,IDEALPRO-001,O-20251003-073000-001-MA_CROSS-5838,O-20251003-093000-001-MA_CROSS-5841,BUY,FLAT,0.00,100000.00,1759476600000000000,2025-10-03 07:30:00+00:00,1759483800000000000,2025-10-03 09:30:00+00:00,7200000000000.0,1.1726699999990002,1.173470000001,['4.70 USD'],0.00068,75.30 USD,True
BACKTESTER-001,MovingAverageCrossover-MA_CROSS,EUR/USD.IDEALPRO,IDEALPRO-001,O-20251003-133000-001-MA_CROSS-5842,O-20251003-163000-001-MA_CROSS-5845,BUY,FLAT,0.00,100000.00,1759498200000000000,2025-10-03 13:30:00+00:00,1759509000000000000,2025-10-03 16:30:00+00:00,10800000000000.0,1.1740799999990001,1.1739900000010002,['4.70 USD'],-8e-05,-13.70 USD,True
BACKTESTER-001,MovingAverageCrossover-MA_CROSS,EUR/USD.IDEALPRO,IDEALPRO-001,O-20251006-073000-001-MA_CROSS-5846,O-20251006-073000-001-MA_CROSS-5847,BUY,FLAT,0.00,100000.00,1759735800000000000,2025-10-06 07:30:00+00:00,1759736460000000000,2025-10-06 07:41:00+00:00,660000000000.0,1.170979999999,1.1699600000010002,['4.68 USD'],-0.00087,-106.68 USD,True
BACKTESTER-001,MovingAverageCrossover-MA_CROSS,EUR/USD.IDEALPRO,IDEALPRO-001,O-20251006-153000-001-MA_CROSS-5849,O-20251006-170000-001-MA_CROSS-5852,SELL,FLAT,0.00,100000.00,1759764600000000000,2025-10-06 15:30:00+00:00,1759770000000000000,2025-10-06 17:00:00+00:00,5400000000000.0,1.170950000001,1.1712199999989998,['4.68 USD'],-0.00023,-31.68 USD,True
BACKTESTER-001,MovingAverageCrossover-MA_CROSS,EUR/USD.IDEALPRO,IDEALPRO-001,O-20251006-180000-001-MA_CROSS-5853,O-20251006-223000-001-MA_CROSS-5856,SELL,FLAT,0.00,100000.00,1759773600000000000,2025-10-06 18:00:00+00:00,1759789800000000000,2025-10-06 22:30:00+00:00,16200000000000.0,1.171030000001,1.171319999999,['4.68 USD'],-0.00025,-33.68 USD,True
BACKTESTER-001,MovingAverageCrossover-MA_CROSS,EUR/USD.IDEALPRO,IDEALPRO-001,O-20251007-053000-001-MA_CROSS-5857,O-20251007-053000-001-MA_CROSS-5859,SELL,FLAT,0.00,100000.00,1759815000000000000,2025-10-07 05:30:00+00:00,1759828620000000000,2025-10-07 09:17:00+00:00,13620000000000.0,1.168960000001,1.16647,['4.67 USD'],0.00213,244.33 USD,True
BACKTESTER-001,MovingAverageCrossover-MA_CROSS,EUR/USD.IDEALPRO,IDEALPRO-001,O-20251007-103000-001-MA_CROSS-5860,O-20251007-103000-001-MA_CROSS-5861,BUY,FLAT,0.00,100000.00,1759833000000000000,2025-10-07 10:30:00+00:00,1759836180000000000,2025-10-07 11:23:00+00:00,3180000000000.0,1.167119999999,1.166100000001,['4.66 USD'],-0.00087,-106.66 USD,True
BACKTESTER-001,MovingAverageCrossover-MA_CROSS,EUR/USD.IDEALPRO,IDEALPRO-001,O-20251007-113000-001-MA_CROSS-5863,O-20251007-113000-001-MA_CROSS-5864,SELL,FLAT,0.00,100000.00,1759836600000000000,2025-10-07 11:30:00+00:00,1759842360000000000,2025-10-07 13:06:00+00:00,5760000000000.0,1.1658600000009998,1.166879999999,['4.66 USD'],-0.00087,-106.66 USD,True
BACKTESTER-001,MovingAverageCrossover-MA_CROSS,EUR/USD.IDEALPRO,IDEALPRO-001,O-20251007-133000-001-MA_CROSS-5866,O-20251007-140000-001-MA_CROSS-5869,BUY,FLAT,0.00,100000.00,1759843800000000000,2025-10-07 13:30:00+00:00,1759845600000000000,2025-10-07 14:00:00+00:00,1800000000000.0,1.1667299999990002,1.1660200000010001,['4.66 USD'],-0.00061,-75.66 USD,True
BACKTESTER-001,MovingAverageCrossover-MA_CROSS,EUR/USD.IDEALPRO,IDEALPRO-001,O-20251007-150000-001-MA_CROSS-5870,O-20251007-170000-001-MA_CROSS-5873,BUY,FLAT,0.00,100000.00,1759849200000000000,2025-10-07 15:00:00+00:00,1759856400000000000,2025-10-07 17:00:00+00:00,7200000000000.0,1.166309999999,1.167000000001,['4.66 USD'],0.00059,64.34 USD,True
BACKTESTER-001,MovingAverageCrossover-MA_CROSS,EUR/USD.IDEALPRO,IDEALPRO-001,O-20251007-203000-001-MA_CROSS-5874,O-20251007-203000-001-MA_CROSS-5875,BUY,FLAT,0.00,100000.00,1759869000000000000,2025-10-07 20:30:00+00:00,1759885260000000000,2025-10-08 01:01:00+00:00,16260000000000.0,1.165419999999,1.1644000000010002,['4.66 USD'],-0.00088,-106.66 USD,True
BACKTESTER-001,MovingAverageCrossover-MA_CROSS,EUR/USD.IDEALPRO,IDEALPRO-001,O-20251008-042600-001-MA_CROSS-5877,O-20251008-070600-001-MA_CROSS-5880,SELL,FLAT,0.00,100000.00,1759897560000000000,2025-10-08 04:26:00+00:00,1759907160000000000,2025-10-08 07:06:00+00:00,9600000000000.0,1.1620600000010002,1.1616199999990002,['4.64 USD'],0.00038,39.36 USD,True
BACKTESTER-001,MovingAverageCrossover-MA_CROSS,EUR/USD.IDEALPRO,IDEALPRO-001,O-20251008-085200-001-MA_CROSS-5881,O-20251008-102400-001-MA_CROSS-5884,SELL,FLAT,0.00,100000.00,1759913520000000000,2025-10-08 08:52:00+00:00,1759919040000000000,2025-10-08 10:24:00+00:00,5520000000000.0,1.1621900000010001,1.1620199999990002,['4.64 USD'],0.00015,12.36 USD,True
BACKTESTER-001,MovingAverageCrossover-MA_CROSS,EUR/USD.IDEALPRO,IDEALPRO-001,O-20251008-140200-001-MA_CROSS-5885,O-20251008-140200-001-MA_CROSS-5887,SELL,FLAT,0.00,100000.00,1759932120000000000,2025-10-08 14:02:00+00:00,1759938840000000000,2025-10-08 15:54:00+00:00,6720000000000.0,1.162960000001,1.16047,['4.65 USD'],0.00214,244.35 USD,True
BACKTESTER-001,MovingAverageCrossover-MA_CROSS,EUR/USD.IDEALPRO,IDEALPRO-001,O-20251008-174600-001-MA_CROSS-5888,O-20251008-174600-001-MA_CROSS-5890,BUY,FLAT,0.00,100000.00,1759945560000000000,2025-10-08 17:46:00+00:00,1759961460000000000,2025-10-08 22:11:00+00:00,15900000000000.0,1.1608699999990002,1.1633600000000002,['4.65 USD'],0.00214,244.35 USD,True
BACKTESTER-001,MovingAverageCrossover-MA_CROSS,EUR/USD.IDEALPRO,IDEALPRO-001,O-20251009-060000-001-MA_CROSS-5891,O-20251009-060000-001-MA_CROSS-5893,SELL,FLAT,0.00,100000.00,1759989600000000000,2025-10-09 06:00:00+00:00,1759992840000000000,2025-10-09 06:54:00+00:00,3240000000000.0,1.1638500000010001,1.16136,['4.65 USD'],0.00214,244.35 USD,True
BACKTESTER-001,MovingAverageCrossover-MA_CROSS,EUR/USD.IDEALPRO,IDEALPRO-001,O-20251009-093000-001-MA_CROSS-5894,O-20251009-093000-001-MA_CROSS-5895,BUY,FLAT,0.00,100000.00,1760002200000000000,2025-10-09 09:30:00+00:00,1760008020000000000,2025-10-09 11:07:00+00:00,5820000000000.0,1.162169999999,1.161150000001,['4.64 USD'],-0.00088,-106.64 USD,True
BACKTESTER-001,MovingAverageCrossover-MA_CROSS,EUR/USD.IDEALPRO,IDEALPRO-001,O-20251009-143000-001-MA_CROSS-5897,O-20251009-143000-001-MA_CROSS-5899,SELL,FLAT,0.00,100000.00,1760020200000000000,2025-10-09 14:30:00+00:00,1760023920000000000,2025-10-09 15:32:00+00:00,3720000000000.0,1.158010000001,1.15552,['4.63 USD'],0.00215,244.37 USD,True
BACKTESTER-001,MovingAverageCrossover-MA_CROSS,EUR/USD.IDEALPRO,IDEALPRO-001,O-20251009-173000-001-MA_CROSS-5900,O-20251009-173000-001-MA_CROSS-5901,BUY,FLAT,0.00,100000.00,1760031000000000000,2025-10-09 17:30:00+00:00,1760032140000000000,2025-10-09 17:49:00+00:00,1140000000000.0,1.1564699999990002,1.1554500000010002,['4.62 USD'],-0.00088,-106.62 USD,True
BACKTESTER-001,MovingAverageCrossover-MA_CROSS,EUR/USD.IDEALPRO,IDEALPRO-001,O-20251009-223000-001-MA_CROSS-5903,O-20251009-230000-001-MA_CROSS-5906,SELL,FLAT,0.00,100000.00,1760049000000000000,2025-10-09 22:30:00+00:00,1760050800000000000,2025-10-09 23:00:00+00:00,1800000000000.0,1.156280000001,1.156479999999,['4.62 USD'],-0.00017,-24.62 USD,True
BACKTESTER-001,MovingAverageCrossover-MA_CROSS,EUR/USD.IDEALPRO,IDEALPRO-001,O-20251010-042000-001-MA_CROSS-5907,O-20251010-050800-001-MA_CROSS-5910,SELL,FLAT,0.00,100000.00,1760070000000000000,2025-10-10 04:20:00+00:00,1760072880000000000,2025-10-10 05:08:00+00:00,2880000000000.0,1.156780000001,1.1574099999990002,['4.62 USD'],-0.00054,-67.62 USD,True
BACKTESTER-001,MovingAverageCrossover-MA_CROSS,EUR/USD.IDEALPRO,IDEALPRO-001,O-20251010-060800-001-MA_CROSS-5911,O-20251010-071200-001-MA_CROSS-5914,SELL,FLAT,0.00,100000.00,1760076480000000000,2025-10-10 06:08:00+00:00,1760080320000000000,2025-10-10 07:12:00+00:00,3840000000000.0,1.1567400000010002,1.157529999999,['4.63 USD'],-0.00068,-83.63 USD,True
BACKTESTER-001,MovingAverageCrossover-MA_CROSS,EUR/USD.IDEALPRO,IDEALPRO-001,O-20251010-091600-001-MA_CROSS-5915,O-20251010-102400-001-MA_CROSS-5918,SELL,FLAT,0.00,100000.00,1760087760000000000,2025-10-10 09:16:00+00:00,1760091840000000000,2025-10-10 10:24:00+00:00,4080000000000.0,1.157540000001,1.158239999999,['4.64 USD'],-0.0006,-74.64 USD,True
BACKTESTER-001,MovingAverageCrossover-MA_CROSS,EUR/USD.IDEALPRO,IDEALPRO-001,O-20251010-105600-001-MA_CROSS-5919,O-20251010-141000-001-MA_CROSS-5922,SELL,FLAT,0.00,100000.00,1760093760000000000,2025-10-10 10:56:00+00:00,1760105400000000000,2025-10-10 14:10:00+00:00,11640000000000.0,1.157130000001,1.1576699999989999,['4.63 USD'],-0.00047,-58.63 USD,True
BACKTESTER-001,MovingAverageCrossover-MA_CROSS,EUR/USD.IDEALPRO,IDEALPRO-001,O-20251010-170200-001-MA_CROSS-5923,O-20251010-193000-001-MA_CROSS-5926,SELL,FLAT,0.00,100000.00,1760115720000000000,2025-10-10 17:02:00+00:00,1760124600000000000,2025-10-10 19:30:00+00:00,8880000000000.0,1.1606300000010001,1.1611699999990002,['4.64 USD'],-0.00047,-58.64 USD,True
BACKTESTER-001,MovingAverageCrossover-MA_CROSS,EUR/USD.IDEALPRO,IDEALPRO-001,O-20251010-204600-001-MA_CROSS-5927,O-20251010-204600-001-MA_CROSS-5928,SELL,FLAT,0.00,100000.00,1760129160000000000,2025-10-10 20:46:00+00:00,1760129520000000000,2025-10-10 20:52:00+00:00,360000000000.0,1.160720000001,1.161709999999,['4.64 USD'],-0.00085,-103.64 USD,True
BACKTESTER-001,MovingAverageCrossover-MA_CROSS,EUR/USD.IDEALPRO,IDEALPRO-001,O-20251013-004600-001-MA_CROSS-5930,O-20251013-053800-001-MA_CROSS-5933,BUY,FLAT,0.00,100000.00,1760316360000000000,2025-10-13 00:46:00+00:00,1760333880000000000,2025-10-13 05:38:00+00:00,17520000000000.0,1.161119999999,1.1616100000010001,['4.64 USD'],0.00042,44.36 USD,True
BACKTESTER-001,MovingAverageCrossover-MA_CROSS,EUR/USD.IDEALPRO,IDEALPRO-001,O-20251013-062200-001-MA_CROSS-5934,O-20251013-062200-001-MA_CROSS-5935,BUY,FLAT,0.00,100000.00,1760336520000000000,2025-10-13 06:22:00+00:00,1760338140000000000,2025-10-13 06:49:00+00:00,1620000000000.0,1.162749999999,1.161830000001,['4.65 USD'],-0.00079,-96.65 USD,True
BACKTESTER-001,MovingAverageCrossover-MA_CROSS,EUR/USD.IDEALPRO,IDEALPRO-001,O-20251013-070200-001-MA_CROSS-5937,O-20251013-070200-001-MA_CROSS-5939,SELL,FLAT,0.00,100000.00,1760338920000000000,2025-10-13 07:02:00+00:00,1760344500000000000,2025-10-13 08:35:00+00:00,5580000000000.0,1.1611100000010002,1.15862,['4.64 USD'],0.00214,244.36 USD,True
BACKTESTER-001,MovingAverageCrossover-MA_CROSS,EUR/USD.IDEALPRO,IDEALPRO-001,O-20251013-154600-001-MA_CROSS-5940,O-20251013-190200-001-MA_CROSS-5943,BUY,FLAT,0.00,100000.00,1760370360000000000,2025-10-13 15:46:00+00:00,1760382120000000000,2025-10-13 19:02:00+00:00,11760000000000.0,1.157099999999,1.156870000001,['4.62 USD'],-0.0002,-27.62 USD,True
BACKTESTER-001,MovingAverageCrossover-MA_CROSS,EUR/USD.IDEALPRO,IDEALPRO-001,O-20251013-221600-001-MA_CROSS-5944,O-20251013-224800-001-MA_CROSS-5947,BUY,FLAT,0.00,100000.00,1760393760000000000,2025-10-13 22:16:00+00:00,1760395680000000000,2025-10-13 22:48:00+00:00,1920000000000.0,1.157249999999,1.1569400000010002,['4.62 USD'],-0.00027,-35.62 USD,True
BACKTESTER-001,MovingAverageCrossover-MA_CROSS,EUR/USD.IDEALPRO,IDEALPRO-001,O-20251014-033200-001-MA_CROSS-5948,O-20251014-061600-001-MA_CROSS-5951,BUY,FLAT,0.00,100000.00,1760412720000000000,2025-10-14 03:32:00+00:00,1760422560000000000,2025-10-14 06:16:00+00:00,9840000000000.0,1.157649999999,1.158150000001,['4.64 USD'],0.00043,45.36 USD,True
BACKTESTER-001,MovingAverageCrossover-MA_CROSS,EUR/USD.IDEALPRO,IDEALPRO-001,O-20251014-092400-001-MA_CROSS-5952,O-20251014-100600-001-MA_CROSS-5955,BUY,FLAT,0.00,100000.00,1760433840000000000,2025-10-14 09:24:00+00:00,1760436360000000000,2025-10-14 10:06:00+00:00,2520000000000.0,1.156139999999,1.155750000001,['4.62 USD'],-0.00034,-43.62 USD,True
BACKTESTER-001,MovingAverageCrossover-MA_CROSS,EUR/USD.IDEALPRO,IDEALPRO-001,O-20251014-131600-001-MA_CROSS-5956,O-20251014-131600-001-MA_CROSS-5958,BUY,FLAT,0.00,100000.00,1760447760000000000,2025-10-14 13:16:00+00:00,1760452680000000000,2025-10-14 14:38:00+00:00,4920000000000.0,1.156519999999,1.15886,['4.63 USD'],0.00202,229.37 USD,True
BACKTESTER-001,MovingAverageCrossover-MA_CROSS,EUR/USD.IDEALPRO,IDEALPRO-001,O-20251014-202200-001-MA_CROSS-5959,O-20251014-220200-001-MA_CROSS-5962,SELL,FLAT,0.00,100000.00,1760473320000000000,2025-10-14 20:22:00+00:00,1760479320000000000,2025-10-14 22:02:00+00:00,6000000000000.0,1.1602200000010001,1.1608399999990002,['4.64 USD'],-0.00053,-66.64 USD,True
BACKTESTER-001,MovingAverageCrossover-MA_CROSS,EUR/USD.IDEALPRO,IDEALPRO-001,O-20251014-224600-001-MA_CROSS-5963,O-20251015-001800-001-MA_CROSS-5966,SELL,FLAT,0.00,100000.00,1760481960000000000,2025-10-14 22:46:00+00:00,1760487480000000000,2025-10-15 00:18:00+00:00,5520000000000.0,1.160590000001,1.160639999999,['4.64 USD'],-4e-05,-9.64 USD,True
BACKTESTER-001,MovingAverageCrossover-MA_CROSS,EUR/USD.IDEALPRO,IDEALPRO-001,O-20251015-050000-001-MA_CROSS-5967,O-20251015-052200-001-MA_CROSS-5970,SELL,FLAT,0.00,100000.00,1760504400000000000,2025-10-15 05:00:00+00:00,1760505720000000000,2025-10-15 05:22:00+00:00,1320000000000.0,1.1618200000010002,1.1624399999989998,['4.64 USD'],-0.00053,-66.64 USD,True
BACKTESTER-001,MovingAverageCrossover-MA_CROSS,EUR/USD.IDEALPRO,IDEALPRO-001,O-20251015-090800-001-MA_CROSS-5971,O-20251015-134600-001-MA_CROSS-5974,SELL,FLAT,0.00,100000.00,1760519280000000000,2025-10-15 09:08:00+00:00,1760535960000000000,2025-10-15 13:46:00+00:00,16680000000000.0,1.1630100000010002,1.1627299999990002,['4.66 USD'],0.00024,23.34 USD,True
BACKTESTER-001,MovingAverageCrossover-MA_CROSS,EUR/USD.IDEALPRO,IDEALPRO-001,O-20251015-145600-001-MA_CROSS-5975,O-20251015-145600-001-MA_CROSS-5976,SELL,FLAT,0.00,100000.00,1760540160000000000,2025-10-15 14:56:00+00:00,1760541780000000000,2025-10-15 15:23:00+00:00,1620000000000.0,1.1623900000010001,1.1634099999990002,['4.65 USD'],-0.00088,-106.65 USD,True
BACKTESTER-001,MovingAverageCrossover-MA_CROSS,EUR/USD.IDEALPRO,IDEALPRO-001,O-20251015-152400-001-MA_CROSS-5978,O-20251015-173200-001-MA_CROSS-5981,BUY,FLAT,0.00,100000.00,1760541840000000000,2025-10-15 15:24:00+00:00,1760549520000000000,2025-10-15 17:32:00+00:00,7680000000000.0,1.163439999999,1.163300000001,['4.66 USD'],-0.00012,-18.66 USD,True
BACKTESTER-001,MovingAverageCrossover-MA_CROSS,EUR/USD.IDEALPRO,IDEALPRO-001,O-20251015-191600-001-MA_CROSS-5982,O-20251016-000200-001-MA_CROSS-5985,BUY,FLAT,0.00,100000.00,1760555760000000000,2025-10-15 19:16:00+00:00,1760572920000000000,2025-10-16 00:02:00+00:00,17160000000000.0,1.163689999999,1.1643600000010002,['4.66 USD'],0.00058,62.34 USD,True
BACKTESTER-001,MovingAverageCrossover-MA_CROSS,EUR/USD.IDEALPRO,IDEALPRO-001,O-20251016-002400-001-MA_CROSS-5986,O-20251016-031600-001-MA_CROSS-5989,BUY,FLAT,0.00,100000.00,1760574240000000000,2025-10-16 00:24:00+00:00,1760584560000000000,2025-10-16 03:16:00+00:00,10320000000000.0,1.165399999999,1.166460000001,['4.66 USD'],0.00091,101.34 USD,True
BACKTESTER-001,MovingAverageCrossover-MA_CROSS,EUR/USD.IDEALPRO,IDEALPRO-001,O-20251016-061600-001-MA_CROSS-5990,O-20251016-061600-001-MA_CROSS-5991,BUY,FLAT,0.00,100000.00,1760595360000000000,2025-10-16 06:16:00+00:00,1760596440000000000,2025-10-16 06:34:00+00:00,1080000000000.0,1.166649999999,1.1656500000010002,['4.66 USD'],-0.00086,-104.66 USD,True
BACKTESTER-001,MovingAverageCrossover-MA_CROSS,EUR/USD.IDEALPRO,IDEALPRO-001,O-20251016-065400-001-MA_CROSS-5993,O-20251016-081600-001-MA_CROSS-5996,SELL,FLAT,0.00,100000.00,1760597640000000000,2025-10-16 06:54:00+00:00,1760602560000000000,2025-10-16 08:16:00+00:00,4920000000000.0,1.165370000001,1.1654799999990002,['4.66 USD'],-9e-05,-15.66 USD,True
BACKTESTER-001,MovingAverageCrossover-MA_CROSS,EUR/USD.IDEALPRO,IDEALPRO-001,O-20251016-093800-001-MA_CROSS-5997,O-20251016-093800-001-MA_CROSS-5998,SELL,FLAT,0.00,100000.00,1760607480000000000,2025-10-16 09:38:00+00:00,1760608020000000000,2025-10-16 09:47:00+00:00,540000000000.0,1.165400000001,1.1664199999990001,['4.66 USD'],-0.00088,-106.66 USD,True
BACKTESTER-001,MovingAverageCrossover-MA_CROSS,EUR/USD.IDEALPRO,IDEALPRO-001,O-20251016-095800-001-MA_CROSS-6000,O-20251016-105200-001-MA_CROSS-6003,BUY,FLAT,0.00,100000.00,1760608680000000000,2025-10-16 09:58:00+00:00,1760611920000000000,2025-10-16 10:52:00+00:00,3240000000000.0,1.1659399999989999,1.1654400000010001,['4.66 USD'],-0.00043,-54.66 USD,True
BACKTESTER-001,MovingAverageCrossover-MA_CROSS,EUR/USD.IDEALPRO,IDEALPRO-001,O-20251016-130200-001-MA_CROSS-6004,O-20251016-130200-001-MA_CROSS-6005,BUY,FLAT,0.00,100000.00,1760619720000000000,2025-10-16 13:02:00+00:00,1760621700000000000,2025-10-16 13:35:00+00:00,1980000000000.0,1.166079999999,1.165060000001,['4.66 USD'],-0.00087,-106.66 USD,True
BACKTESTER-001,MovingAverageCrossover-MA_CROSS,EUR/USD.IDEALPRO,IDEALPRO-001,O-20251016-160000-001-MA_CROSS-6007,O-20251016-160000-001-MA_CROSS-6008,SELL,FLAT,0.00,100000.00,1760630400000000000,2025-10-16 16:00:00+00:00,1760631300000000000,2025-10-16 16:15:00+00:00,900000000000.0,1.166430000001,1.1674499999990002,['4.66 USD'],-0.00087,-106.66 USD,True
BACKTESTER-001,MovingAverageCrossover-MA_CROSS,EUR/USD.IDEALPRO,IDEALPRO-001,O-20251016-162200-001-MA_CROSS-6010,O-20251016-162200-001-MA_CROSS-6012,BUY,FLAT,0.00,100000.00,1760631720000000000,2025-10-16 16:22:00+00:00,1760658540000000000,2025-10-16 23:49:00+00:00,26820000000000.0,1.167459999999,1.16986,['4.67 USD'],0.00206,235.33 USD,True
BACKTESTER-001,MovingAverageCrossover-MA_CROSS,EUR/USD.IDEALPRO,IDEALPRO-001,O-20251017-070000-001-MA_CROSS-6013,O-20251017-080600-001-MA_CROSS-6016,SELL,FLAT,0.00,100000.00,1760684400000000000,2025-10-17 07:00:00+00:00,1760688360000000000,2025-10-17 08:06:00+00:00,3960000000000.0,1.171060000001,1.171559999999,['4.68 USD'],-0.00043,-54.68 USD,True
BACKTESTER-001,MovingAverageCrossover-MA_CROSS,EUR/USD.IDEALPRO,IDEALPRO-001,O-20251017-082400-001-MA_CROSS-6017,O-20251017-082400-001-MA_CROSS-6019,SELL,FLAT,0.00,100000.00,1760689440000000000,2025-10-17 08:24:00+00:00,1760704020000000000,2025-10-17 12:27:00+00:00,14580000000000.0,1.169810000001,1.16732,['4.67 USD'],0.00213,244.33 USD,True
BACKTESTER-001,MovingAverageCrossover-MA_CROSS,EUR/USD.IDEALPRO,IDEALPRO-001,O-20251017-161600-001-MA_CROSS-6020,O-20251017-171200-001-MA_CROSS-6023,BUY,FLAT,0.00,100000.00,1760717760000000000,2025-10-17 16:16:00+00:00,1760721120000000000,2025-10-17 17:12:00+00:00,3360000000000.0,1.1675899999989998,1.167080000001,['4.67 USD'],-0.00044,-55.67 USD,True
BACKTESTER-001,MovingAverageCrossover-MA_CROSS,EUR/USD.IDEALPRO,IDEALPRO-001,O-20251020-002400-001-MA_CROSS-6024,O-20251020-063200-001-MA_CROSS-6027,BUY,FLAT,0.00,100000.00,1760919840000000000,2025-10-20 00:24:00+00:00,1760941920000000000,2025-10-20 06:32:00+00:00,22080000000000.0,1.166169999999,1.1663600000010002,['4.66 USD'],0.00016,14.34 USD,True
BACKTESTER-001,MovingAverageCrossover-MA_CROSS,EUR/USD.IDEALPRO,IDEALPRO-001,O-20251020-074200-001-MA_CROSS-6028,O-20251020-100800-001-MA_CROSS-6031,BUY,FLAT,0.00,100000.00,1760946120000000000,2025-10-20 07:42:00+00:00,1760954880000000000,2025-10-20 10:08:00+00:00,8760000000000.0,1.1665499999989999,1.1658800000010001,['4.66 USD'],-0.00057,-71.66 USD,True
BACKTESTER-001,MovingAverageCrossover-MA_CROSS,EUR/USD.IDEALPRO,IDEALPRO-001,O-20251020-143200-001-MA_CROSS-6032,O-20251020-161600-001-MA_CROSS-6035,BUY,FLAT,0.00,100000.00,1760970720000000000,2025-10-20 14:32:00+00:00,1760976960000000000,2025-10-20 16:16:00+00:00,6240000000000.0,1.165859999999,1.1655200000009998,['4.66 USD'],-0.00029,-38.66 USD,True
BACKTESTER-001,MovingAverageCrossover-MA_CROSS,EUR/USD.IDEALPRO,IDEALPRO-001,O-20251021-000600-001-MA_CROSS-6036,O-20251021-000600-001-MA_CROSS-6037,BUY,FLAT,0.00,100000.00,1761005160000000000,2025-10-21 00:06:00+00:00,1761012660000000000,2025-10-21 02:11:00+00:00,7500000000000.0,1.1649399999990002,1.1639200000010002,['4.66 USD'],-0.00088,-106.66 USD,True
BACKTESTER-001,MovingAverageCrossover-MA_CROSS,EUR/USD.IDEALPRO,IDEALPRO-001,O-20251021-030200-001-MA_CROSS-6039,O-20251021-070000-001-MA_CROSS-6042,SELL,FLAT,0.00,100000.00,1761015720000000000,2025-10-21 03:02:00+00:00,1761030000000000000,2025-10-21 07:00:00+00:00,14280000000000.0,1.1633600000010003,1.163199999999,['4.66 USD'],0.00014,11.34 USD,True
BACKTESTER-001,MovingAverageCrossover-MA_CROSS,EUR/USD.IDEALPRO,IDEALPRO-001,O-20251021-080600-001-MA_CROSS-6043,O-20251021-093600-001-MA_CROSS-6046,SELL,FLAT,0.00,100000.00,1761033960000000000,2025-10-21 08:06:00+00:00,1761039360000000000,2025-10-21 09:36:00+00:00,5400000000000.0,1.162080000001,1.162689999999,['4.65 USD'],-0.00052,-65.65 USD,True
BACKTESTER-001,MovingAverageCrossover-MA_CROSS,EUR/USD.IDEALPRO,IDEALPRO-001,O-20251021-101400-001-MA_CROSS-6047,O-20251021-101400-001-MA_CROSS-6048,SELL,FLAT,0.00,100000.00,1761041640000000000,2025-10-21 10:14:00+00:00,1761045000000000000,2025-10-21 11:10:00+00:00,3360000000000.0,1.161290000001,1.162309999999,['4.64 USD'],-0.00088,-106.64 USD,True
BACKTESTER-001,MovingAverageCrossover-MA_CROSS,EUR/USD.IDEALPRO,IDEALPRO-001,O-20251021-111600-001-MA_CROSS-6050,O-20251021-111600-001-MA_CROSS-6051,BUY,FLAT,0.00,100000.00,1761045360000000000,2025-10-21 11:16:00+00:00,1761047460000000000,2025-10-21 11:51:00+00:00,2100000000000.0,1.1623999999990002,1.161470000001,['4.64 USD'],-0.0008,-97.64 USD,True
BACKTESTER-001,MovingAverageCrossover-MA_CROSS,EUR/USD.IDEALPRO,IDEALPRO-001,O-20251021-144600-001-MA_CROSS-6053,O-20251021-144600-001-MA_CROSS-6054,SELL,FLAT,0.00,100000.00,1761057960000000000,2025-10-21 14:46:00+00:00,1761059880000000000,2025-10-21 15:18:00+00:00,1920000000000.0,1.160030000001,1.161149999999,['4.64 USD'],-0.00097,-116.64 USD,True
BACKTESTER-001,MovingAverageCrossover-MA_CROSS,EUR/USD.IDEALPRO,IDEALPRO-001,O-20251021-153200-001-MA_CROSS-6056,O-20251021-165200-001-MA_CROSS-6059,BUY,FLAT,0.00,100000.00,1761060720000000000,2025-10-21 15:32:00+00:00,1761065520000000000,2025-10-21 16:52:00+00:00,4800000000000.0,1.1612299999990001,1.1611400000010001,['4.64 USD'],-8e-05,-13.64 USD,True
BACKTESTER-001,MovingAverageCrossover-MA_CROSS,EUR/USD.IDEALPRO,IDEALPRO-001,O-20251021-220200-001-MA_CROSS-6060,O-20251022-033200-001-MA_CROSS-6063,BUY,FLAT,0.00,100000.00,1761084120000000000,2025-10-21 22:02:00+00:00,1761103920000000000,2025-10-22 03:32:00+00:00,19800000000000.0,1.160269999999,1.160530000001,['4.64 USD'],0.00022,21.36 USD,True
BACKTESTER-001,MovingAverageCrossover-MA_CROSS,EUR/USD.IDEALPRO,IDEALPRO-001,O-20251022-045800-001-MA_CROSS-6064,O-20251022-061600-001-MA_CROSS-6067,BUY,FLAT,0.00,100000.00,1761109080000000000,2025-10-22 04:58:00+00:00,1761113760000000000,2025-10-22 06:16:00+00:00,4680000000000.0,1.160959999999,1.1606300000010001,['4.64 USD'],-0.00028,-37.64 USD,True
BACKTESTER-001,MovingAverageCrossover-MA_CROSS,EUR/USD.IDEALPRO,IDEALPRO-001,O-20251022-065400-001-MA_CROSS-6068,O-20251022-070800-001-MA_CROSS-6071,BUY,FLAT,0.00,100000.00,1761116040000000000,2025-10-22 06:54:00+00:00,1761116880000000000,2025-10-22 07:08:00+00:00,840000000000.0,1.161219999999,1.160680000001,['4.64 USD'],-0.00047,-58.64 USD,True
BACKTESTER-001,MovingAverageCrossover-MA_CROSS,EUR/USD.IDEALPRO,IDEALPRO-001,O-20251022-133200-001-MA_CROSS-6072,O-20251022-133200-001-MA_CROSS-6074,BUY,FLAT,0.00,100000.00,1761139920000000000,2025-10-22 13:32:00+00:00,1761145440000000000,2025-10-22 15:04:00+00:00,5520000000000.0,1.159089999999,1.16158,['4.64 USD'],0.00215,244.36 USD,True
BACKTESTER-001,MovingAverageCrossover-MA_CROSS,EUR/USD.IDEALPRO,IDEALPRO-001,O-20251022-190200-001-MA_CROSS-6075,O-20251022-210000-001-MA_CROSS-6078,SELL,FLAT,0.00,100000.00,1761159720000000000,2025-10-22 19:02:00+00:00,1761166800000000000,2025-10-22 21:00:00+00:00,7080000000000.0,1.160890000001,1.1610699999990002,['4.64 USD'],-0.00016,-22.64 USD,True
BACKTESTER-001,MovingAverageCrossover-MA_CROSS,EUR/USD.IDEALPRO,IDEALPRO-001,O-20251023-000200-001-MA_CROSS-6079,O-20251023-050000-001-MA_CROSS-6082,SELL,FLAT,0.00,100000.00,1761177720000000000,2025-10-23 00:02:00+00:00,1761195600000000000,2025-10-23 05:00:00+00:00,17880000000000.0,1.160530000001,1.159899999999,['4.64 USD'],0.00054,58.36 USD,True
BACKTESTER-001,MovingAverageCrossover-MA_CROSS,EUR/USD.IDEALPRO,IDEALPRO-001,O-20251023-064600-001-MA_CROSS-6083,O-20251023-080200-001-MA_CROSS-6086,SELL,FLAT,0.00,100000.00,1761201960000000000,2025-10-23 06:46:00+00:00,1761206520000000000,2025-10-23 08:02:00+00:00,4560000000000.0,1.1594400000010001,1.159939999999,['4.64 USD'],-0.00043,-54.64 USD,True
BACKTESTER-001,MovingAverageCrossover-MA_CROSS,EUR/USD.IDEALPRO,IDEALPRO-001,O-20251023-090000-001-MA_CROSS-6087,O-20251023-130200-001-MA_CROSS-6090,SELL,FLAT,0.00,100000.00,1761210000000000000,2025-10-23 09:00:00+00:00,1761224520000000000,2025-10-23 13:02:00+00:00,14520000000000.0,1.1596100000010001,1.159949999999,['4.64 USD'],-0.00029,-38.64 USD,True
BACKTESTER-001,MovingAverageCrossover-MA_CROSS,EUR/USD.IDEALPRO,IDEALPRO-001,O-20251023-154600-001-MA_CROSS-6091,O-20251023-161200-001-MA_CROSS-6094,SELL,FLAT,0.00,100000.00,1761234360000000000,2025-10-23 15:46:00+00:00,1761235920000000000,2025-10-23 16:12:00+00:00,1560000000000.0,1.160760000001,1.1613699999990001,['4.64 USD'],-0.00053,-65.64 USD,True
BACKTESTER-001,MovingAverageCrossover-MA_CROSS,EUR/USD.IDEALPRO,IDEALPRO-001,O-20251023-171600-001-MA_CROSS-6095,O-20251023-171600-001-MA_CROSS-6096,SELL,FLAT,0.00,100000.00,1761239760000000000,2025-10-23 17:16:00+00:00,1761244980000000000,2025-10-23 18:43:00+00:00,5220000000000.0,1.1606600000010001,1.161679999999,['4.64 USD'],-0.00088,-106.64 USD,True
BACKTESTER-001,MovingAverageCrossover-MA_CROSS,EUR/USD.IDEALPRO,IDEALPRO-001,O-20251023-190200-001-MA_CROSS-6098,O-20251023-190200-001-MA_CROSS-6099,BUY,FLAT,0.00,100000.00,1761246120000000000,2025-10-23 19:02:00+00:00,1761273600000000000,2025-10-24 02:40:00+00:00,27480000000000.0,1.1618399999990001,1.160820000001,['4.64 USD'],-0.00088,-106.64 USD,True
BACKTESTER-001,MovingAverageCrossover-MA_CROSS,EUR/USD.IDEALPRO,IDEALPRO-001,O-20251024-030200-001-MA_CROSS-6101,O-20251024-064600-001-MA_CROSS-6104,SELL,FLAT,0.00,100000.00,1761274920000000000,2025-10-24 03:02:00+00:00,1761288360000000000,2025-10-24 06:46:00+00:00,13440000000000.0,1.160790000001,1.161079999999,['4.64 USD'],-0.00025,-33.64 USD,True
BACKTESTER-001,MovingAverageCrossover-MA_CROSS,EUR/USD.IDEALPRO,IDEALPRO-001,O-20251024-082600-001-MA_CROSS-6105,O-20251024-101600-001-MA_CROSS-6108,SELL,FLAT,0.00,100000.00,1761294360000000000,2025-10-24 08:26:00+00:00,1761300960000000000,2025-10-24 10:16:00+00:00,6600000000000.0,1.160730000001,1.161469999999,['4.64 USD'],-0.00064,-78.64 USD,True
BACKTESTER-001,MovingAverageCrossover-MA_CROSS,EUR/USD.IDEALPRO,IDEALPRO-001,O-20251024-111800-001-MA_CROSS-6109,O-20251024-111800-001-MA_CROSS-6110,SELL,FLAT,0.00,100000.00,1761304680000000000,2025-10-24 11:18:00+00:00,1761309060000000000,2025-10-24 12:31:00+00:00,4380000000000.0,1.1612100000010002,1.1622299999990002,['4.64 USD'],-0.00088,-106.64 USD,True
BACKTESTER-001,MovingAverageCrossover-MA_CROSS,EUR/USD.IDEALPRO,IDEALPRO-001,O-20251024-151600-001-MA_CROSS-6112,O-20251024-151600-001-MA_CROSS-6113,BUY,FLAT,0.00,100000.00,1761318960000000000,2025-10-24 15:16:00+00:00,1761321120000000000,2025-10-24 15:52:00+00:00,2160000000000.0,1.163089999999,1.1621600000010002,['4.65 USD'],-0.0008,-97.65 USD,True
BACKTESTER-001,MovingAverageCrossover-MA_CROSS,EUR/USD.IDEALPRO,IDEALPRO-001,O-20251024-155200-001-MA_CROSS-6115,O-20251024-171000-001-MA_CROSS-6118,SELL,FLAT,0.00,100000.00,1761321120000000000,2025-10-24 15:52:00+00:00,1761325800000000000,2025-10-24 17:10:00+00:00,4680000000000.0,1.1622600000010002,1.1629599999990001,['4.65 USD'],-0.0006,-74.65 USD,True
BACKTESTER-001,MovingAverageCrossover-MA_CROSS,EUR/USD.IDEALPRO,IDEALPRO-001,O-20251024-204600-001-MA_CROSS-6119,O-20251024-204600-001-MA_CROSS-6120,SELL,FLAT,0.00,100000.00,1761338760000000000,2025-10-24 20:46:00+00:00,1761513360000000000,2025-10-26 21:16:00+00:00,174600000000000.0,1.1621200000010001,1.1634099999990002,['4.65 USD'],-0.00111,-133.65 USD,True
BACKTESTER-001,MovingAverageCrossover-MA_CROSS,EUR/USD.IDEALPRO,IDEALPRO-001,O-20251027-003200-001-MA_CROSS-6122,O-20251027-035800-001-MA_CROSS-6125,BUY,FLAT,0.00,100000.00,1761525120000000000,2025-10-27 00:32:00+00:00,1761537480000000000,2025-10-27 03:58:00+00:00,12360000000000.0,1.163329999999,1.162800000001,['4.66 USD'],-0.00046,-57.66 USD,True
BACKTESTER-001,MovingAverageCrossover-MA_CROSS,EUR/USD.IDEALPRO,IDEALPRO-001,O-20251027-060200-001-MA_CROSS-6126,O-20251027-071000-001-MA_CROSS-6129,BUY,FLAT,0.00,100000.00,1761544920000000000,2025-10-27 06:02:00+00:00,1761549000000000000,2025-10-27 07:10:00+00:00,4080000000000.0,1.1628099999989998,1.162420000001,['4.65 USD'],-0.00034,-43.65 USD,True
BACKTESTER-001,MovingAverageCrossover-MA_CROSS,EUR/USD.IDEALPRO,IDEALPRO-001,O-20251027-083200-001-MA_CROSS-6130,O-20251027-130600-001-MA_CROSS-6133,BUY,FLAT,0.00,100000.00,1761553920000000000,2025-10-27 08:32:00+00:00,1761570360000000000,2025-10-27 13:06:00+00:00,16440000000000.0,1.1627999999990002,1.1640900000010002,['4.66 USD'],0.00111,124.34 USD,True
BACKTESTER-001,MovingAverageCrossover-MA_CROSS,EUR/USD.IDEALPRO,IDEALPRO-001,O-20251027-150200-001-MA_CROSS-6134,O-20251027-152400-001-MA_CROSS-6137,BUY,FLAT,0.00,100000.00,1761577320000000000,2025-10-27 15:02:00+00:00,1761578640000000000,2025-10-27 15:24:00+00:00,1320000000000.0,1.163939999999,1.163540000001,['4.66 USD'],-0.00034,-44.66 USD,True
BACKTESTER-001,MovingAverageCrossover-MA_CROSS,EUR/USD.IDEALPRO,IDEALPRO-001,O-20251027-154600-001-MA_CROSS-6138,O-20251027-160600-001-MA_CROSS-6141,BUY,FLAT,0.00,100000.00,1761579960000000000,2025-10-27 15:46:00+00:00,1761581160000000000,2025-10-27 16:06:00+00:00,1200000000000.0,1.163929999999,1.1632800000010002,['4.66 USD'],-0.00056,-69.66 USD,True
BACKTESTER-001,MovingAverageCrossover-MA_CROSS,EUR/USD.IDEALPRO,IDEALPRO-001,O-20251027-170200-001-MA_CROSS-6142,O-20251027-170200-001-MA_CROSS-6144,BUY,FLAT,0.00,100000.00,1761584520000000000,2025-10-27 17:02:00+00:00,1761614280000000000,2025-10-28 01:18:00+00:00,29760000000000.0,1.1638799999990002,1.16637,['4.66 USD'],0.00214,244.34 USD,True
BACKTESTER-001,MovingAverageCrossover-MA_CROSS,EUR/USD.IDEALPRO,IDEALPRO-001,O-20251028-060000-001-MA_CROSS-6145,O-20251028-074600-001-MA_CROSS-6148,SELL,FLAT,0.00,100000.00,1761631200000000000,2025-10-28 06:00:00+00:00,1761637560000000000,2025-10-28 07:46:00+00:00,6360000000000.0,1.166370000001,1.166039999999,['4.66 USD'],0.00028,28.34 USD,True
BACKTESTER-001,MovingAverageCrossover-MA_CROSS,EUR/USD.IDEALPRO,IDEALPRO-001,O-20251028-080200-001-MA_CROSS-6149,O-20251028-083200-001-MA_CROSS-6152,SELL,FLAT,0.00,100000.00,1761638520000000000,2025-10-28 08:02:00+00:00,1761640320000000000,2025-10-28 08:32:00+00:00,1800000000000.0,1.1653400000010001,1.166069999999,['4.66 USD'],-0.00063,-77.66 USD,True
BACKTESTER-001,MovingAverageCrossover-MA_CROSS,EUR/USD.IDEALPRO,IDEALPRO-001,O-20251028-090200-001-MA_CROSS-6153,O-20251028-094600-001-MA_CROSS-6156,SELL,FLAT,0.00,100000.00,1761642120000000000,2025-10-28 09:02:00+00:00,1761644760000000000,2025-10-28 09:46:00+00:00,2640000000000.0,1.165200000001,1.1658199999990002,['4.66 USD'],-0.00053,-66.66 USD,True
BACKTESTER-001,MovingAverageCrossover-MA_CROSS,EUR/USD.IDEALPRO,IDEALPRO-001,O-20251028-113000-001-MA_CROSS-6157,O-20251028-113000-001-MA_CROSS-6159,SELL,FLAT,0.00,100000.00,1761651000000000000,2025-10-28 11:30:00+00:00,1761656940000000000,2025-10-28 13:09:00+00:00,5940000000000.0,1.165560000001,1.16307,['4.66 USD'],0.00214,244.34 USD,True
BACKTESTER-001,MovingAverageCrossover-MA_CROSS,EUR/USD.IDEALPRO,IDEALPRO-001,O-20251028-140000-001-MA_CROSS-6160,O-20251028-140000-001-MA_CROSS-6162,BUY,FLAT,0.00,100000.00,1761660000000000000,2025-10-28 14:00:00+00:00,1761663660000000000,2025-10-28 15:01:00+00:00,3660000000000.0,1.163939999999,1.16643,['4.66 USD'],0.00214,244.34 USD,True
BACKTESTER-001,MovingAverageCrossover-MA_CROSS,EUR/USD.IDEALPRO,IDEALPRO-001,O-20251028-164600-001-MA_CROSS-6163,O-20251028-164600-001-MA_CROSS-6164,SELL,FLAT,0.00,100000.00,1761669960000000000,2025-10-28 16:46:00+00:00,1761670680000000000,2025-10-28 16:58:00+00:00,720000000000.0,1.1654100000010001,1.1664299999990002,['4.66 USD'],-0.00088,-106.66 USD,True
BACKTESTER-001,MovingAverageCrossover-MA_CROSS,EUR/USD.IDEALPRO,IDEALPRO-001,O-20251028-170000-001-MA_CROSS-6166,O-20251028-180000-001-MA_CROSS-6169,BUY,FLAT,0.00,100000.00,1761670800000000000,2025-10-28 17:00:00+00:00,1761674400000000000,2025-10-28 18:00:00+00:00,3600000000000.0,1.1667999999990002,1.166300000001,['4.66 USD'],-0.00043,-54.66 USD,True
BACKTESTER-001,MovingAverageCrossover-MA_CROSS,EUR/USD.IDEALPRO,IDEALPRO-001,O-20251028-190200-001-MA_CROSS-6170,O-20251028-194600-001-MA_CROSS-6173,BUY,FLAT,0.00,100000.00,1761678120000000000,2025-10-28 19:02:00+00:00,1761680760000000000,2025-10-28 19:46:00+00:00,2640000000000.0,1.1662899999990002,1.166030000001,['4.66 USD'],-0.00022,-30.66 USD,True
BACKTESTER-001,MovingAverageCrossover-MA_CROSS,EUR/USD.IDEALPRO,IDEALPRO-001,O-20251029-000200-001-MA_CROSS-6174,O-20251029-000200-001-MA_CROSS-6175,BUY,FLAT,0.00,100000.00,1761696120000000000,2025-10-29 00:02:00+00:00,1761701580000000000,2025-10-29 01:33:00+00:00,5460000000000.0,1.165879999999,1.164860000001,['4.66 USD'],-0.00087,-106.66 USD,True
BACKTESTER-001,MovingAverageCrossover-MA_CROSS,EUR/USD.IDEALPRO,IDEALPRO-001,O-20251029-033200-001-MA_CROSS-6177,O-20251029-063600-001-MA_CROSS-6180,SELL,FLAT,0.00,100000.00,1761708720000000000,2025-10-29 03:32:00+00:00,1761719760000000000,2025-10-29 06:36:00+00:00,11040000000000.0,1.1641900000010001,1.163199999999,['4.66 USD'],0.00085,94.34 USD,True
BACKTESTER-001,MovingAverageCrossover-MA_CROSS,EUR/USD.IDEALPRO,IDEALPRO-001,O-20251029-080400-001-MA_CROSS-6181,O-20251029-093200-001-MA_CROSS-6184,SELL,FLAT,0.00,100000.00,1761725040000000000,2025-10-29 08:04:00+00:00,1761730320000000000,2025-10-29 09:32:00+00:00,5280000000000.0,1.1631100000010002,1.1629699999990002,['4.66 USD'],0.00012,9.34 USD,True
BACKTESTER-001,MovingAverageCrossover-MA_CROSS,EUR/USD.IDEALPRO,IDEALPRO-001,O-20251029-113200-001-MA_CROSS-6185,O-20251029-115200-001-MA_CROSS-6188,SELL,FLAT,0.00,100000.00,1761737520000000000,2025-10-29 11:32:00+00:00,1761738720000000000,2025-10-29 11:52:00+00:00,1200000000000.0,1.163330000001,1.164209999999,['4.66 USD'],-0.00076,-92.66 USD,True
BACKTESTER-001,MovingAverageCrossover-MA_CROSS,EUR/USD.IDEALPRO,IDEALPRO-001,O-20251029-140400-001-MA_CROSS-6189,O-20251029-142200-001-MA_CROSS-6192,SELL,FLAT,0.00,100000.00,1761746640000000000,2025-10-29 14:04:00+00:00,1761747720000000000,2025-10-29 14:22:00+00:00,1080000000000.0,1.163430000001,1.164069999999,['4.66 USD'],-0.00055,-68.66 USD,True
BACKTESTER-001,MovingAverageCrossover-MA_CROSS,EUR/USD.IDEALPRO,IDEALPRO-001,O-20251029-170000-001-MA_CROSS-6193,O-20251029-170000-001-MA_CROSS-6195,SELL,FLAT,0.00,100000.00,1761757200000000000,2025-10-29 17:00:00+00:00,1761762960000000000,2025-10-29 18:36:00+00:00,5760000000000.0,1.1657100000010001,1.16322,['4.66 USD'],0.00214,244.34 USD,True
BACKTESTER-001,MovingAverageCrossover-MA_CROSS,EUR/USD.IDEALPRO,IDEALPRO-001,O-20251029-224800-001-MA_CROSS-6196,O-20251030-000000-001-MA_CROSS-6199,BUY,FLAT,0.00,100000.00,1761778080000000000,2025-10-29 22:48:00+00:00,1761782400000000000,2025-10-30 00:00:00+00:00,4320000000000.0,1.160509999999,1.1602900000010001,['4.64 USD'],-0.00019,-26.64 USD,False
